0.21665350
0.00530600
0.00536900
0.00467550
0.00510330
0.00530640
0.00523070
0.00545490
0.00487800
0.00503440
0.00479290
0.00497380
0.00522860
0.00514840
0.00544820
0.00516940
0.00506130
0.00518110
0.00491370
0.00458990
0.00458060
0.00489780
0.00512420
0.00512150
0.00472840
0.00480870
0.00487050
0.00505160
0.00514100
0.00498540
0.00498570
0.00459660
0.00454040
0.00524490
0.00497930
0.00482710
0.00462600
0.00489230
0.00491510
0.00497830
0.00512430
0.00495850
0.00493780
0.00493440
0.00527050
0.00459420
0.00428280
0.00418090
0.00415600
0.00432820
0.00437270
0.00427510
0.00415170
0.00416890
0.00427000
0.00423660
0.00441660
0.00440810
0.00475190
0.00438990
0.00452830
0.00473030
0.00474190
0.00483930
0.00471000
0.00455530
0.00475300
0.00471110
0.00458150
0.00437060
0.00440440
0.00428960
0.00410370
0.00452300
0.00433120
0.00449940
0.00451860
0.00446780
0.00447030
0.00448400
0.00454810
0.00492100
0.00415310
0.00404470
0.00413290
0.00412210
0.00396090
0.00408190
0.00393930
0.00419140
0.00410640
0.00404550
0.00424690
0.00429820
0.00411720
0.00416700
0.00402960
0.00403100
0.00421330
0.00405710
0.00432670
0.00418160
0.00429350
0.00433440
0.00431580
0.00439770
0.00434600
0.00460250
0.00395940
0.00427450
0.00453430
0.00442480
0.21550220
0.00399870
0.00450090
0.00427380
0.00396400
0.00392920
0.00407090
0.00438310
0.00464570
0.00410970
0.00412360
0.00438550
0.00429990
0.00444260
0.00437610
0.00421810
0.00420350
0.00418760
0.00450030
0.00438670
0.00404940
0.21492250
0.00417680
0.00441970
0.00425500
0.00427700
0.00428010
0.00439140
0.00447440
0.00428460
0.00428140
0.00423370
0.00418540
0.00437680
0.00423420
0.00424620
0.00429970
0.00413940
0.00439930
0.00431780
0.00413810
0.00409710
0.00396640
0.00385060
0.00404830
0.00465350
0.00418270
0.00407500
0.00417000
0.00433560
0.00413600
0.00420760
0.00406550
0.00411980
0.00416480
0.00421560
0.00435670
0.00431630
0.00411960
0.00402830
0.00413820
0.00407180
0.00406960
0.00430240
0.00434480
0.00424150
0.00422920
0.00415660
0.00406660
0.00409560
0.00392720
0.00413020
0.00390950
0.00422900
0.00429040
0.00419300
0.00417340
0.00416830
0.00387650
0.00416670
0.00413050
0.00410140
0.00408090
0.00412590
0.00406370
0.00412540
0.00408150
0.00410040
0.00386050
0.00388050
0.00413790
0.00395710
0.00408050
0.00415490
0.00401880
0.00414530
0.00377910
0.00374250
0.00425280
0.00423000
0.00415050
0.00443170
0.00412900
0.00427000
0.00385690
0.00393170
0.00440270
0.00406920
0.00412160
0.00382320
0.00387530
0.00416480
0.00422300
0.00428810
0.00436990
0.00420480
0.00434040
0.00434580
0.00417140
0.00398070
0.00433420
0.00416540
0.00428660
0.00434370
0.00406170
0.00395250
0.00605100
0.00443550
0.00425610
0.00435000
0.00421700
0.00434510
0.00404390
0.00452620
0.00408480
0.00385380
0.00404260
0.00422920
0.00421710
0.00416620
0.00405970
0.00402780
0.00406060
0.00421800
0.00410990
0.00420470
0.00393980
0.00431640
0.00436350
0.00429140
0.00438880
0.00423830
0.00425000
0.00405690
0.00421980
0.00441530
0.00413210
0.00408930
0.00440200
0.00426380
0.00406660
0.00425160
0.00415720
0.00442780
0.00416900
0.00419140
0.00400960
0.00416650
0.00438960
0.00405470
0.00393320
0.00431320
0.00465110
0.00452870
0.00420990
0.00440350
0.00439440
0.00410320
0.00417650
0.00383440
0.00396270
0.00418270
0.00442720
0.00426750
0.00403090
0.00404700
0.00443050
0.00410770
0.00423040
0.00417630
0.00409160
0.00437530
0.00433010
0.00432480
0.00427060
0.00406550
0.00386700
0.00378530
0.00408750
0.00424680
0.00416820
0.00400650
0.00379890
0.00394140
0.00418280
0.00386560
0.00387380
0.00401750
0.00417560
0.00420710
0.00426020
0.00410850
0.00405580
0.00397560
0.00398820
0.00404070
0.00426030
0.00395850
0.00419820
0.00441520
0.00413530
0.00426740
0.00427810
0.00415840
0.00416910
0.00412250
0.00421230
0.00394490
0.00411720
0.00457390
0.00453960
0.00451910
0.00438740
0.00422910
0.00426480
0.00417790
0.00413290
0.00467440
0.00398730
0.00381280
0.00383860
0.00382170
0.00406320
0.00445320
0.00437980
0.00427110
0.00413880
0.00400810
0.00397730
0.00411570
0.00427490
0.00425810
0.00422870
0.00418640
0.00439540
0.00424300
0.00434810
0.00418260
0.00392000
0.00406930
0.00425110
0.00398260
0.00414030
0.00413270
0.00404950
0.00414450
0.00407440
0.00420770
0.00419160
0.00406800
0.00437820
0.00403340
0.00409960
0.00393990
0.00402650
0.00390270
0.00412550
0.00400120
0.00411070
0.00378820
0.00376010
0.00395750
0.00398860
0.00407300
0.00422660
0.00410090
0.00400200
0.00409900
0.00412250
0.00426150
0.00389330
0.00414930
0.00445100
0.00449600
0.00393390
0.00414570
0.00411120
0.00485890
0.00438260
0.00431000
0.00423080
0.00422940
0.00430730
0.00430610
0.00429340
0.00417430
0.00401040
0.00431390
0.00399770
0.00423830
0.00403590
0.00404760
0.00428660
0.00447160
0.00437230
0.00411020
0.00403960
0.00383190
0.00397020
0.00399410
0.00433680
0.00410280
0.00431030
0.00420940
0.00399340
0.00422400
0.00409610
0.00426110
0.00433370
0.00420810
0.00422660
0.00424430
0.21502520
0.00411440
0.00379760
0.00386600
0.00402700
0.00408650
0.00403750
0.00424160
0.00397810
0.00413140
0.00394940
0.00416200
0.00400530
0.00409060
0.00393390
0.00414880
0.00383140
0.00397230
0.00433880
0.00438220
0.00442270
0.00422730
0.00418470
0.00435140
0.00406550
0.00394850
0.21858500
0.00373470
0.00430470
0.00403560
0.00405140
0.00383440
0.00405560
0.00390840
0.00382220
0.00379530
0.00382310
0.00400080
0.00395400
0.00421040
0.00403610
0.00407050
0.00414430
0.00408940
0.00420050
0.00415850
0.00417710
0.00390200
0.00405440
0.00403430
0.00411950
0.00402260
0.00431550
0.00420070
0.00439440
0.00426010
0.00403580
0.00404920
0.00438270
0.00404850
0.00439420
0.00415720
0.00405500
0.00437490
0.00488250
0.00484760
0.00452820
0.00452140
0.00408210
0.00415850
0.00432110
0.00433490
0.00439880
0.00410860
0.00413500
0.00427240
0.00424790
0.00449180
0.00449640
0.00436430
0.00437830
0.00435450
0.00423980
0.00455650
0.00438500
0.00434330
0.00421240
0.00441960
0.00461770
0.00444240
0.00427610
0.00458870
0.00444330
0.00452490
0.00419850
0.00418420
0.00424600
0.00410510
0.00457340
0.00423430
0.00406930
0.00429560
0.00382450
0.00398350
0.00389630
0.00388580
0.00421010
0.00437440
0.00416560
0.00395560
0.00410330
0.00419480
0.00423530
0.00417570
0.00438470
0.00417750
0.00437120
0.00402610
0.00397230
0.00408420
0.00405640
0.00414390
0.00398870
0.00411870
0.00430220
0.00404780
0.00405330
0.00422150
0.00418510
0.00421270
0.00405230
0.00407120
0.00421580
0.00430470
0.00417800
0.00428950
0.00413630
0.00435180
0.00426820
0.00416640
0.00405010
0.00415570
0.00416430
0.00406760
0.00412690
0.00414100
0.00399040
0.00418850
0.00413560
0.00420990
0.00388390
0.00411470
0.00428220
0.00435080
0.00426110
0.00415690
0.00412700
0.00430190
0.00413460
0.00406700
0.00444850
0.00420720
0.00430500
0.00401570
0.00382450
0.00402550
0.00395430
0.00395300
0.00399730
0.00403860
0.00390420
0.00392760
0.00436060
0.00417400
0.00409880
0.00404610
0.00416050
0.00407830
0.00395880
0.00430010
0.00443580
0.00430890
0.00404630
0.00403690
0.00438090
0.00392050
0.00403260
0.00419540
0.00392140
0.00435660
0.00395420
0.00447780
0.00440890
0.00426030
0.00435210
0.00422860
0.00408650
0.00452890
0.00441020
0.00428850
0.00425120
0.00406010
0.00424300
0.00430710
0.00431760
0.00435210
0.00459220
0.00470110
0.00462860
0.00436690
0.00464980
0.00449030
0.00449500
0.00451490
0.00426280
0.00427280
0.00419790
0.00428300
0.00403280
0.00398300
0.00410620
0.00447910
0.00437440
0.00446720
0.00446920
0.00414090
0.00423360
0.00438560
0.00433900
0.00423320
0.00436340
0.00431560
0.00422040
0.00460690
0.00542830
0.00485790
0.00414730
0.00481510
