0.22205040
0.00507930
0.00496840
0.00484740
0.00496300
0.00501480
0.00492570
0.00481460
0.00518960
0.00488220
0.00501960
0.00486990
0.00481410
0.00514790
0.00497400
0.00491330
0.00480200
0.00476420
0.00463830
0.00499610
0.00504980
0.00465180
0.00488960
0.00452580
0.00463860
0.00484700
0.00490790
0.00509650
0.00496340
0.00498520
0.00498640
0.00497050
0.00542710
0.00495700
0.00489070
0.00566630
0.00510390
0.00497840
0.00514580
0.00495550
0.00468480
0.00460540
0.00466280
0.00487350
0.00475360
0.00497660
0.00478320
0.00484130
0.00467380
0.00471020
0.00472800
0.00439710
0.00483450
0.00434890
0.00487340
0.00448510
0.00441200
0.00436500
0.00453780
0.00446780
0.00477240
0.00441540
0.00448020
0.00430080
0.00437520
0.00466900
0.00459020
0.00466710
0.00453030
0.00437760
0.00486640
0.00477420
0.00452080
0.00433920
0.00460520
0.00435210
0.00488240
0.00448360
0.00443320
0.00438540
0.00414650
0.00414460
0.00424560
0.00436910
0.00430760
0.00430580
0.00420840
0.00435830
0.00425890
0.00426340
0.00401550
0.00424820
0.00426080
0.00409970
0.00428510
0.00409320
0.00429550
0.00438330
0.00395440
0.00411840
0.00429900
0.00418350
0.00426500
0.00438940
0.00427160
0.00407690
0.00443380
0.00438850
0.00409090
0.00412140
0.00463180
0.00414190
0.00432320
0.00406690
0.00389540
0.00386020
0.00420690
0.00426600
0.00436150
0.00410710
0.00429690
0.00420900
0.00429890
0.00455740
0.00467780
0.00436000
0.00418090
0.00435000
0.00413470
0.00404220
0.00417240
0.00459200
0.00418530
0.00404920
0.00418960
0.00393240
0.00445790
0.00452810
0.00428900
0.00425160
0.00433090
0.00424000
0.00435770
0.00378500
0.00409240
0.00420060
0.00393500
0.00425840
0.00410710
0.00424340
0.00396620
0.00402430
0.00412520
0.00420970
0.00428230
0.00429650
0.00447880
0.00416770
0.00415160
0.00442540
0.00420650
0.00430940
0.00431960
0.00431720
0.00411340
0.00404490
0.00434960
0.00456480
0.00462140
0.00439310
0.00432360
0.00408490
0.00443230
0.00432900
0.00438840
0.00447530
0.00435250
0.00418200
0.00442440
0.00431520
0.00470100
0.00425850
0.00479540
0.00414260
0.00445890
0.00427730
0.00414780
0.00467430
0.00457920
0.00452210
0.00448130
0.00446170
0.00444190
0.00455490
0.00436070
0.00419580
0.00461680
0.00501290
0.00412100
0.00417210
0.00458940
0.00426130
0.00469010
0.00482070
0.00467290
0.00450550
0.00469470
0.00454560
0.00468050
0.00448650
0.00455870
0.00459620
0.00410770
0.00417170
0.00477950
0.00477890
0.00417900
0.00411760
0.00462610
0.00464400
0.00474910
0.00444630
0.00468890
0.00453620
0.00433330
0.00522410
0.00484920
0.00465270
0.00479420
0.00446040
0.00457670
0.00445170
0.00450490
0.00451310
0.00455850
0.00487910
0.00479220
0.00437120
0.00448340
0.00457680
0.00466350
0.00479080
0.00472240
0.00453340
0.00499270
0.00501140
0.00474620
0.00487450
0.00490040
0.00492850
0.00512070
