0.23427760
0.00882830
0.00766290
0.00785420
0.00812500
0.00765830
0.00797330
0.00788270
0.00799080
0.00688400
0.00673960
0.00661880
0.00656170
0.00652960
0.00678690
0.00651950
0.00645520
0.00605390
0.00618320
0.00671120
0.00651060
0.00650880
0.00636600
0.00689850
0.00533950
0.00475780
0.00482260
0.00477620
0.00538990
0.00445060
0.00491490
0.00486460
0.00440180
0.00487060
0.00478320
0.00442720
0.00479190
0.00461360
0.00458300
0.00473500
0.00462160
0.00471070
0.00482170
0.00455300
0.00449280
0.00443240
0.00425320
0.00420100
0.00443580
0.00402160
0.00412080
0.00420280
0.00426320
0.00421630
0.00395870
0.00380420
0.00401530
0.00399640
0.00413350
0.00427300
0.00458230
0.00404110
0.00430260
0.00441240
0.00431070
0.00381500
0.00372650
0.00384730
0.00376480
0.00379820
0.00396420
0.00430370
0.00416760
0.00426300
0.00411790
0.00430290
0.00426000
0.00418100
0.00398680
0.00411510
0.00394200
0.00389440
0.00424650
0.00429420
0.00412650
0.00416840
0.00414980
0.00467270
0.00428110
0.00438820
0.00430360
0.00413470
0.00437650
0.00430770
0.00429030
0.00444230
0.22096880
0.00453950
0.00416860
0.00466010
0.00442920
0.00448850
0.00450400
0.00443310
0.00430640
0.00403150
0.00452790
0.00433420
0.00447150
0.00430340
0.00458910
0.00398420
0.00472460
0.00412420
0.00438990
0.00454170
0.00433360
0.00433730
0.00462490
0.00428710
0.00445630
0.00439090
0.00437970
0.00429890
0.00440170
0.00424470
0.00463540
0.00419750
0.00451650
0.00464740
0.00447020
0.00468390
0.00467980
0.00417870
0.00436330
0.00420600
0.00444840
0.00435530
0.00414010
0.00417290
