0.21580180
0.00482720
0.00500270
0.00449520
0.00446210
0.00432920
0.00427600
0.00416680
0.00475060
0.00420000
0.00463040
0.00418300
0.00464050
0.00451730
0.00480400
0.00449900
0.00423650
0.00421940
0.00442560
0.00397450
0.00386820
0.00398660
0.00392240
0.00418900
0.00382490
0.00424510
0.00443420
0.00407270
0.00384460
0.00403610
0.00430030
0.00407280
0.00392240
0.00399270
0.00396460
0.00406540
0.00368840
0.00406060
0.00367150
0.00391160
0.00422900
0.00422450
0.00395720
0.00401170
0.00429250
0.00399500
0.00403160
0.00411220
0.00386250
0.00390820
0.00383250
0.00402850
0.00379510
0.00409570
0.00411320
0.00393180
0.00402880
0.00410520
0.00398750
0.00401350
0.00414270
0.00409700
0.00469190
0.00433840
0.00421660
0.00407680
0.00418520
0.00407950
0.00401430
0.00428250
0.00414030
0.00382990
0.00399890
0.00413840
0.00411480
0.00390710
0.00386180
0.00402570
0.00403510
0.00419990
0.00409270
0.00385610
0.00391930
0.00418850
0.00409850
0.00401260
0.00506340
0.00411210
0.00392340
0.00383930
0.00401180
0.00424810
0.00382140
0.00420870
0.00413690
0.00410590
0.00389680
0.00386700
0.00394100
0.00463430
0.00389770
0.00388120
0.00378360
0.00397000
0.00425600
0.00399330
0.00369100
0.00399990
0.00392650
0.00384670
0.00394640
0.00372770
0.00378150
0.00401010
0.00373510
0.00366330
0.00377430
0.00422550
0.00394940
0.00380190
0.00365940
0.00392920
0.00371150
0.00364330
0.00441600
0.00400030
0.00386090
0.00383010
0.00372310
0.00378290
0.00397980
0.00426920
0.00397790
0.00381990
0.00398500
0.00410520
0.00419780
0.00373350
0.00373390
0.00424670
0.00404250
0.00391410
0.00426460
0.00401150
0.00392710
0.00417550
0.00416560
0.00444130
0.00461150
0.00411210
0.00369550
0.00364340
0.00377880
0.00461190
0.00386400
0.00409970
0.00409370
0.00411180
0.00430630
0.00395960
0.00372360
0.00375780
0.00372820
0.00448130
0.00371520
0.00363900
0.00419680
0.00430790
0.00409330
0.00418680
0.00414920
0.00401530
0.00429490
0.00409830
0.00374180
0.00391300
0.00425590
0.00381690
0.00382920
0.00413160
0.00394360
0.00423840
0.00407890
0.00399830
0.00373880
0.00366180
0.00423870
0.00403560
0.00415830
0.00420460
0.00399350
0.00383240
0.00386090
0.00386780
0.00382050
0.00404080
0.00397490
0.00388890
0.00385670
0.00383290
0.00402690
0.00424650
0.00455610
0.00443070
0.00400350
0.00428420
0.00452340
0.00503710
0.00464870
0.00469930
0.00466050
0.00426050
0.00452830
0.00436670
0.00425960
0.00428080
0.00422860
0.00405140
0.00447520
0.00455490
0.00457180
0.00464200
0.00404980
0.00424420
0.00449760
0.00515480
0.00493040
0.00460210
0.00443860
0.00419450
0.00459170
0.00443760
0.00463730
0.00462750
0.00451210
0.00460360
0.00426430
0.00416340
0.00448790
0.00463570
0.00424710
0.00421780
0.00438920
0.00418520
0.00435840
0.00454680
0.00430840
0.00450480
0.00413600
0.00423120
0.00421140
0.00423360
0.00436420
0.00428220
0.00444480
0.00412590
0.00449670
0.00437700
0.00424000
0.00427270
0.00435010
0.00426310
0.00425810
0.00414910
0.00443050
0.00473240
0.00427440
0.00436320
0.00453090
0.00432850
0.00430620
0.00467320
0.00469340
0.00449970
0.00439170
0.00437340
0.00432160
0.00421510
0.00465680
0.00438850
0.00434080
0.00430870
0.00459030
0.00430950
0.00415200
0.00418590
0.00407580
0.00413270
0.00419240
0.00416100
0.00444330
0.00437350
0.00434530
0.00440620
0.00440250
0.00415410
0.00411730
0.00445220
0.00462440
0.00446320
0.00443110
0.00462990
0.00441850
0.00432150
0.00419350
0.00422840
0.00514260
0.00449230
0.00454790
0.00448850
0.00440940
0.00448430
0.00488840
0.00446520
0.00449160
0.00433930
0.00447140
0.00450100
0.00470140
0.00448120
0.00447120
0.00448340
0.00463170
0.00452910
0.00468370
0.00457550
0.00461870
0.00482150
0.00467610
0.00438710
0.00437540
0.00434800
0.00478080
0.00462110
0.00456510
0.00439990
0.00457080
0.00436050
0.00458340
0.00456750
0.00473500
0.00436230
0.00432160
0.00424000
0.00464590
0.00475390
0.00420610
0.00421040
0.00420620
0.00426070
0.00470340
0.00459030
0.00450850
0.00448740
0.00459840
0.00460100
0.00463550
0.00457460
0.00475180
0.00458720
0.00461100
0.00456270
0.00535040
0.00574770
0.00473210
0.00484680
0.00454590
0.00463880
0.00440580
0.00460150
0.00439570
0.00437210
0.00460170
0.00461330
0.00484430
0.00466710
0.00505150
0.00461730
0.00453470
0.00428680
0.00431310
0.00509370
0.00472260
0.00454750
0.00435550
0.00455220
0.00439720
0.00470180
0.00463100
0.00438130
0.00470970
0.00475570
0.00479560
0.00471140
0.00484010
0.00465760
0.00461640
0.00463070
0.00491880
0.00456660
0.00472120
0.00452500
