0.21151910
0.00454030
0.00428320
0.00436640
0.00433110
0.00427780
0.00418310
0.00417250
0.00417800
0.00425630
0.00456950
0.00433950
0.00405350
0.00393280
0.00395420
0.00413620
0.00427830
0.00432440
0.00430540
0.00393610
0.00383740
0.00403300
0.00401440
0.00403060
0.00415960
0.00392880
0.00405360
0.00438530
0.00431280
0.00418950
0.00384480
0.00396050
0.00402420
0.00404540
0.00421130
0.00408470
0.00396700
0.00436130
0.00417720
0.00401880
0.00403610
0.00408060
0.00430090
0.00426950
0.00423150
0.00402120
0.00430910
0.00424760
0.00389970
0.00391080
0.00387370
0.00385160
0.00393270
0.00387910
0.00382790
0.00391260
0.00411900
0.00416290
0.00437010
0.00409460
0.00404760
0.00375240
0.00368510
0.00372050
0.00392590
0.00387820
0.00381800
0.00378420
0.00376440
0.00381180
0.00379610
0.00380300
0.00378150
0.00413020
0.00375580
0.00393760
0.00394860
0.00393170
0.00401070
0.00373720
0.00380740
0.00395910
0.00396280
0.00390650
0.00410380
0.00432440
0.00368130
0.00383180
0.00376020
0.00369650
0.00364010
0.00351220
0.00390840
0.00380890
0.00375310
0.00374240
0.00379550
0.00415910
0.00394410
0.00398750
0.00393550
0.00391480
0.00382850
0.00363060
0.00361230
0.00356410
0.00355860
0.00362210
0.00360460
0.00359570
0.00362090
0.00359080
0.00394960
0.00402930
0.00392190
0.00381180
0.00373370
0.00386220
0.00371350
0.00368310
0.00369900
0.00364340
0.00396890
0.00386910
0.00372730
0.00378050
0.00370590
0.00368950
0.00395710
0.00412550
0.00390430
0.00372660
0.00369710
0.00379630
0.00381050
0.00373590
0.00373660
0.00383340
0.00373840
0.00374200
0.00351670
0.00348750
0.00355240
0.00380260
0.00381010
0.00376050
0.00359670
0.00349130
0.00348460
0.00402190
0.00397960
0.00374430
0.00423330
0.00404160
0.00435400
0.00427610
0.00421020
0.00408400
0.00390880
0.00366480
0.00401330
0.00364140
0.00368480
0.00408870
0.00392750
0.00363720
0.00356680
0.00364970
0.00364510
0.00378670
0.00367610
0.00366400
0.00355950
0.00351900
0.00400180
0.00422730
0.00374650
0.00390910
0.00450070
0.00402250
0.00359580
0.00352960
0.00350520
0.00367240
0.00383540
0.00354920
0.00367690
0.00373050
0.00367650
0.00378430
0.00360700
0.00377340
0.00363270
0.00380810
0.00372070
0.00373220
0.00374650
0.00373470
0.00375590
0.00375620
0.00381120
0.00471830
0.00413600
0.00411900
0.00381610
0.00361710
0.00376770
0.00398080
0.00388770
0.00390490
0.00389040
0.00386030
0.00380290
0.00383030
0.00374540
0.00369570
0.00374310
0.00367200
0.00356470
0.00354950
0.00358990
0.00368210
0.00367600
0.00363140
0.00371640
0.00376020
0.00373560
0.00383050
0.00377670
0.00353030
0.00353480
0.00353240
0.00369410
0.00377220
0.00383860
0.00385270
0.00382200
0.00359430
0.00362890
0.00377320
0.00367930
0.00371940
0.00371090
0.00369180
0.00372880
0.00391970
0.00374270
0.00396890
0.00420660
0.00380810
0.00403360
0.00384330
0.00371270
0.00393340
0.00367040
0.00378260
0.00411470
0.00401330
0.00377220
0.00379870
0.00393560
0.00391500
0.00387360
0.00380710
0.00384400
0.00397200
0.00398530
0.00371930
0.00382940
0.00381060
0.00421180
0.00434320
0.00405840
0.00404760
0.00378290
0.00394890
0.00379920
0.00388260
0.00389610
0.00394980
0.00394180
0.00383040
0.00390310
0.00397260
0.00380280
0.00385680
0.00398100
0.00397410
0.00392140
0.00396230
0.00359580
0.00355350
0.00361470
0.00361320
0.00377540
0.00407480
0.00393650
0.00380590
0.00380750
0.00386410
0.00409880
0.00389770
0.00357390
0.00396280
0.00418940
0.00369880
0.00362530
0.00361730
0.00351440
0.00350410
0.00353420
0.00355940
0.00372890
0.00381230
0.00353560
0.00384130
0.00451170
0.00389750
0.00374650
0.00356920
0.00348350
0.00348050
0.00355390
0.00351260
0.00356040
0.00358860
0.00362350
0.00372950
0.00379430
0.00376680
0.00374150
0.00396060
0.00368610
0.00382270
0.00361260
0.00356570
0.00363900
0.00365250
0.00364720
0.00361230
0.00424140
0.00390060
0.00378060
0.00397350
0.00398920
0.00375270
0.00372640
0.00351260
0.00352280
0.00476560
0.00425350
0.00411590
0.00390710
0.00377450
0.00378230
0.00380550
0.00380510
0.00386480
0.00382500
0.00393750
0.00388860
0.00397810
0.00386210
0.00395020
0.00395000
0.00399320
0.00403700
0.00374650
0.00401970
0.00426700
0.00392060
0.00420450
0.00409350
0.00392370
0.00391420
0.00383560
0.00397350
0.00407340
0.00356890
0.00367990
0.00400580
0.00391730
0.00379560
0.00400730
0.00388820
0.00406800
0.00396680
0.00391180
0.00383630
0.00370690
0.00388730
0.00435720
0.00418160
0.00384940
0.00358720
0.00360830
0.00410810
0.00373670
0.00362350
0.00362140
0.00382390
0.00387570
0.00399480
0.00409770
0.00394360
0.00405110
0.00391530
0.00393990
0.00380330
0.00405720
0.00400820
0.00403100
0.00399690
0.00387530
0.00391610
0.00392560
0.00392290
0.00409980
0.00388440
0.00387520
0.00384900
0.00387010
0.00379480
0.00378040
0.00388250
0.00415400
0.00411450
0.00394530
0.00398290
0.00375760
0.00391070
0.00399150
0.00397660
0.00395190
0.00394650
0.00385480
0.00390080
0.00401010
0.00387160
0.00388390
0.00359770
0.00364880
0.00408580
0.00394750
0.00382250
0.00379140
0.00358490
0.00352770
0.00387180
0.00378330
0.00398120
0.00394690
0.00378100
0.00386170
0.00387260
0.00380530
0.00408920
0.00398970
0.00389200
0.00422960
0.00403050
0.00423050
0.00363250
0.00353780
0.00374530
0.00377050
0.00392360
0.00365120
0.00358220
0.00377680
0.00374530
0.00374190
0.00371980
0.00367940
0.00354470
0.00364020
0.00371160
0.00367880
0.00438030
0.00384960
0.00385190
0.00394730
0.00381150
0.00366210
0.00397060
0.00399820
0.00396720
0.00418060
0.00406480
0.00396350
0.00374790
0.00373520
0.00393820
0.00383610
0.00397060
0.00391010
0.00379140
0.00388220
0.00384780
0.00400450
0.00397220
0.00403970
0.00392280
0.00391310
0.00403040
0.00403820
0.00403070
0.00404200
0.00412620
0.00399020
0.00391450
0.00381340
0.00398120
0.00397530
0.00404740
0.00360810
0.00380630
0.00390470
0.00411110
0.00389870
0.00410860
0.00413410
0.00454900
0.00422450
0.00402610
0.00386400
0.00382740
0.00359640
0.00359070
0.00370410
0.00362120
0.00363940
0.00361380
0.00362710
0.00378240
0.00401290
0.00402000
0.00396240
0.00407620
0.00389600
0.00394830
0.00406810
0.00414910
0.00396730
0.00410400
0.00400670
0.00388160
0.00378510
0.00430630
0.00809980
0.00857870
0.00572500
0.00485370
0.00442490
0.00489760
0.00438130
0.00456380
0.00456400
0.00472200
0.00486710
0.00448510
0.00470090
0.00492680
0.00483140
0.00491910
0.00479360
0.00515020
0.00509440
0.00501010
0.00521730
0.00555540
0.00483160
0.00509820
0.00520460
0.00513640
0.00517800
0.00520620
0.00483930
0.00502990
0.00451010
0.00473690
0.00487720
0.00484750
0.00469500
0.00498750
0.00516990
0.00493530
0.00489680
0.00489260
0.00504830
0.00516250
0.00501300
0.00486630
0.00433200
0.00446030
0.00415910
0.00533900
0.00516320
0.00555290
0.00535850
0.00528900
0.00479200
0.00548090
0.00522550
0.00537590
0.00515700
0.00561160
0.00528360
0.00513860
0.00510720
0.00484690
0.00503780
0.00457020
0.00433960
0.00455720
0.00410310
0.00500400
0.00562850
0.00500150
0.00474010
0.00485020
0.00456190
0.00535190
0.00466970
0.00494140
0.00462450
0.00498640
0.00470300
0.00486540
0.00489120
0.00470720
0.00493620
0.00452030
0.00464620
0.00476490
0.00418010
0.00418770
0.00447690
0.00459740
0.00492970
0.00462620
0.00494260
0.00456290
0.00477260
0.00491200
0.00466710
0.00491730
0.00438470
0.00410550
0.00397390
0.00413080
0.00397780
0.00399400
0.00392330
0.00386880
0.00394150
0.00398370
0.00396990
0.00397880
0.00404080
0.00404750
0.00395440
0.00409710
0.00422110
0.00416900
0.00409760
0.00401430
0.00431270
0.00400160
0.00410590
0.00399220
0.00417490
0.00407680
0.00390670
0.00410230
0.00398820
0.00418430
0.00404870
0.00406120
0.00395490
0.00397680
0.00387250
