0.21609560
0.00564280
0.00545790
0.00534760
0.00516630
0.00558440
0.00522580
0.00513780
0.00514300
0.00531010
0.00517100
0.00563130
0.00544930
0.00504700
0.00531580
0.00509950
0.00529710
0.00563640
0.00550730
0.00537770
0.00556010
0.00546720
0.00561330
0.00521400
0.00556450
0.00528890
0.00517100
0.00519260
0.00534150
0.00548220
0.00549240
0.00532100
0.00542240
0.00554800
0.00549990
0.00506020
0.00513470
0.00508660
0.00517990
0.00521700
0.00580850
0.00525590
0.00540830
0.00525850
0.00497930
0.00488010
0.00517440
0.00511130
0.00513540
0.00448350
0.00415790
0.00412850
0.00477840
0.00466160
0.00474800
0.00460420
0.00467130
0.00439970
0.00453170
0.00449890
0.00458710
0.00445930
0.00444470
0.00476180
0.00462140
0.00460840
0.00474930
0.00461130
0.00466620
0.00431660
0.00498130
0.00485150
0.00469480
0.00461240
0.00459650
0.00485140
0.00489430
0.00464610
0.00460540
0.00489970
0.00430350
0.00435840
0.00448700
0.00483230
0.00487680
0.00439290
0.00410590
0.00407350
0.00447810
0.00436140
0.00402350
0.00399940
0.00397480
0.00395100
0.00403310
0.00441220
0.00431040
0.00407550
0.00444940
0.00437180
0.00430730
0.00435030
0.00441240
0.00432810
0.00446800
0.00439240
0.00431910
0.00405730
0.00402650
0.00396110
0.00391680
0.00392040
0.00399690
0.00409490
0.00412410
0.00403500
0.00396850
0.00386300
0.00417090
0.00387650
0.00392080
0.00383450
0.00385870
0.00379580
0.00379560
0.00376960
0.00377660
0.00421250
0.00444400
0.00460700
0.00388840
0.00382090
0.00380010
0.00450220
0.00411950
0.00388470
0.00417990
0.00418100
0.00399220
0.00414400
0.00453010
0.00447610
0.00420940
0.00405380
0.00403410
0.00397540
0.00414700
0.00429930
0.00423080
0.00442500
0.00415860
0.00402920
0.00400790
0.00403200
0.00399680
0.00396700
0.00409290
0.00405540
0.00406450
0.00402290
0.00426520
0.00384140
0.00378250
0.00375080
0.00427210
0.00431780
0.00427500
0.00441480
0.00388550
0.00387470
0.00408470
0.00402540
0.00405300
0.00389800
0.00388430
0.00385520
0.00400950
0.00416390
0.00410620
0.00410990
0.00414010
0.00430510
0.00419670
0.00409250
0.00403810
0.00394540
0.00463030
0.00416730
0.00421530
0.00411420
0.00409130
0.00401540
0.00394740
0.00396150
0.00399620
0.00399580
0.00410900
0.00410450
0.00488170
0.00428270
0.00405530
0.00419740
0.00416150
0.00412690
0.00416720
0.00429550
0.00431780
0.00407230
0.00406850
0.00397920
0.00380310
0.00375560
0.00378030
0.00381970
0.00378010
0.00391170
0.00459750
0.00416130
0.00429790
0.00499910
0.00423990
0.00403520
0.00425990
0.00409960
0.00402470
0.00422260
0.00432020
0.00429940
0.00425730
0.00406690
0.00452040
0.00425170
0.00429890
0.00436610
0.00432790
0.00406520
0.00421430
0.00410040
0.00433810
0.00403580
0.00425980
0.00380100
0.00373370
0.00380870
0.00461890
0.00414860
0.00432030
0.00383630
0.00380960
0.00378640
0.00432140
0.00384700
0.00387920
0.00419400
0.00425990
0.00414820
0.00428960
0.00434080
0.00432460
0.00439850
0.00432820
0.00404510
0.00408260
0.00384120
0.00398860
0.00415500
0.00407070
0.00421970
0.00435970
0.00431720
0.00435940
0.00411950
0.00404900
0.00422750
0.00436280
0.00395420
0.00443280
0.00418390
0.00420040
0.00433110
0.00434640
0.00416110
0.00420910
0.00418780
0.00421420
0.00388890
0.00378730
0.00373720
0.00377540
0.00377330
0.00377140
0.00395360
0.00417290
0.00397200
0.00452360
0.00429610
0.00431410
0.00430030
0.00456260
0.00401990
0.00424150
0.00412220
0.00413720
0.00388900
0.00406160
0.00435910
0.00422810
0.00422760
0.00420990
0.00414490
0.00416450
0.00430570
0.00531440
0.00442480
0.00412210
0.00418370
0.00426020
0.00438030
0.00422330
0.00436940
0.00444980
0.00425530
0.00423500
0.00442440
0.00451460
0.00417950
0.00422860
0.00449100
0.00453950
0.00421600
0.00423020
0.00482390
0.00431020
0.00427600
0.00394560
0.00393180
0.00413370
0.00408320
0.00422630
0.00397400
0.00438600
0.00416720
0.00444660
0.00415910
0.00433230
0.00419740
0.00419120
0.00407070
0.00409360
0.00402590
0.00442780
0.00440030
0.00439830
0.00420510
0.00426910
0.00436990
0.00412170
0.00414990
0.00418710
0.00394710
0.00396630
0.00434310
0.00434920
0.00427110
0.00412890
0.00411050
0.00433450
0.00412000
0.00411020
0.00413040
0.00458590
0.00429080
0.00452840
0.00447240
0.00428300
0.00420740
0.00444800
0.00441710
0.00430850
0.00434770
0.00433340
0.00429870
0.00409420
0.00406530
0.00399370
0.00400270
0.00400260
0.00397950
0.00398190
0.00409650
0.00443160
0.00449600
0.00438980
0.00430240
0.00411180
0.00429680
0.00452870
0.00422610
0.00476710
0.00444540
0.00444280
0.00462920
0.00427520
0.00425760
0.00464890
0.00426080
0.00436890
0.00446620
0.00475040
0.00453580
0.00423740
0.00421740
0.00430910
0.00407880
0.00402440
0.00423600
0.00491850
0.00420620
0.00439160
0.00417440
0.00417290
0.00418690
0.00415060
0.00419860
0.00413840
0.00416690
0.00440180
0.00404470
0.00449710
0.00392350
0.00444350
0.00395370
0.00392670
0.00386740
0.00397960
0.00448360
0.00418910
0.00411170
0.00418700
0.00409200
0.00407250
0.00401240
0.00397790
0.00399000
0.00471180
0.00413160
0.00407000
0.00397480
0.00409620
0.00404510
0.00408410
0.00403170
0.00417250
0.00422880
0.00429990
0.00386880
0.00378640
0.00381040
0.00379550
0.00372200
0.00373230
0.00427030
0.00416450
0.00409510
0.00392900
0.00397620
0.00386810
0.00368820
0.00427540
0.00434330
0.00433320
0.00424900
0.00427610
0.00394760
0.00394770
0.00392930
0.00402940
0.00394570
0.00388620
0.00406030
0.00397710
0.00391990
0.00391880
0.00388610
0.00394700
0.00389870
0.00390550
0.00388250
0.00376480
0.00415720
0.00409050
0.00402880
0.00398400
0.00402130
0.00374030
0.00371960
0.00412680
0.00385740
0.00372480
0.00384730
0.00408510
0.00372470
0.00379900
0.00372910
0.00371620
0.00372180
0.00365340
0.00362090
0.00371650
0.00402700
0.00423310
0.00403390
0.00402410
0.00410550
0.00415180
0.00401970
0.00391380
0.00422790
0.00422740
0.00415680
0.00413820
0.00394680
0.00391180
0.00382100
0.00372280
0.00371920
0.00381730
0.00411330
0.00389560
0.00396070
0.00413940
0.00411140
0.00408830
0.00394940
0.00446030
0.00421120
0.00399210
0.00424650
0.00420270
0.00413220
0.00387690
0.00400220
0.00412980
0.00430650
0.00420570
0.00414680
0.00394090
0.00377890
0.00439850
0.00404690
0.00407340
0.00414500
0.00423600
0.00420080
0.00396540
0.00392430
0.00410910
0.00401210
0.00418960
0.00403570
0.00422560
0.00411980
0.00407360
0.00400940
0.00398720
0.00425830
0.00413970
0.00478080
0.00395970
0.00394730
0.00441020
0.00418660
0.00433710
0.00441790
0.00437870
0.00419810
0.00440030
0.00443280
0.00427850
0.00391310
0.00391640
0.00421190
0.00416700
0.00417730
0.00443980
0.00435690
0.00476370
0.00467240
0.00469170
0.00514090
0.00477830
0.00496360
0.00497330
0.00438460
0.00472840
0.00476090
0.00467850
0.00471340
0.00468220
0.00462210
0.00490720
0.00469810
0.00459310
0.00450620
0.00449530
0.00462550
0.00470620
0.00476560
0.00469880
0.00441080
0.00412680
0.00398240
0.00397400
0.00414470
0.00459110
0.00439330
0.00439130
0.00433830
0.00409370
0.00414360
0.00419490
0.00423650
0.00412990
0.00437050
0.00442960
0.00442520
0.00445880
0.00404150
0.00411190
0.00451500
0.00472290
0.00429840
0.00413070
0.00416050
0.00408510
0.00400340
0.00428790
0.00424110
0.00407890
0.00403930
0.00398530
0.00414960
0.00438420
0.00416890
0.00402140
0.00410560
0.00396000
0.00413550
0.00450020
0.00427690
0.00432430
0.00439350
0.00434990
0.00409090
0.00408040
0.00422060
0.00415790
0.00398660
0.00399350
0.00391390
0.00390280
