0.27254130
0.02352990
0.01722840
0.01661480
0.01677500
0.01632450
0.01614070
0.01690190
0.01647070
0.01672210
0.01682470
0.01659700
0.01652370
0.01629890
0.01666480
0.00660170
0.00666180
0.00609520
0.00655570
0.00602540
0.00605060
0.00635390
0.00642980
0.00636120
0.00663840
0.00661170
0.00606880
0.00639730
0.00653050
0.00667660
0.00681120
0.00690880
0.00702250
0.00650600
0.00628990
0.00686110
0.00708420
0.00718000
0.00709690
0.00698730
0.00655620
0.00653100
0.00650350
0.00601290
0.00635370
0.00604430
0.00604530
0.00652070
0.00598470
0.00657280
0.00670790
0.00663760
0.00654810
0.00712320
0.00694650
0.00691180
0.00661450
0.00649330
0.00612390
0.00608210
0.00593490
0.00613710
0.00691900
0.00693570
0.00662970
0.00689390
0.00649690
0.00682570
0.00640860
0.00673120
0.00666740
0.00712280
0.00696720
0.00690270
0.00651090
0.00614240
0.00754750
0.00626290
0.00613820
0.00587910
0.00650970
0.00624530
0.00622410
0.00616510
0.00674690
0.00671940
0.00649410
0.00645840
0.00665840
0.00673400
0.00683190
0.00648260
0.00599550
0.00595760
0.00646800
0.00613000
0.00651560
0.00634080
0.00594720
0.00615420
0.00648630
0.00647120
0.00625830
0.00626130
0.00662610
0.00672950
0.00664960
0.00620160
0.00682030
0.00636990
0.00681910
0.00658750
0.00601600
0.00659180
0.00682020
0.00653950
0.00663370
0.00654400
0.00666530
0.00661880
0.00696290
0.00680370
0.00645080
0.00604440
0.00596830
0.00580980
0.00678550
0.00626430
0.00637500
0.00628800
0.00612190
0.00664050
0.00646170
0.00627830
0.00620420
0.00572290
0.00632470
0.00635870
0.00607270
0.00582330
0.00653620
0.00633310
0.00592540
0.00568950
0.00593490
0.00648720
0.00608000
0.00623410
0.00664370
0.00653510
0.00586500
0.00667300
0.00655550
0.00660490
0.00602780
0.00662010
0.00607560
0.00596890
0.00610000
0.00601260
0.00658100
0.00636990
0.00636300
0.00626260
0.00608770
0.00643020
0.00636420
0.00703520
0.00687400
0.00716140
0.00712710
0.00699070
0.00787750
0.00681000
0.00684980
0.00676260
0.00687770
0.00697090
0.00598040
0.00622150
0.00683940
0.00682980
0.00640800
0.00623940
0.00679720
0.00715420
0.00642170
0.00632910
0.00695830
0.00687930
0.00667840
0.00637610
0.00647990
0.00710990
0.00690310
0.00694940
0.00705460
0.00695730
0.00690170
0.00688940
0.00731500
