0.20977690
0.00375610
0.00363850
0.00357060
0.00360360
0.00352950
0.00366010
0.00367420
0.00380640
0.00360100
0.00377690
0.00372870
0.00364520
0.00364930
0.00354460
0.00355410
0.00354070
0.00351120
0.00373790
0.00378740
0.00373390
0.00361320
0.00360870
0.00380590
0.00448770
0.00430830
0.00419180
0.00391220
0.00418430
0.00460860
0.00414860
0.00374160
0.00370690
0.00368230
0.00361960
0.00371190
0.00361960
0.00360250
0.00457190
0.00429920
0.00431060
0.00460130
0.00409010
0.00382260
0.00365670
0.00353590
0.00369350
0.00390810
0.00384920
0.00380170
0.00384030
0.00368710
0.00378230
0.00408070
0.00400970
0.00384530
0.00377710
0.00362320
0.00361450
0.00372170
0.00381760
0.00378940
0.00376730
0.00372290
0.00370200
0.00379230
0.00363190
0.00361360
0.00373000
0.00390930
0.00372540
0.00371870
0.00354950
0.00353370
0.00347710
0.00354900
0.00353520
0.00351350
0.00352690
0.00353130
0.00358770
0.00364120
0.00369690
0.00353170
0.00357780
0.00383080
0.00413840
0.00380640
0.00386130
0.00403700
0.00384790
0.00369870
0.00376750
0.00389420
0.00382450
0.00355650
0.00361820
0.00369020
0.00368200
0.00367510
0.00367080
0.00365740
0.00348270
0.00351030
0.00348370
0.00351510
0.00356030
0.00374990
0.00392530
0.00438490
0.00409120
0.00391780
0.00381790
0.00385900
0.00353970
0.00356610
0.00368640
0.00361480
0.00358950
0.00356560
0.00357560
0.00356250
0.00355300
0.00352310
0.00352520
0.00352480
0.00352130
0.00366850
0.00387370
0.00377510
0.00378830
0.00374440
0.00386300
0.00374420
0.00388830
0.00383880
0.00374140
0.00387380
0.00369990
0.00382600
0.00422870
0.00424730
0.00395280
0.00390510
0.00354920
0.00348260
0.00351370
0.00375610
0.00376630
0.00402540
0.00373430
0.00386460
0.00375840
0.00395160
0.00402180
0.00493260
0.00425720
0.00385120
0.00379010
0.00398300
0.00400330
0.00399500
0.00378240
0.00392780
0.00385230
0.00382800
0.00377560
0.00392060
0.00395080
0.00379570
0.00383130
0.00381720
0.00362920
0.00381380
0.00358970
0.00354630
0.00348770
0.00365080
0.00402310
0.00401180
0.00379870
0.00376820
0.00368410
0.00365280
0.00386080
0.00394990
0.00373800
0.00371560
0.00379760
0.00380730
0.00392210
0.00390550
0.00395520
0.00392440
0.00409520
0.00362170
0.00387430
0.00375950
0.00392760
0.00424150
0.00367190
0.00356580
0.00399600
0.00396400
0.00390280
0.00404690
0.00397000
0.00393060
0.00350510
0.00348040
0.00343780
0.00352910
0.00387330
0.00369880
0.00377920
0.00389330
0.00377510
0.00377850
0.00361680
0.00359690
0.00380230
0.00372060
0.00360500
0.00357960
0.00379570
0.00387970
0.00383960
0.00397510
0.00504230
0.00441300
0.00378060
0.00357880
0.00351070
0.00353520
0.00373730
0.00368260
0.00401830
0.00357030
0.00355340
0.00357810
0.00374500
0.00374960
0.00360060
0.00363730
0.00386100
0.00379190
0.00386410
0.00400120
0.00374000
0.00391680
0.00386330
0.00373070
0.00368800
0.00372890
0.00368010
0.00384520
0.00390060
0.00384660
0.00387350
0.00418990
0.00399100
0.00387480
0.00380180
0.00375850
0.00374990
0.00377490
0.00396490
0.00376110
0.00388520
0.00373250
0.00370320
0.00368130
0.00366870
0.00366810
0.00357270
0.00349870
0.00348430
0.00356350
0.00376150
0.00376080
0.00375040
0.00374650
0.00365640
0.00369050
0.00369120
0.00375220
0.00373170
0.00376010
0.00388040
0.00363980
0.00398440
0.00384340
0.00372720
0.00367730
0.00353680
0.00349600
0.00355890
0.00350630
0.00357690
0.00348240
0.00376110
0.00373890
0.00377980
0.00390890
0.00385980
0.00388740
0.00394780
0.00385430
0.00361000
0.00365070
0.00348360
0.00349930
0.00372300
0.00383260
0.00377300
0.00367950
0.00399120
0.00449640
0.00396560
0.00380510
0.00364450
0.00364750
0.00370520
0.00358970
0.00349040
0.00352050
0.00357820
0.00369660
0.00375850
0.00371970
0.00371300
0.00368980
0.00369630
0.00371010
0.00374700
0.00380590
0.00380780
0.00378110
0.00359780
0.00361960
0.00362600
0.00358470
0.00384580
0.00373340
0.00355710
0.00357950
0.00359610
0.00356090
0.00355180
0.00378520
0.00367510
0.00404410
0.00378850
0.00371800
0.00376430
0.00400670
0.00392970
0.00373180
0.00399900
0.00411160
0.00398410
0.00375830
0.00369330
0.00352600
0.00352530
0.00347800
0.00350240
0.00355080
0.00374820
0.00382230
0.00383410
0.00378430
0.00374430
0.00383770
0.00384570
0.00390480
0.00380170
