0.22710620
0.00693710
0.00710550
0.00725860
0.00697490
0.00654720
0.00646290
0.00704540
0.00717360
0.00684410
0.00674610
0.00670590
0.00716130
0.00720850
0.00713640
0.00724510
0.00705110
0.00705690
0.00724170
0.00666480
0.00689970
0.00731430
0.00752430
0.00734900
0.00710570
0.00717350
0.00743460
0.00704660
0.00728860
0.00702700
0.00724810
0.00650210
0.00617890
0.00592780
0.00535790
0.00538550
0.00593420
0.00567980
0.00595100
0.00578040
0.00570050
0.00545770
0.00542150
0.00541860
0.00526960
0.00571410
0.00588650
0.00579280
0.00560330
0.00576770
0.00566160
0.00565690
0.00543230
0.00548130
0.00520360
0.00564300
0.00531120
0.00507220
0.00552640
0.00541150
0.00577120
0.00524460
0.00520160
0.00516760
0.00524090
0.00533250
0.00505140
0.00472820
0.00522160
0.00512790
0.00509010
0.00510620
0.00486320
0.00474860
0.00511870
0.00508460
0.00532730
0.00528860
0.00514030
0.00542200
0.00522080
0.00550760
0.00550180
0.00515180
0.00535620
0.00527710
0.00558860
0.00528390
0.00558730
0.00551040
0.00540680
0.00515400
0.00479850
0.00484710
0.00510120
0.00511600
0.00509740
0.00511510
0.00494010
0.00480000
0.00515760
0.00512320
0.00479620
0.00509070
0.00496210
0.00445220
0.00439980
0.00517380
0.00543800
0.00524930
0.00512150
0.00484650
0.00521480
0.00474900
0.00509990
0.00476140
0.00455390
0.00491740
0.00488970
0.00492730
0.00481400
0.00485170
0.00457650
0.00486440
0.00449440
0.00469860
0.00470710
0.00485810
0.00465900
0.00494740
0.00482050
0.00493160
0.00482950
0.00449390
0.00469890
0.00438780
0.00502320
0.00513960
0.00530900
0.00478160
0.00438470
0.00452190
0.00468340
0.00478240
0.00472820
0.00466990
0.00489330
0.00477570
0.00485140
0.00469240
0.00438280
0.00487390
0.00463640
0.00460270
0.00453370
0.00451610
0.00428420
0.00465750
0.00447840
0.00465320
0.00467950
0.00459450
0.00464630
0.00455460
0.00461180
0.00441640
0.00420110
0.00425240
0.00440970
0.00452420
0.00471050
0.00488440
0.00486400
0.00443060
0.00461840
0.00462030
0.00484420
0.00465760
0.00475690
0.00458540
0.00474300
0.00462720
0.00448040
0.00442910
0.00438980
0.00495630
0.00473280
0.00451270
0.00481450
0.00481740
0.00448090
0.00460420
0.00469500
0.00464800
0.00413600
0.00465940
0.00473620
0.00457400
0.00448170
0.00450100
0.00479640
0.00476820
0.00469500
0.00515180
0.00503200
0.00525510
0.00485130
0.00494990
0.00503090
0.00488010
0.00451450
0.00467080
0.00466310
0.00453580
0.00459530
0.00453300
0.00453100
0.00470580
0.00452640
0.00445600
0.00454800
0.00466870
0.00440750
0.00430800
0.00445190
0.00440290
0.00448560
0.00453400
0.00441520
0.00488000
0.00427220
0.00458280
0.00424530
0.00468490
0.00472460
0.00439350
0.00442690
0.00470170
0.00470430
0.00459710
0.00434060
0.00424620
0.00449630
0.00455430
0.00440910
0.00418640
0.00427530
0.00470780
0.00452150
0.00494090
0.00471730
0.00481080
0.00459340
0.00462390
0.00443730
0.00469870
0.00469770
0.00492110
0.00449810
0.00468020
0.00430060
0.00415890
0.00413930
0.00449430
0.00453880
0.00434760
0.00414820
0.00482580
0.00422760
0.00431370
0.00455180
0.00467210
0.00429940
0.00423910
0.00419050
0.00465370
0.00408840
0.00429800
0.00448020
0.00516110
0.00438790
0.00441190
0.00445860
0.00434130
0.00444800
0.00444270
0.00439580
0.00447690
0.00454380
0.00493730
0.00458520
0.00428710
0.00461450
0.00463260
0.00457700
0.00450930
0.00426210
0.00447850
0.00443400
0.00444100
0.00446570
0.00439680
0.00435320
0.00433810
0.00443280
0.00474880
0.00515020
0.00530650
0.00529210
0.00445910
0.00413920
0.00441220
0.00417110
0.00459130
0.00459890
0.00448020
0.00455910
0.00468210
0.00467110
0.00411360
0.00428620
0.00437590
0.00443600
0.00482240
0.00448030
0.00444390
0.00461670
0.00424340
0.00444920
0.00442900
0.00448510
0.00470220
0.00418560
0.00459180
0.00457150
0.00437710
0.00446640
0.00446420
0.00473450
0.00443180
0.00470080
0.00437830
0.00494510
0.00446550
0.00475740
0.00457270
0.00441880
0.00476410
0.00428300
0.00438670
0.00454760
0.00416990
0.00486000
0.00456450
0.00469430
0.00453350
0.00490460
0.00460990
0.00453250
0.00444540
0.00419510
0.00474730
0.00431980
0.00443680
0.00474270
0.00432910
0.00443420
0.00487130
0.00451200
0.00444100
0.00480250
0.00473600
0.00466620
0.00463690
0.00465190
0.00480870
0.00476870
0.00448760
0.00455910
0.00518010
0.00437890
0.00439740
0.00506610
0.00504660
0.00448070
0.00460030
0.00436180
0.00462460
0.00508200
0.00511680
0.00502830
0.00467800
0.00482360
0.00505370
0.00489870
0.00506280
0.00483760
0.00460110
0.00449370
0.00444320
0.00446280
0.00490210
0.00457780
0.00439710
0.00502900
0.00444770
0.00487900
0.00419850
0.00462680
0.00486900
0.00478740
0.00472230
0.00470880
0.00462910
0.00455250
0.00486400
0.00446790
0.00488590
0.00494600
0.00500390
0.00469290
0.00457940
0.00462880
0.00442870
0.00433550
0.00509270
0.00452950
0.00509810
0.00420400
0.00432530
0.00453870
0.00409700
0.00423930
0.00422060
0.00431900
0.00461220
0.00455630
0.00452230
0.00416390
0.00402430
0.00456300
0.00437600
0.00410450
0.00446290
0.00425930
0.00443040
0.00425640
0.00427870
0.00458030
0.00458820
0.00450480
0.00428300
0.00441220
0.00438910
0.00444840
0.00438680
0.00435380
0.00433050
0.00442880
0.00441060
0.00460710
0.00412800
0.00411270
0.00472530
0.00405550
0.00466550
0.00435420
0.00434920
0.00462330
0.00425010
0.00480740
0.00437890
0.00442320
0.00463450
0.00460890
0.00482350
0.00440820
0.00481550
0.00538690
0.00456240
0.00426650
0.00448690
0.00443530
0.00469490
0.00435530
0.00472300
0.00460390
0.00460520
0.00462690
0.00421140
0.00434070
0.00445270
0.00425150
0.00436180
0.00448110
0.00440820
0.00428470
0.00421420
0.00439500
0.00439070
0.00415400
0.00443080
0.00456230
0.00452900
0.00426170
0.00435220
0.00457170
0.00464510
0.00425450
0.00419830
0.00411110
0.00430090
0.00442490
0.00431820
0.00429360
0.00437290
0.00427250
0.00491080
0.00430670
0.00414630
0.00426470
0.00421340
0.00452280
0.00462840
0.00455880
0.00432820
0.00410530
0.00415560
0.00402820
0.00436740
0.00463420
0.00430770
0.00435490
0.00427310
0.00446320
0.00475200
0.00429180
0.00437700
0.00432190
0.00490140
0.00451600
0.00462960
0.00451420
0.00433920
0.00434010
0.00453190
0.00450860
0.00400300
0.00405250
0.00419630
0.00405220
0.00396580
0.00402050
0.00437830
0.00437480
0.00417230
0.00433720
0.00444550
0.00428600
0.00429450
0.00432330
0.00450540
0.00421930
0.00474630
0.00460720
0.00446690
0.00437610
0.00434320
0.00450570
0.00430710
0.00491000
0.00470380
0.00469970
0.00457210
0.00464010
0.00493700
0.00523780
0.00455630
0.00460230
0.00454180
0.00425060
0.00453980
0.00457610
0.00465010
0.00470430
0.00486020
0.00468270
0.00481860
0.00506230
0.00486870
0.00476690
0.00473380
0.00516690
0.00524850
0.00481940
0.00524030
0.00498490
0.00515790
0.00501980
0.00460070
0.00450380
0.00445230
0.00447350
0.00487380
0.00474810
0.00464730
0.00490730
0.00494170
0.00483860
0.00505770
0.00526560
0.00508970
0.00447140
0.00462490
0.00465960
0.00461990
0.00496480
0.00441240
0.00471020
0.00433150
0.00449280
0.00451630
0.00485030
0.00470870
0.00457450
0.00461890
0.00464330
0.00470770
0.00470790
0.00462560
0.00475890
0.00473260
0.00466630
0.00475300
0.00464740
0.00447810
0.00450090
0.00457910
0.00454500
0.00432600
0.00452790
0.00431410
0.00412230
0.00456790
0.00436990
0.00461340
0.00437160
0.00469040
0.00479360
0.00455050
0.00417240
0.00441160
0.00471560
0.00458310
0.00464250
0.00427940
0.00469060
0.00409450
0.00422630
0.00443050
0.00437790
