0.22042320
0.00515920
0.00508380
0.00502370
0.00564690
0.00545190
0.00493530
0.00496280
0.00558270
0.00579980
0.00529050
0.00586030
0.00580710
0.00606150
0.00610790
0.00575830
0.00538150
0.00547450
0.00592160
0.00613590
0.00594580
0.00623190
0.00655690
0.00570970
0.00634160
0.00659270
0.00650620
0.00625480
0.00627520
0.00559120
0.00603480
0.00623190
0.00640580
0.00647960
0.00620600
0.00644330
0.00602940
0.00636740
0.00640030
0.00629890
0.00636800
0.00629410
0.00632710
0.00631720
0.00637120
0.00602080
0.00616840
0.00563800
0.00548350
0.00635310
0.00596460
0.00581430
0.00565530
0.00550620
0.00523220
0.00570380
0.00585890
0.00580750
0.00575610
0.00574000
0.00533780
0.00578480
0.00554000
0.00564140
0.00564800
0.00583490
0.00612430
0.00600020
0.00564160
0.00549390
0.00572470
0.00511080
0.00553400
0.00552640
0.00561610
0.00546950
0.00502160
0.00490010
0.00521090
0.00553940
0.00547580
0.00555770
0.00504720
0.00532880
0.00529770
0.00560440
0.00505870
0.00493420
0.00599770
0.00561100
0.00598600
0.00546670
0.00544890
0.00567220
0.00520750
0.00528410
0.00585970
0.00541290
0.00536570
0.00545560
0.00574740
0.00561390
0.00566810
0.00551280
0.00562540
0.00584520
0.00567250
0.00584000
0.00558100
0.00505300
0.00573310
0.00550210
0.00584430
0.00596080
0.00585510
0.00561870
0.00529630
0.00578910
0.00543250
0.00525120
0.00526060
0.00530860
0.00539530
0.00560820
0.00580600
0.00559550
0.00578150
0.00493270
0.00546410
0.00580570
0.00539840
0.00572390
0.00589940
0.00541460
0.00515500
0.00510610
0.00547790
0.00575470
0.00581660
0.00584990
0.00546600
0.00487340
0.00517570
0.00502750
0.00622780
0.00624400
0.00563540
0.00614330
0.00626340
0.00569550
0.00506160
0.00477460
0.00586220
0.00521960
0.00539860
0.00531440
0.00513370
0.00546430
0.00560430
0.00558710
0.00561820
0.00571370
0.00554930
0.00586300
0.00605460
0.00604540
0.00597510
0.00601560
0.00627370
0.00620690
0.00640130
0.00615140
0.00625970
0.00607200
0.00633630
0.00619370
0.00613310
0.00621500
0.00637130
0.00577960
0.00618500
0.00613640
0.00652800
0.00610510
0.00626360
0.00639670
0.00603400
0.00641760
0.00617200
0.00533940
0.00595810
0.00610130
0.00610320
0.00627160
0.00629850
0.00664850
0.00603970
0.00570500
0.00615600
0.00610510
0.00609590
0.00602590
0.00566180
0.00612790
0.00582050
0.00568040
0.00618550
0.00610250
0.00593490
0.00586200
0.00588940
0.00573420
0.00569990
0.00565700
0.00592300
0.00550930
0.00578760
0.00534660
0.00560400
0.00540910
0.00519230
0.00582890
0.00576890
0.00554180
0.00567340
0.00535920
0.00552960
0.00542820
0.00562050
0.00536450
0.00529710
0.00496850
0.00487690
0.00555380
0.00538310
0.00575690
0.00544790
0.00526570
0.00536450
0.00570290
0.00493770
0.00522450
0.00505270
0.00488790
0.00510670
0.00496560
0.00528630
0.00510300
0.00517450
0.00496820
0.00512960
0.00525290
0.00483970
0.00475630
0.00479840
0.00503400
0.00514730
0.00513400
0.00500870
0.00512490
0.00493530
0.00520050
0.00490160
0.00492100
0.00547490
0.00498770
0.00496270
0.00501230
0.00503100
0.00502540
0.00523770
0.00513540
0.00505800
0.00575570
0.00557100
0.00498000
0.00499140
0.00520210
0.00549300
0.00546050
0.00543940
0.00530060
0.00559690
0.00519390
0.00529010
0.00532200
0.00530930
0.00518870
0.00556470
0.00573200
0.00607630
0.00613970
