0.28149080
0.01012760
0.01109560
0.00915290
0.01625170
0.00872270
0.00993570
0.00981230
0.00938480
0.00895320
0.00868880
0.00882920
0.00889440
0.00903110
0.00873840
0.00949410
0.00871210
0.00949320
0.00905140
0.00828110
0.00814840
0.00875980
0.01074130
0.00864620
0.01002620
0.00894440
0.00958490
0.00902850
0.00931840
0.00814090
0.00861130
0.00899650
0.00844700
0.00867100
0.00909320
0.00872970
0.00810090
0.00940540
0.00919240
0.00888100
0.00956930
0.00929360
0.00941280
0.00942520
0.00923270
0.01035390
0.00953030
0.00804750
0.01264480
0.01079390
0.01159900
0.00969320
0.00949710
0.00846690
0.00957500
0.00940490
0.00923080
0.00875870
0.00929350
0.00966450
0.00831570
0.01042400
0.00977480
0.00979310
0.00879290
0.00867290
0.00950350
0.01103950
0.00846840
0.00916620
0.01033380
0.01023700
0.00970110
0.00817610
0.01223140
0.01073970
0.00891040
0.00921310
0.01042410
0.00930940
0.00952370
0.00970430
0.01001160
0.01134690
0.00988320
0.00936010
0.00943830
0.00950940
0.01101250
0.00957440
0.00945320
0.00966320
0.00936470
0.00931650
0.01016960
0.01174870
0.00961400
0.00864920
0.00941370
0.00918920
0.01059660
0.00932680
0.00815650
0.00826780
0.00929650
0.00897750
0.00825060
0.00845950
0.00900100
0.00949300
0.00928720
0.00837660
0.00909240
0.00985580
0.01006610
0.01044460
0.00904590
0.00906510
0.00954690
0.00861920
0.00899700
0.00924690
0.00954990
0.00933110
0.00869630
0.00876700
0.00946410
0.00904530
0.00824940
0.00901160
0.00855350
0.00838620
0.00914710
0.00870270
0.00958950
0.01021600
0.01013670
0.00832080
0.00860770
0.00925970
0.00931230
0.00903780
0.00839680
0.00926420
0.00855410
0.00950570
0.00923580
0.00829240
0.00817990
0.00929100
0.00833420
0.00831760
0.00894970
0.00937820
0.00913300
0.01044860
0.00907980
0.00882530
0.00928080
0.00927840
0.00876990
0.00824480
0.00936760
0.00905750
0.01056120
0.00888920
0.00935430
0.00915950
0.00912120
0.00859590
0.00924720
0.01310190
0.00872480
0.00935160
0.00904190
0.00967370
0.00834670
0.00842810
0.01239710
0.00869610
0.00842330
0.00937540
0.00780070
0.00903960
0.00905270
0.00932760
0.00998620
0.00921960
0.00839160
0.00981420
0.00954870
0.00923140
0.01083440
0.00918870
0.00921720
0.00917430
0.00895740
0.00969170
0.00935910
0.01044350
0.00951470
0.00936630
0.00931910
0.00954800
0.01003830
0.00930350
0.00958420
0.00926130
0.00847420
0.00846600
0.01028120
0.01061150
0.01038720
0.00932170
0.01083580
0.00923460
0.00976940
0.00847480
0.00990340
0.00862000
0.00852330
0.00947600
0.00843440
0.00920470
0.00890100
0.00940950
0.00906890
0.00998200
0.00924440
0.00917360
0.00990430
0.00973990
0.01349920
0.00971190
0.00894140
0.00791610
0.00889870
0.00865390
0.00960650
0.00962970
0.01041010
0.00932340
0.00896080
0.00870060
0.00954770
0.00917230
0.00923410
0.00897620
0.00929930
0.00867190
0.00935140
0.00889740
0.00916080
0.00924470
0.00908600
0.00888800
0.00964830
0.00985080
0.00861380
0.00867710
0.01090310
0.01032330
0.00850560
0.00882490
0.00853440
0.00785370
0.00869290
0.00911080
0.00784090
0.00871170
0.01080800
0.00958150
0.00853520
0.00880640
0.00832580
0.00827140
0.00833880
0.00711520
0.00805380
0.00808200
0.00698100
0.00981820
0.00810960
0.00737260
0.00678730
0.00779740
0.00828910
0.00739340
0.00737870
0.00698400
0.00850410
0.00790450
0.00966260
0.00915510
0.00805410
0.00754560
0.00785860
0.00701560
0.00742590
0.00704720
0.00966830
0.00754220
0.00780050
0.00847220
0.00752240
0.00739640
0.00728930
0.00733750
0.00726480
0.00739540
0.00730480
0.00752230
0.00722090
0.00757540
0.00716910
0.00708830
0.00692690
0.00741100
0.00757790
0.00701570
0.00741920
0.00698150
0.00641840
0.00724840
0.00709070
0.00735670
0.00696680
0.00681700
0.00656080
0.00641860
0.00723760
0.00711710
0.00866600
0.00696790
0.00703840
0.00718410
0.00660890
0.00686570
0.00655760
0.00704450
0.00732930
0.00710830
0.00675260
0.00712630
0.00702340
0.00694210
0.00689520
0.00778020
0.00636070
0.00644700
0.00708490
0.00688390
0.00637700
0.00705970
0.00677460
0.00722940
0.00724010
0.00736640
0.00698910
0.00685410
0.00835100
0.00748400
0.00693080
0.00735080
0.00675860
0.00658310
0.00628730
0.00777370
0.00646760
0.00630970
0.00670110
0.00805250
0.00748480
0.00660660
0.00654360
0.00711460
0.00697250
0.00688560
0.00700740
0.00616740
0.00711470
0.00698690
0.00711530
0.00729510
0.00763000
0.00707470
0.00879960
0.00736400
0.00678850
0.00824620
0.00755320
0.00771780
0.00804440
0.00696430
0.29318620
0.00719950
0.00712610
0.00716020
0.00721470
0.00677130
0.00717780
0.00726380
0.00663350
0.00751890
0.00686340
0.00681590
0.00660530
0.00626080
0.00669320
0.00711390
0.00676320
0.00674520
0.00861480
0.00702210
0.00704890
0.00708800
0.00726090
0.00704960
0.00719560
0.00720350
0.00695760
0.00680700
0.00874180
0.00714950
0.00818490
0.00787770
0.00678740
0.00701800
0.00763980
0.00668440
0.00740770
0.00736920
0.00733720
0.00697940
0.00766230
0.00709870
0.00759660
0.00620250
0.00627530
0.00729800
0.00657800
0.00671530
0.00681750
0.00650020
0.00663080
0.00667100
0.00667240
0.00672730
0.00719610
0.00656160
0.00662410
0.00663030
0.00599840
0.00616500
0.00580430
0.00733680
0.00660030
0.00634220
0.00636810
0.00634200
0.00709860
0.00598530
0.00582620
0.00613960
0.00604840
0.00610990
0.00608310
0.00633180
0.00579340
0.00602000
0.00609880
0.00597630
0.00634180
0.00639390
0.00611260
0.00629170
0.00589470
0.00645420
0.00572550
0.00636210
0.00620120
0.00592190
0.00607660
0.00627070
0.00570020
0.00663820
0.00595640
0.00626200
0.00647930
0.00620850
0.00692610
0.00662200
0.00618480
0.00618400
0.00610710
0.00625930
0.00609850
0.00677220
0.00582580
0.00609160
0.00601480
0.00576510
0.00593140
0.00610190
0.00620410
0.00606050
0.00632370
0.00679790
0.00598100
0.00689800
0.00619930
0.00859050
0.00639720
0.00652520
0.00632440
0.00629100
0.00607400
0.00583070
0.00637800
0.00568770
0.00669430
0.00665600
0.00646290
0.00601730
0.00610800
0.00606820
0.00628590
0.00675930
0.00599970
0.00644260
0.00647270
0.00595940
0.00637310
0.00610530
0.00645040
0.00585510
0.00571500
0.00620690
0.00609220
0.00565650
0.00617580
0.00604010
0.00646100
0.00574720
0.00579510
0.00632880
0.00598900
0.00627380
0.00605670
0.00565560
0.00614710
0.00598710
0.00622200
0.00626100
0.00573640
0.00626200
0.00606730
0.00599400
0.00583660
0.00620060
0.00591960
0.00601050
0.00594830
0.00625130
0.00609700
0.00604990
0.00584760
0.00622590
0.03878590
0.01045200
0.00601370
0.00611430
0.00643800
0.00614830
0.00632390
0.00598800
0.00641840
0.00582530
0.00643270
0.00638530
0.00614090
0.00624230
0.00611490
0.00577410
0.00613270
0.00617710
0.00576170
0.00609330
0.00627190
0.00557270
0.00613390
0.00652490
0.00642420
0.00622020
0.00580670
0.00595310
0.00575210
0.00588480
0.00567940
0.00744430
0.00591410
0.00615480
0.00620920
0.00761090
0.00590020
0.00582930
0.00605420
0.00606430
0.00586220
0.00654210
0.00625520
0.00575330
0.00640220
0.00562510
0.00598540
0.00594900
0.00647440
0.00616180
0.00594860
0.00571250
0.00617650
0.00640070
0.00601020
0.00601550
0.00604620
0.00603720
0.00608200
0.00797110
0.00614890
0.00612240
0.00622380
0.00675020
0.00614490
0.00627150
0.00608430
0.30517700
0.28332960
0.28195450
0.33458400
0.31361210
0.00888100
0.00882760
0.00893340
0.00848110
0.00887880
0.00905770
0.00889170
0.00771420
0.00792110
0.00845530
0.00812210
0.00723770
0.00787530
0.00765170
0.00785390
0.00741940
0.00820750
0.00713820
0.00726200
0.00792550
0.00676350
0.00749880
0.00652590
0.00702500
0.00690400
0.00757470
0.00698770
0.00656900
0.00677360
0.00673130
0.00710990
0.00677470
0.00682340
0.00689770
0.00688500
0.00689820
0.00671180
0.00601780
0.00605030
0.00715860
0.00602870
0.00620300
0.00589450
0.00643320
0.00606700
0.00629470
0.00614460
0.00624170
0.00580380
0.00593680
0.00583080
0.00581160
0.00613620
0.00609970
0.00585420
0.00597710
0.00591490
0.00645400
0.00626140
0.00588220
0.00601890
0.00602860
0.00603330
0.00584520
0.00604220
0.00568860
0.00527110
0.00613820
