0.21663320
0.00994580
0.00772310
0.00866760
0.00752160
0.00754720
0.00812570
0.00850360
0.00849530
0.00813250
0.00821880
0.00865850
0.00746540
0.00781180
0.00824310
0.00898260
0.00753360
0.00831230
0.00712980
0.00756340
0.00683790
0.00698880
0.00808220
0.00702540
0.00686300
0.00683860
0.00687880
0.00912500
0.00750110
0.00722350
0.00670470
0.00743280
0.00731160
0.00751580
0.00731130
0.00715320
0.00736600
0.00719370
0.00729950
0.00641390
0.00637930
0.00644580
0.00724240
0.00711020
0.00754810
0.00735300
0.00720050
0.00633910
0.00749310
0.00776310
0.00706730
0.00733120
0.00800390
0.00787820
0.00699000
0.00689340
0.00795360
0.00798550
0.00728550
0.00842870
0.00700590
