0.20563130
0.00529160
0.00482970
0.00472500
0.00485590
0.00475230
0.00458370
0.00457490
0.00479130
0.00460130
0.00472120
0.00504660
0.00477550
0.00475100
0.00476760
0.00503520
0.00502030
0.00461710
0.00484580
0.00535900
0.00492660
0.00553930
0.00489320
0.00484280
0.00530490
0.00469330
0.00460240
0.00458900
0.00463130
0.00485470
0.00484940
0.00469720
0.00478280
0.00481020
0.00490700
0.00487820
0.00479280
0.00473890
0.00473290
0.00486550
0.00477040
0.00495080
0.00528040
0.00478600
0.00471530
0.00467230
0.00463850
0.00472000
0.00478480
0.00477070
0.00398440
0.00415960
0.00400340
0.00407210
0.00385000
0.00385200
0.00378760
0.00414160
0.00403810
0.00384220
0.00397090
0.00392130
0.00405160
0.00399130
0.00387850
0.00367370
0.00367040
0.00363990
0.00362190
0.00372620
0.00395900
0.00391790
0.00402690
0.00388830
0.00394760
0.00415220
0.00450190
0.00385220
0.00376260
0.00372860
0.00371150
0.00379770
0.00396740
0.00393080
0.00398490
0.00408090
0.00405290
0.00399080
0.00399520
0.00421060
0.00409310
0.00407310
0.00403560
0.00386660
0.00363470
0.00357380
0.00360520
0.00373160
0.00395560
0.00378670
0.00379060
0.00384300
0.00397030
0.00379720
0.00400020
0.00393450
0.00385430
0.00419820
0.00401080
0.00381650
0.00376860
0.00384610
0.00380760
0.00392990
0.00381330
0.00373790
0.00431970
0.00417840
0.00385130
0.00370910
0.00380300
0.00361670
0.00362550
0.00357930
0.00354790
0.00351450
0.00360980
0.00386130
0.00385820
0.00400530
0.00378380
0.00393560
0.00378220
0.00389540
0.00382040
0.00388770
0.00381320
0.00390920
0.00394470
0.00394000
0.00386390
0.00372000
0.00367230
0.00387540
0.00352330
0.00348170
0.00377520
0.00351730
0.00355140
0.00348490
0.00347750
0.00369680
0.00348890
0.00353450
0.00345830
0.00347870
0.00364150
0.00410370
0.00401110
0.00452080
0.00459850
0.00420760
0.00419380
0.00424830
0.00387160
0.00429640
0.00368750
0.00357760
0.00379770
0.00421470
0.00376870
0.00391900
0.00407590
0.00380210
0.00374510
0.00372660
0.00363210
0.00363820
0.00390920
0.00412630
0.00381910
0.00403040
0.00389360
0.00377470
0.00385680
0.00374840
0.00369250
0.00371190
0.00363370
0.00363320
0.00355700
0.00353930
0.00372020
0.00373780
0.00374820
0.00367820
0.00362390
0.00377380
0.00379020
0.00373580
0.00368030
0.00371900
0.00351440
0.00354790
0.00385040
0.00376210
0.00387180
0.00394200
0.00359060
0.00365340
0.00367500
0.00383130
0.00371390
0.00363260
0.00377600
0.00356760
0.00355520
0.00381460
0.00359020
0.00372410
0.00376320
0.00410300
0.00362410
0.00384940
0.00369830
0.00399060
0.00409000
0.00371730
0.00357580
0.00357070
0.00392080
0.00422860
0.00382130
0.00389090
0.00374430
0.00373020
0.00365420
0.00372390
0.00371350
0.00366080
0.00367940
0.00368490
0.00373230
0.00373720
0.00371570
0.00372760
0.00370260
0.00367640
0.00357940
0.00373690
0.00373590
0.00371090
0.00363690
0.00368060
0.00367820
0.00369410
0.00371310
0.00373560
0.00370870
0.00377710
0.00402560
0.00390570
0.00359560
0.00351420
0.00349980
0.00386640
0.00372220
0.00361780
0.00355650
0.00355870
0.00369120
0.00370000
0.00372440
0.00374920
0.00363320
0.00378510
0.00382670
0.00378420
0.00365120
0.00356120
0.00365540
0.00361480
0.00383130
0.00379790
0.00355990
0.00357420
0.00351980
0.00361760
0.00355780
0.00350530
0.00366960
0.00396850
0.00399850
0.00404600
0.00398950
0.00392510
0.00398410
0.00388870
0.00372400
0.00370350
0.00376690
0.00378110
0.00371970
0.00370980
0.00355110
0.00352480
0.00372950
0.00383590
0.00374140
0.00379350
0.00369890
0.00370760
0.00357190
0.00375300
0.00389060
0.00394410
0.00378830
0.00383320
0.00391900
0.00375400
0.00356900
0.00356770
0.00349070
0.00348290
0.00346380
0.00347900
0.00348940
0.00353380
0.00375190
0.00430070
0.00411530
0.00365730
0.00363990
0.00405970
0.00399970
0.00401320
0.00384120
0.00372820
0.00376230
0.00388680
0.00377120
0.00365430
0.00366410
0.00388740
0.00371660
0.00375580
0.00383860
0.00374480
0.00390500
0.00381260
0.00371120
0.00359930
0.00355280
0.00369910
0.00366010
0.00353450
0.00374550
0.00378230
0.00371340
0.00379750
0.00381460
0.00398420
0.00391230
0.00373790
0.00371560
0.00384710
0.00387710
0.00393300
0.00370660
0.00375690
0.00373340
0.00371430
0.00398130
0.00399000
0.00377390
0.00361560
0.00355340
0.00369630
0.00393150
0.00405860
0.00396220
0.00389380
0.00401910
0.00410440
0.00446360
0.00371670
0.00377620
0.00386800
0.00355980
0.00354010
0.00347650
0.00359350
0.00368250
