0.21452290
0.00860980
0.00756340
0.00734950
0.00731840
0.00720580
0.00724570
0.00741850
0.00772560
0.00754260
0.00699400
0.00693760
0.00705190
0.00726120
0.00742060
0.00747810
0.00751460
0.00770280
0.00764800
0.00762650
0.00778770
0.00775820
0.00754040
0.00756560
0.00716060
0.00736300
0.00689620
0.00685680
0.00711090
0.00682510
0.00714590
0.00699830
0.00700210
0.00739200
0.00707610
0.00736840
0.00707260
0.00688390
0.00574450
0.00507000
0.00496700
0.00487620
0.00503880
0.00484170
0.00461740
0.00470210
0.00517950
0.00510190
0.00490320
0.00489020
0.00514670
0.00497550
0.00493650
0.00490130
0.00503880
0.00540180
0.00508260
0.00512260
0.00498720
0.00512270
0.00499340
0.00520520
0.00515030
0.00497460
0.00502950
0.00499390
0.00524580
0.00504480
0.00498430
0.00493310
0.00486100
0.00468250
0.00469910
0.00507890
0.00473920
0.00447760
0.00408920
0.00380760
0.00386600
0.00393340
0.00411170
0.00388840
0.00395080
0.00415530
0.00386570
0.00379860
0.00410570
0.00397150
0.00411010
0.00441000
0.00438950
0.00390000
0.00404270
0.00430450
0.00411300
0.00417210
0.00387130
0.00378160
0.00376990
0.00416280
0.00415720
0.00407710
0.00409080
0.00434470
0.00411620
0.00412440
0.00484980
0.00412700
0.00425940
0.00447080
0.00460150
0.00430540
0.00430870
0.00445500
0.00406580
0.00454700
0.00443720
0.00409740
0.00394100
0.00408130
0.00426930
0.00444190
0.00412470
0.00409630
0.00425960
0.00407370
0.00397980
0.00397230
0.00438930
0.00383660
0.00386100
0.00441750
0.00424880
0.00415330
0.00417110
0.00386540
0.00405770
0.00421810
0.00430940
0.00424700
0.00495450
0.00451950
0.00444920
0.00443940
0.00460710
0.00458030
0.00411130
0.00394930
0.00414530
0.00378090
0.00436890
0.00409350
0.00429640
0.00380970
0.00390010
0.00390230
0.00388370
0.00390130
0.00385510
0.00380370
0.00380340
0.00411990
0.00366250
0.00364390
0.00370690
0.00383310
0.00385640
0.00359440
0.00374760
0.00380900
0.00379390
0.00372490
0.00371750
0.00379520
0.00381720
0.00361970
0.00363000
0.00377270
0.00382270
0.00409730
0.00365130
0.00358780
0.00383080
0.00381470
0.00383910
0.00384660
0.00381130
0.00385650
0.00384500
0.00388880
0.00375080
0.00366940
0.00360150
0.00371230
0.00361770
0.00366720
0.00396840
0.00398990
0.00384690
0.00405840
0.00388100
0.00406460
0.00375580
0.00388570
0.00367070
0.00368410
0.00403980
0.00399090
0.00404100
0.00409710
0.00449750
0.00397450
0.00416590
0.00454570
0.00488600
0.00442770
0.00474770
0.00475650
0.00518500
0.00522530
0.00447240
0.00451370
0.00431210
0.00493840
0.00469750
