0.22419090
0.00563790
0.00529890
0.00504570
0.00558610
0.00520930
0.00546590
0.00553760
0.00543240
0.00508640
0.00533210
0.00508750
0.00570540
0.00580130
0.00534930
0.00540140
0.00538310
0.00539920
0.00542830
0.00548740
0.00547060
0.00543080
0.00548430
0.00525570
0.00503960
0.00549220
0.00526500
0.00554390
0.00551950
0.00527410
0.00529180
0.00557790
0.00557410
0.00524700
0.00532020
0.00564410
0.00574110
0.00582620
0.00519390
0.00512810
0.00518980
0.00517790
0.00527180
0.00535380
0.00541510
0.00538610
0.00542840
0.00533600
0.00569630
0.00536880
0.00606130
0.00559630
0.00551240
0.00536840
0.00574540
0.00553560
0.00552570
0.00533470
0.00556730
0.00554980
0.00611500
0.00595470
0.00555310
0.00555980
0.00559080
0.00563670
0.00566180
0.00576150
0.00601650
0.00589480
0.00584880
0.00534240
0.00548210
0.00562480
0.00549770
0.00572760
0.00620820
0.00588220
0.00589260
0.00581230
0.00583850
0.00557890
0.00580370
0.00572230
0.00573530
0.00592970
0.00583580
0.00579040
0.00623720
0.00587870
0.00552140
0.00595950
0.00592690
0.00552750
0.00593380
0.00548460
0.00566130
0.00576520
0.00586960
0.00561840
0.00556630
0.00555240
0.00549910
0.00546400
0.00543210
0.00546880
0.00585710
0.00564720
0.00583550
0.00614020
0.00604250
0.00611530
0.00567670
0.00559320
0.00591970
0.00578750
0.00572560
0.00575520
0.00585320
0.00583310
0.00611790
0.00600250
0.00570310
0.00641450
0.00664080
0.00638730
0.00609000
0.00612810
0.00594040
0.00599530
0.00584840
0.00582960
0.00631200
0.00628240
0.00625750
0.00590690
0.00609660
0.00598070
0.00602470
0.00617170
0.00623160
0.00632160
0.00593340
0.00614170
0.00576850
0.00627440
0.00604860
0.00601740
0.00619900
0.00631020
0.00618980
0.00590480
0.00603140
0.00609170
0.00608600
0.00615220
0.00640280
0.00588950
0.00591280
0.00623610
0.00609660
0.00619300
0.00632290
0.00600660
0.00627200
0.00602340
0.00620550
0.00608550
0.00600220
0.00599180
0.00608090
0.00638420
0.00624150
0.00658260
0.00643910
0.00613390
0.00599450
0.00610080
0.00643850
0.00647910
0.00634650
0.00606960
0.00626220
0.00673940
0.00633660
0.00637740
0.00654810
0.00625820
0.00629070
0.00630250
0.00669050
