0.20678300
0.00402530
0.00390750
0.00380090
0.00377690
0.00365150
0.00389140
0.00373610
0.00445280
0.00377780
0.00387640
0.00393070
0.00414500
0.00393140
0.00363220
0.00365270
0.00389230
0.00374180
0.00370920
0.00354880
0.00354730
0.00354700
0.00372830
0.00358500
0.00383290
0.00375230
0.00360460
0.00366880
0.00376620
0.00364550
0.00409980
0.00380500
0.00363670
0.00368090
0.00370820
0.00360910
0.00359930
0.00356140
0.00350990
0.00351730
0.00355560
0.00354140
0.00352080
0.00359070
0.00425510
0.00401000
0.00408600
0.00389250
0.00381600
0.00380890
0.00386800
0.00399390
0.00399330
0.00405080
0.00405000
0.00390350
0.00366900
0.00361400
0.00364150
0.00363770
0.00364240
0.00381460
0.00367220
0.00408050
0.00413030
0.00399960
0.00407810
0.00402700
0.00411740
0.00399720
0.00384560
0.00384990
0.00382940
0.00397460
0.00388560
0.00390000
0.00384800
0.00403300
0.00381920
0.00388780
0.00387870
0.00383480
0.00366630
0.00377310
0.00384900
0.00394900
0.00401950
0.00378250
0.00357640
0.00350440
0.00365230
0.00442960
0.00409030
0.00429670
0.00418870
0.00380890
0.00381010
0.00370360
0.00383750
0.00365550
0.00368490
0.00368640
0.00395530
0.00396790
0.00398950
0.00389780
0.00396340
0.00398350
0.00407730
0.00392950
0.00395680
0.00357160
0.00353650
0.00361280
0.00390500
0.00403010
0.00378910
0.00383150
0.00411050
0.00403220
0.00403450
0.00421090
0.00400030
0.00378490
0.00386200
0.00382520
0.00365780
0.00354970
0.00365370
0.00375890
0.00372740
0.00368920
0.00365090
0.00459140
0.00394410
0.00374380
0.00379850
0.00403810
0.00391410
0.00409580
0.00402500
0.00396630
0.00377600
0.00353650
0.00388680
0.00352650
0.00391880
0.00389630
0.00364950
0.00446710
0.00428590
0.00417730
0.00417430
0.00407660
0.00388290
0.00394460
0.00404560
0.00431950
0.00406360
0.00396910
0.00396180
0.00376170
0.00381020
0.00373760
0.00384030
0.00390960
0.00406940
0.00393770
0.00387940
0.00372160
0.00387810
0.00383840
0.00387500
0.00415980
0.00444340
0.00410690
0.00407390
0.00400350
0.00461370
0.00407560
0.00404090
0.00414330
0.00378210
0.00376010
0.00394760
0.00387390
0.00394440
0.00403240
0.00380020
0.00365170
0.00380220
0.00386790
0.00402420
0.00406040
0.00408890
0.00390460
0.00381310
0.00357750
0.00373080
0.00364030
0.00359850
0.00366030
0.00412770
0.00399880
0.00399520
0.00409060
0.00400210
0.00379690
0.00407300
0.00368200
0.00366730
0.00396360
0.00417200
0.00388250
0.00388780
0.00404000
0.00411500
0.00400020
0.00359470
0.00357000
0.00354670
0.00356400
0.00390440
0.00387120
0.00383880
0.00386490
0.00395040
0.00379410
0.00370650
0.00391820
0.00397250
0.00381090
0.00395390
0.00398840
0.00381250
0.00353500
0.00351900
0.00357630
0.00352120
0.00375990
0.00370550
0.00364740
0.00454380
0.00385300
0.00377690
0.00355030
0.00357650
0.00356770
0.00360110
0.00353060
0.00367700
0.00415490
0.00369810
0.00393530
0.00364610
0.00363830
0.00426590
0.00389840
0.00432290
0.00390080
0.00404430
0.00374180
0.00371530
0.00376340
0.00377350
0.00373060
0.00381430
0.00403680
0.00370720
0.00389550
0.00390660
0.00377630
0.00356020
0.00356260
0.00399360
0.00396210
0.00386440
0.00399230
0.00372230
0.00390070
0.00401680
0.00405680
0.00389050
0.00404770
0.00391370
0.00391180
0.00404070
0.00403780
0.00384260
0.00380870
0.00388790
0.00378800
0.00399090
0.00387080
0.00383420
0.00364550
0.00368230
0.00386110
0.00407700
0.00395640
0.00397290
0.00402070
0.00362090
0.00360360
0.00369410
0.00386460
0.00407720
0.00383650
0.00361020
0.00353630
0.00356110
0.00386650
0.00396670
0.00363140
0.00376930
0.00392330
0.00411980
0.00391520
0.00406120
0.00389020
0.00414330
0.00411980
0.00400700
0.00389610
0.00393890
0.00377150
0.00358200
0.00366780
0.00409550
0.00412250
0.00405710
0.00403010
0.00365820
0.00381160
0.00403010
0.00375890
0.00447840
0.00442260
0.00410280
0.00385120
0.00390850
