0.22750310
0.00847720
0.00888100
0.00887890
0.00922720
0.00942290
0.00936020
0.00865110
0.00829280
0.00912330
0.00878480
0.00916190
0.00914130
0.00826550
0.00912920
0.00936410
0.00935950
0.00928010
0.00899720
0.00931350
0.00879040
0.00875440
0.00903530
0.00784780
0.00874930
0.00887200
0.00768850
0.00832770
0.00865550
0.00806320
0.00800490
0.00884550
0.00819090
0.00755890
0.00806840
0.00786850
0.00795560
0.00673610
0.00809580
0.00838440
0.00738420
0.00732310
0.00696540
0.00783730
0.00784100
0.00695290
0.00794770
0.00793220
0.00712430
0.00697360
0.00796990
0.00741400
0.00718330
0.00751420
0.00715880
0.22927000
0.00826170
0.00792620
0.00861890
0.00823960
0.00836280
