0.20986420
0.00691840
0.00676620
0.00696260
0.00669780
0.00685700
0.00667930
0.00645200
0.00669290
0.00709710
0.00683330
0.00705350
0.00714220
0.00730290
0.00704610
0.00683370
0.00681770
0.00706740
0.00692330
0.00695140
0.00705600
0.00695250
0.00697270
0.00709050
0.00708650
0.00716080
0.00728060
0.00685760
0.00694490
0.00759720
0.00712040
0.00713710
0.00657880
0.00554700
0.00534590
0.00535930
0.00533770
0.00531880
0.00541480
0.00556690
0.00571140
0.00561100
0.00539370
0.00576840
0.00560340
0.00555920
0.00544730
0.00508240
0.00507040
0.00538000
0.00513600
0.00507960
0.00542000
0.00536710
0.00529430
0.00532300
0.00552520
0.00523350
0.00561680
0.00534920
0.00466760
0.00450000
0.00448100
0.00443720
0.00436980
0.00464500
0.00444470
0.00436630
0.00445900
0.00442900
0.00466590
0.00454810
0.00460110
0.00460040
0.00473370
0.00499640
0.00471420
0.00501720
0.00468490
0.00459640
0.00472490
0.00460400
0.00450260
0.00458910
0.00464160
0.00472990
0.00505330
0.00482340
0.00464520
0.00480600
0.00468900
0.00467860
0.00450390
0.00438730
0.00438330
0.00418370
0.00410850
0.00421790
0.00516730
0.00485690
0.00473830
0.00476900
0.00446080
0.00457240
0.00467380
0.00477510
0.00472060
0.00465050
0.00438180
0.00419040
0.00412290
0.00411110
0.00417000
0.00466550
0.00443610
0.00442360
0.00464420
0.00414680
0.00475540
0.00475250
0.00423650
0.00469590
0.00459430
0.00447860
0.00451480
0.00444970
0.00454930
0.00453040
0.00449090
0.00463190
0.00456920
0.00442040
0.00454640
0.00452550
0.00421430
0.00457290
0.00430420
0.00428640
0.00472620
0.00453540
0.00425200
0.00437360
0.00442850
0.00443740
0.00447460
0.00445470
0.00448860
0.00431830
0.00477120
0.00500620
0.00451860
0.00434750
0.00434630
0.00449940
0.00428350
0.00439660
0.00441570
0.00450060
0.00448260
0.00398170
0.00396920
0.00393410
0.00394590
0.00395660
0.00453780
0.00435280
0.00418690
0.00412100
0.00419720
0.00442100
0.00421950
0.00426910
0.00409690
0.00415220
0.00425680
0.00423270
0.00502090
0.00468050
0.00446750
0.00408790
0.00435340
0.00438340
0.00436250
0.00447100
0.00450880
0.00433060
0.00441540
0.00458860
0.00449270
0.00427010
0.00388460
0.00395960
0.00451830
0.00441020
0.00412430
0.00398530
0.00397370
0.00411610
0.00407730
0.00427970
0.00443560
0.00445920
0.00454660
0.00443290
0.00422430
0.00401430
0.00401500
0.00408850
0.00408560
0.00401260
0.00401200
0.00396350
0.00404600
0.00403800
0.00420010
0.00436740
0.00412060
0.00431870
0.00436530
0.00416160
0.00399670
0.00450170
0.00431890
0.00429910
0.00393540
0.00444490
0.00488140
0.00436630
0.00434970
0.00447440
0.00451390
0.00413150
0.00410800
0.00442060
0.00437780
0.00438350
0.00433810
0.00420420
0.00502950
0.00467950
0.00428440
0.00438130
0.00415450
0.00412420
0.00415770
0.00438660
0.00444530
0.00459720
0.00420920
0.00469740
0.00436990
0.00438800
0.00440220
0.00434300
0.00458430
0.00436030
0.00440340
0.00439630
0.00433650
0.00426590
0.00436820
0.00467200
0.00424190
0.00432960
0.00454290
0.00439660
0.00464760
0.00453990
0.00455280
0.00462440
0.00459350
0.00448850
0.00462660
0.00463900
0.00436810
0.00440040
0.00431270
0.00417600
0.00434590
0.00484350
0.00432960
0.00442990
0.00428900
0.00442780
0.00407150
0.00419220
0.00516090
0.00422460
0.00419350
0.00402340
0.00400610
0.00443490
0.00472280
0.00438270
0.00457410
0.00426840
0.00452580
0.00528270
0.00438570
0.00443100
0.00422100
0.00511740
0.00454730
0.00469590
0.00472270
0.00441960
0.00477340
0.00415300
0.00406550
0.00398160
0.00421510
0.00417270
0.00454670
0.00423670
0.00429280
0.00413070
0.00402480
0.00446150
0.00435510
0.00441000
0.00435380
0.00426720
0.00430150
0.00447560
0.00422290
0.00448410
0.00438370
0.00460070
0.00463090
0.00453880
0.00432260
0.00430400
0.00433270
0.00436060
0.00456530
0.00460430
0.00438370
0.00432700
0.00431350
0.00436940
0.00442950
0.00457600
0.00462620
0.00431280
0.00442790
0.00438270
0.00437260
0.00437420
0.00417360
0.00452860
0.00461440
0.00463520
0.00445560
0.00460140
0.00461580
0.00450510
0.00448720
0.00451710
0.00459090
0.00470040
0.00490020
0.00409010
0.00408780
0.00446630
0.00453220
