0.22036770
0.00508250
0.00523950
0.00519600
0.00524120
0.00516500
0.00489900
0.00491220
0.00542980
0.00545720
0.00523730
0.00507890
0.00507560
0.00492290
0.00500940
0.00497390
0.00502030
0.00509580
0.00513130
0.00513480
0.00509020
0.00533410
0.00549110
0.00525770
0.00563480
0.00567060
0.00571300
0.00515300
0.00490950
0.00496150
0.00487400
0.00512370
0.00500640
0.00498110
0.00482790
0.00516660
0.00520470
0.00515860
0.00513410
0.00487200
0.00497640
0.00535310
0.00528000
0.00497820
0.00483250
0.00490370
0.00451160
0.00450210
0.00447930
0.00451210
0.00469820
0.00470630
0.00465910
0.00465940
0.00487870
0.00483440
0.00486070
0.00477780
0.00461500
0.00470650
0.00510980
0.00455870
0.00442900
0.00444350
0.00436970
0.00437410
0.00453360
0.00473300
0.00455710
0.00498210
0.00469010
0.00465560
0.00474560
0.00499300
0.00477890
0.00465920
0.00450450
0.00452340
0.00483200
0.00432230
0.00445020
0.00458930
0.00484340
0.00462640
0.00427840
0.00457010
0.00463810
0.00462990
0.00423120
0.00417990
0.00432880
0.00426930
0.00414100
0.00412510
0.00408510
0.00421720
0.00419590
0.00440570
0.00457220
0.00464070
0.00437080
0.00425750
0.00471260
0.00456710
0.00439680
0.00442110
0.00407070
0.00405190
0.00401820
0.00417230
0.00489290
0.00447730
0.00429960
0.00414600
0.00456100
0.00444240
0.00440990
0.00457470
0.00486310
0.00498020
