0.34509440
0.01765460
0.01502400
0.01459770
0.01532260
0.01552240
0.00638120
0.00600380
0.00586380
0.00607690
0.00639490
0.00606090
0.00578510
0.00607280
0.00583070
0.00626530
0.00555680
0.00545370
0.00619870
0.00561930
0.00584840
0.00604860
0.00611040
0.00593060
0.00632280
0.00627070
0.00571550
0.00651980
0.00645130
0.00642350
0.00610720
0.00620100
0.00674570
0.00631860
0.00724010
0.00639600
0.00598200
0.00582940
0.00652250
0.00616380
0.00556280
0.00600690
0.00598480
0.28012280
0.00624000
0.00629300
0.00616380
0.00616920
0.00873590
0.00619390
0.00690890
0.00724050
0.00769460
0.00709940
0.00807320
0.00848120
0.00773860
0.00723690
0.00808990
0.00744880
0.00704860
0.00754230
0.00665030
0.00762750
0.00691610
0.00739760
0.00705750
0.00745750
0.00747880
0.00706940
0.00697300
0.00878560
0.00819370
0.00836760
0.00858470
0.00894400
0.00849860
0.00802040
0.00908330
0.01176370
0.00852920
0.00877040
0.01244630
0.00846940
0.00885020
0.00785570
0.00875370
0.00884150
0.00930910
0.00953250
0.00880590
0.00863410
0.00870150
0.00885420
0.00875250
0.00909180
0.00958340
0.00916640
0.00900390
0.00986030
0.00956060
0.00928970
0.00955600
0.00938600
0.00969790
0.00866320
0.00980760
0.01019720
0.00994500
0.01028190
0.00882150
0.00901690
0.00899700
0.01003050
0.00982860
0.01006400
0.01045550
0.00969070
