0.19316720
0.00566310
0.00640230
0.00656270
0.00575840
0.00569660
0.00551890
0.00674530
0.00661380
0.00599970
0.00558430
0.00586310
0.00654000
0.00659630
0.00580970
0.00652430
0.00639840
0.00581220
0.00572900
0.00631460
0.00608610
0.00563060
0.00570980
0.00650190
0.00698470
0.00625440
0.00608520
0.00593080
0.00577560
0.00554300
0.00574230
0.00564980
0.00592730
0.00570680
0.00522090
0.00555900
0.00558800
0.00499400
0.00589880
0.00568590
0.00572870
0.00568160
0.00575680
0.00532650
0.00521120
0.00580340
0.00542000
0.00556690
0.00542330
0.00541860
0.00551030
0.00539320
0.00523710
0.00534400
0.00520930
0.00530970
0.00540490
0.00475500
0.00526030
0.00484680
0.00479220
0.00501410
0.00518840
0.00511030
0.00529580
0.00520700
0.00493100
0.00499920
0.00502000
0.00504040
0.00524560
0.00493830
0.00483600
0.00459550
0.00473650
0.00459390
0.00460900
0.00446460
0.00452650
0.00435710
0.00427500
0.00466970
0.00492940
0.00456040
0.00429690
0.00430470
0.00470830
0.00434290
0.00458260
0.00502950
0.00540990
0.00435400
0.00433500
0.00403640
0.00397080
0.00408160
0.00406040
0.00447250
0.00442330
0.00465420
0.00444840
0.00427200
0.00426670
0.00388790
0.00389140
0.00418300
0.00451250
0.00436040
0.00425350
0.00483010
0.00454970
0.00488060
0.00423200
0.00458230
0.00441950
0.00434290
0.00438950
0.00413260
0.00399040
0.00387960
0.00403560
0.00432140
0.00419620
0.00410670
0.00413510
0.00447000
0.00449230
0.00420020
0.00444540
0.00424390
0.00426210
0.00414330
0.00424940
0.00426510
0.00390550
0.00382970
0.00403740
0.00407900
0.00401020
0.00402460
0.00395530
0.00395200
0.00416370
0.00451620
0.00418450
0.00443960
0.00439630
0.00420210
0.00424470
0.00416400
0.00416030
0.00400520
0.00421290
0.00431100
0.00427120
0.00438530
0.00422220
0.00409200
0.00444260
0.00428490
0.00414230
0.00454720
0.00455360
0.00415700
0.00456950
0.00440300
0.00413190
0.00423680
0.00404620
0.00411600
0.00420710
0.00416310
0.00425720
0.00427230
0.00422620
0.00424430
0.00429810
0.00424160
0.00420950
0.00435510
0.00406440
0.00374370
0.00399630
0.00424070
0.00404220
0.00424770
0.00416010
0.00421970
0.00396910
0.00379310
0.00555350
0.00395480
0.00396710
0.00434490
0.00437180
0.00427690
0.00400090
0.00421280
0.00428300
0.00412080
0.00420590
0.00419460
0.00413790
0.00401060
0.00404120
0.00404420
0.00416800
0.00418500
0.00421410
0.00425810
0.00401870
0.00420740
0.00392610
0.00418810
0.00450400
0.00409630
0.00403480
0.00397850
0.00398450
0.00391740
0.00390570
0.00397130
0.00393210
0.00381290
0.00420120
0.00400930
0.00441030
0.00432730
0.00389760
0.00378530
0.00374190
0.00375100
0.00372400
0.00374210
0.00372000
0.00388890
0.00470890
0.00419830
0.00390020
0.00376840
0.00409770
0.00428290
0.00418240
0.00507260
0.00395200
0.00431120
0.00391090
0.00379370
0.00396540
0.00402480
0.00384270
0.00373660
0.00383630
0.00407510
0.00407210
0.00431640
0.00404880
0.00394290
0.00420210
0.00420540
0.00396480
0.00406700
0.00431330
0.00402710
0.00396340
0.00391320
0.00395490
0.00424480
0.00396260
0.00379790
0.00384460
0.00411930
0.00416540
0.00402250
0.00404720
0.00417730
0.00432430
0.00406320
0.00415420
0.00394850
0.00413380
0.00405580
0.00402740
0.00394910
0.00392470
0.00396400
0.00408970
0.00419910
0.00418580
0.00389950
0.00401040
0.00406650
0.00427050
0.00423940
0.00399310
0.00404190
0.00404980
0.00409130
0.00419370
0.00424240
0.00374650
0.00370450
0.00371450
0.00370060
0.00396540
0.00437770
0.00418910
0.00400810
0.00409310
0.00414880
0.00378740
0.00408250
0.00408640
0.00407690
0.00419580
0.00406800
0.00417070
0.00409000
0.00445530
0.00393130
0.00375420
0.00369920
0.00396020
0.00399780
0.00398810
0.00431630
0.00414970
0.00405600
0.00414780
0.00413490
0.00369200
0.00367160
0.00406690
0.00417980
0.00391950
0.00416960
0.00396660
0.00388910
0.00385540
0.00401540
0.00397420
0.00418340
0.00398520
0.00413300
0.00393650
0.00418860
0.00423630
0.00406940
0.00398670
0.00403960
0.00416180
