0.19174960
0.00455820
0.00423170
0.00424120
0.00422640
0.00412050
0.00413690
0.00412710
0.00424300
0.00437550
0.00454050
0.00443010
0.00464620
0.00438890
0.00451280
0.00406440
0.00451210
0.00439000
0.00454710
0.00443820
0.00430420
0.00444490
0.00448800
0.00437460
0.00415680
0.00406810
0.00458230
0.00444180
0.00445820
0.00497040
0.00470570
0.00432700
0.00446710
0.00443090
0.00441720
0.00431920
0.00429060
0.00414130
0.00430880
0.00452160
0.00441370
0.00403090
0.00401620
0.00396270
0.00437040
0.00441200
0.00420720
0.00432150
0.00429240
0.00445160
0.00399790
0.00429790
0.00449500
0.00437370
0.00406760
0.00392590
0.00398550
0.00389470
0.00391430
0.00441520
0.00431360
0.00418550
0.00429320
0.00435700
0.00455660
0.00437050
0.00418680
0.00424210
0.00419830
0.00427820
0.00429900
0.00423210
0.00437720
0.00434510
0.00412750
0.00425010
0.00407020
0.00382340
0.00410960
0.00420910
0.00435730
0.00407870
0.00423360
0.00404960
0.00422430
0.00423720
0.00396760
0.00419730
0.00426330
0.00420390
0.00419630
0.00421370
0.00410140
0.00414650
0.00393140
0.00404010
0.00397390
0.00416720
0.00390910
0.00381080
0.00381000
0.00402950
0.00403670
0.00493800
0.00454380
0.00432410
0.00414720
0.00419060
0.00427790
0.00424910
0.00462750
0.00437570
0.00394250
0.00383140
0.00382840
0.00395150
0.00422490
0.00419440
0.00401290
0.00388790
0.00403410
0.00401770
0.00411220
0.00442380
0.00435040
0.00410210
0.00441160
0.00420790
0.00458340
0.00428040
0.00430560
0.00392370
0.00426450
0.00405080
0.00402220
0.00383380
0.00441340
0.00407680
0.00432970
0.00421770
0.00414780
0.00411860
0.00406310
0.00401470
0.00386030
0.00383900
0.00408550
0.00412970
0.00406290
0.00395770
0.00399790
0.00420930
0.00410770
0.00413830
0.00405000
0.00401730
0.00431920
0.00399890
