0.29230920
0.00430700
0.00476760
0.00501530
0.00449210
0.00518520
0.00492980
0.00496910
0.00486700
0.00483350
0.00463070
0.00480290
0.00433920
0.00462160
0.00485040
0.00449720
0.00502170
0.00426400
0.00721330
0.00612710
0.00440390
0.00580930
0.00661220
0.00477200
0.00496890
0.00602540
0.00487350
0.00439290
0.00459050
0.00462170
0.00462360
0.00508960
0.00466790
0.00465910
0.00459250
0.00423780
0.00491720
0.00433290
0.00431890
0.00437160
0.00454730
0.00477830
0.00424880
0.00458200
0.00483990
0.00462820
0.00459880
0.00545690
0.00474350
0.00487140
0.00431820
0.00443930
0.00426700
0.00553950
0.00427710
0.00499210
0.00469650
0.00760350
0.00531070
0.00474730
0.00454650
0.00450560
0.00463140
0.00437240
0.00477360
0.00442580
0.00460210
0.00484180
0.00486420
0.00451900
0.00451180
0.00446290
0.00443050
0.00427920
0.00423770
0.00411900
0.00435920
0.00443460
0.00434380
0.00428330
0.00436180
0.00457180
0.00475410
0.00419410
0.00438850
0.00461750
0.00431460
0.00420840
0.00417600
0.00449460
0.00480930
0.00500000
0.00532000
0.00415880
0.00388940
0.00450290
0.00421240
0.00451670
0.00464740
0.00493800
0.00555450
0.00480790
0.00448690
0.00433780
0.00453420
0.00537510
0.00685720
0.00603220
0.00469720
0.00569290
0.00442720
0.00438430
0.27518150
0.00472440
0.00454910
0.00445720
0.00398750
0.00489010
0.00475350
0.00496130
0.00474810
0.00465660
0.00470580
0.00476080
0.00438970
0.00436380
0.00460390
0.00478360
0.00446130
0.00466050
0.00459510
0.00443280
0.00466990
0.25031440
0.00497160
0.00446440
0.00492020
0.00451790
0.00531710
0.00450420
0.00411820
0.00489650
0.00459870
0.00416180
0.00481910
0.00485620
0.00468040
0.00472240
0.00485800
0.00429190
0.00433510
0.00445410
0.00457400
0.00434790
0.00438050
0.00460540
0.00451360
0.00472250
0.00434240
0.00717070
0.00418020
0.00471000
0.00483780
0.00504680
0.00503980
0.00469870
0.00435060
0.00449700
0.00443300
0.00447180
0.00544880
0.00457370
0.00480340
0.00485980
0.00434290
0.00445420
0.00437360
0.00442280
0.00462110
0.00455380
0.00467070
0.00458080
0.00750700
0.00448910
0.00412220
0.00439520
0.00470460
0.00471160
0.00449120
0.00453770
0.00439610
0.00488380
0.00438030
0.00602650
0.00414850
0.00503230
0.00460960
0.00435940
0.00450660
0.00445350
0.00416170
0.00465140
0.00437910
0.00460620
0.00462780
0.00431850
0.00439730
0.00420540
0.00404890
0.00412890
0.00435060
0.00442800
0.00480430
0.00425930
0.00424450
0.00437400
0.00404810
0.00457250
0.00427240
0.00437540
0.00477350
0.00402970
0.00449390
0.00439750
0.00458210
0.00454320
0.00396340
0.00438800
0.00412570
0.00437090
0.00464400
0.00455720
0.00432680
0.00425960
0.00427300
0.00440800
0.00465020
0.00442750
0.00430430
0.00436940
0.00453740
0.00509800
0.00448030
0.00393430
0.00407110
0.00404920
0.00553520
0.00394060
0.00442010
0.00448300
0.00440210
0.00432380
0.00515740
0.00420940
0.00462640
0.00461970
0.00449340
0.00675490
0.00436750
0.00488930
0.00432310
0.00496410
0.00510730
0.00726520
0.00600370
0.00425690
0.00492890
0.00495870
0.00563170
0.00522860
0.00538130
0.00422720
0.00442190
0.00440880
0.00486810
0.00447900
0.00451740
0.00429430
0.00442550
0.00407910
0.00428200
0.00501490
0.00438690
0.00453550
0.00455010
0.00446440
0.00474000
0.00472280
0.00516160
0.00464830
0.00518380
0.00564610
0.00497260
0.00470140
0.00486520
0.00476740
0.00472040
0.00474010
0.00423680
0.00460490
0.00450430
0.00438700
0.00434030
0.00560740
0.00478450
0.00472620
0.00442570
0.00444960
0.00462280
0.00462840
0.00512030
0.00556320
0.00462220
0.00452790
0.00448990
0.00450780
0.00439290
0.00500310
0.00554990
0.00463650
0.00440380
0.00440200
0.00464990
0.00484330
0.00468580
0.00872610
0.00530220
0.00434740
0.00488560
0.00443810
0.00554450
0.00548110
0.00468050
0.00479980
0.00435860
0.00404170
0.00449820
0.00450510
0.00529280
0.00421270
0.00452870
0.00482630
0.00471720
0.00482480
0.00439310
0.00456230
0.00426810
0.00443820
0.00457630
0.00462600
0.00462360
0.00437570
0.00428570
0.00482980
0.00441700
0.00426040
0.00516430
0.00530670
0.00470180
0.00544970
0.00462930
0.00485770
0.00435480
0.00439080
0.00457130
0.00679030
0.00460070
0.00551820
0.00481510
0.00449270
0.00458640
0.00440820
0.00438270
0.00468320
0.00468400
0.00446760
0.00429150
0.00474890
0.00467260
0.00436180
0.00471810
0.00469530
0.00421960
0.00633230
0.00452100
0.00465460
0.00461770
0.00426690
0.00421400
0.00437590
0.00436300
0.00621620
0.00441000
0.00444890
0.00427800
0.00392870
0.00442300
0.00419720
0.00474280
0.00459150
0.00480440
0.00464110
0.00468060
0.00439390
0.00465020
0.00696740
0.00594740
0.00423090
0.00414450
0.00450700
0.00480170
0.00468840
0.00408430
0.00449920
0.00410870
0.00441610
0.00449340
0.00455360
0.00497250
0.00466690
0.00466260
0.00427410
0.00426440
0.00432960
0.00478790
0.00454010
0.00412650
0.00420990
0.00414450
0.00463880
0.00464940
0.00472860
0.00467260
0.00452370
0.00472720
0.00440770
0.00424540
0.00440970
0.00759740
0.00450450
0.00510190
0.00471630
0.00455130
0.00421830
0.26928390
0.00519280
0.00459840
0.00423280
0.00490390
0.00463010
0.00460400
0.00451330
0.00442380
0.00429820
0.00432140
0.00450830
0.00484050
0.00463510
0.00468730
0.00461790
0.00444520
0.00427220
0.00423040
0.00425780
0.00493980
0.00465840
0.00431510
0.00437640
0.00466870
0.00463220
0.27603440
0.00471630
0.00469140
0.00426560
0.00448970
0.00392820
0.00391920
0.00498940
0.00441320
0.00419020
0.00438320
0.00455880
0.00447850
0.00420420
0.00465170
0.00483370
0.00650380
0.00689880
0.00465930
0.00460490
0.00437720
0.00488130
0.00468930
0.00454090
0.00449760
0.00469040
0.00437400
0.00475300
0.00461010
0.00443570
0.00441720
0.00558200
0.00473580
0.00434320
0.00453570
0.00456830
0.00503760
0.00472540
0.00536040
0.00435730
0.00523370
0.00471070
0.00469490
0.00466340
0.00641110
0.00558980
0.00454210
0.00525010
0.00467500
0.00461460
0.00456030
0.00466140
0.00554190
0.00473630
0.00517290
0.00468030
0.00476830
0.00479970
0.00459000
0.00439320
0.00506250
0.00605440
0.00469930
0.00439350
0.00476630
0.00564120
0.00530340
0.00441960
0.00517150
0.00444660
0.00472780
0.00446750
0.00449760
0.00444080
0.00489150
0.00464780
0.00432700
0.00499810
0.00449590
0.00467870
0.00415830
0.00573690
0.00474210
0.00457810
0.00534340
0.00470700
0.00440320
0.00498920
0.00405850
0.00803710
0.00565520
0.00485580
0.00542630
0.00623400
0.00531120
0.00413340
0.00691300
0.00471140
0.00467850
0.00663440
0.00454100
0.00469490
0.00445720
0.00492050
0.00508430
0.00428890
0.00419270
0.00485940
0.00838370
0.00514970
0.00449340
0.00487550
0.00460860
0.00419710
0.00482600
0.00488680
0.00659350
0.00457850
0.00420430
0.00586410
0.00495340
0.00467710
0.00448080
0.00469360
0.00434400
0.00643610
0.00481460
0.00498700
0.00460130
0.00481780
0.00461240
0.00465160
0.00478390
0.00464580
0.00486820
0.00430050
0.00476270
0.00466580
0.00463370
0.00461260
0.00460000
0.00437690
0.00440820
0.00581280
0.00483180
0.00473820
0.00481990
0.00465170
0.00419180
0.00467900
0.00455760
0.00452470
0.00494960
0.00451760
0.00486920
0.00410520
0.00423280
0.00526990
0.00512980
0.00429350
0.00534800
0.00500260
0.00471040
0.00452580
0.00449060
0.00442660
0.00452390
0.00466370
0.00469460
0.00697240
0.00492350
0.00762410
0.00511520
0.00460780
0.00492520
0.00485980
0.00490410
0.00459920
0.00493440
0.00482670
0.00496020
0.00479150
0.00472110
0.00502000
0.00778280
0.00452160
0.00490360
0.00475640
0.00479250
0.00503150
0.00625950
0.00603280
0.00442480
0.00587330
0.00591880
0.00709820
0.00584520
0.00478500
0.00507820
0.00530230
0.00461450
0.00480080
0.00455040
0.00480580
0.00456510
0.00449480
0.00646490
0.00518920
0.00522200
0.00491990
0.00491460
0.00449600
