0.21466950
0.00482250
0.00453070
0.00438080
0.00454910
0.00484920
0.00460450
0.00461900
0.00485710
0.00482590
0.00496290
0.00494840
0.00447180
0.00486910
0.00460370
0.00471330
0.00485900
0.00502320
0.00499090
0.00471280
0.00473770
0.00492550
0.00478130
0.00464770
0.00467310
0.00438790
0.00440100
0.00439080
0.00473840
0.00479870
0.00495580
0.00462000
0.00495680
0.00471630
0.00442500
0.00437300
0.00449450
0.00465970
0.00482980
0.00480540
0.00437010
0.00469060
0.00484290
0.00486820
0.00477950
0.00455360
0.00473720
0.00499530
0.00460410
0.00448450
0.00468560
0.00436220
0.00471560
0.00464080
0.00456330
0.00449470
0.00439750
0.00528690
0.00441520
0.00501340
0.00482380
0.00472110
0.00497090
0.00506870
0.00467520
0.00444420
0.00494420
0.00465590
0.00471690
0.00493780
0.00468410
0.00473850
0.00450420
0.00478590
0.00473740
0.00462350
0.00459180
0.00475470
0.00476840
0.00505600
0.00478210
0.00472910
0.00471710
0.00437000
0.00487690
0.00495070
0.00484790
0.00469250
0.00464770
0.00470220
0.00431310
0.00487830
0.00461600
0.00474630
0.00480890
0.00447390
0.00437720
0.00463210
0.00447580
0.00441320
0.00425460
0.00484810
0.00467770
0.00471200
0.00435650
0.00477440
0.00475980
0.00461880
0.00436170
0.00471650
0.00486610
0.00475660
0.00468880
0.00494590
0.00457900
0.00437160
0.00435390
0.00475580
0.00458700
0.00480890
0.00472400
0.00457740
0.00498790
0.00477390
0.00467330
0.00458430
0.00600130
0.00578660
0.00573140
0.00565410
0.00582590
0.00586530
0.00593090
0.00596360
0.00592930
0.00646270
0.00613600
0.00608340
0.00562110
0.00580820
0.00597620
0.00601870
0.00574000
0.00626360
0.00565360
0.00591430
0.00599450
0.00587940
0.00610870
0.00589650
0.00574110
0.00613240
0.00609410
0.00608750
0.00567700
0.00599060
0.00613440
0.00614850
0.00575510
0.00591940
0.00574710
0.00604810
0.00606370
0.00604370
0.00588910
0.00609230
0.00633540
0.00598520
0.00599400
0.00561360
0.00602260
0.00631860
0.00633380
0.00571010
0.00623490
0.00611630
0.00580490
0.00632720
0.00608220
0.00616860
0.00639990
0.00630630
0.00599150
0.00615440
0.00609450
0.00696900
0.00714730
0.00713840
0.00699430
0.00771270
0.00696430
0.00748430
0.00759790
0.00747210
0.00740750
0.00737440
0.00706200
0.00791800
0.00778510
0.00760940
0.00756050
0.00746880
0.00700850
0.00715640
0.00766290
0.00763950
0.00759270
0.00740630
0.00702840
0.00741190
0.00741770
0.00746800
0.00791270
0.00747370
0.00780530
0.00718480
0.00730520
0.00678960
0.00717500
0.00734210
0.00777050
0.00771230
0.00769120
0.22780440
0.22345290
0.22091880
0.22675070
0.23075620
0.22640720
0.22678440
0.23584990
0.23360130
0.01104410
0.01170140
0.28469170
0.29620420
0.01833380
0.01684940
0.01767300
0.01783900
