0.22687300
0.00912120
0.00894050
0.00908500
0.00878140
0.00832070
0.00840480
0.00891620
0.00895400
0.00871760
0.00861170
0.00869140
0.00860730
0.00862100
0.00900710
0.00873950
0.00891630
0.00892020
0.00890600
0.00890450
0.00884530
0.00876880
0.00884480
0.00887970
0.00901270
0.00885090
0.00910190
0.00890820
0.00895050
0.00892480
0.00854220
0.00867030
0.00902630
0.00848700
0.00856700
0.00890540
0.00919410
0.00852310
0.00896670
0.00892620
0.00893520
0.00912650
0.00892580
0.00892210
0.00866690
0.00925730
0.00901440
0.00941520
0.00874620
0.00936540
0.00914070
0.00900660
0.00910520
0.00893600
0.00890330
0.00916010
0.00909550
0.00884870
0.00915190
0.00904340
0.00873470
0.00876860
0.00899450
0.00890100
0.00926950
0.00907070
0.00876220
0.00879840
0.00872450
0.00922140
0.00910070
0.00939720
0.00914700
0.00931580
0.00896990
0.01000600
0.00998440
0.00962390
0.01004810
0.00989320
0.00978130
0.01037740
0.00935600
0.00988180
0.01012790
0.01005720
0.01040000
0.00991470
0.00998800
0.01000820
0.01016320
0.01051850
0.01052810
0.01046770
0.00971360
0.01128650
0.01012430
0.01044520
0.01030920
0.01056090
0.01044520
0.01048360
0.01063500
0.01046600
0.01068800
0.01050420
0.01025080
0.01085410
0.01011930
0.01071890
0.01075740
0.01064080
0.01044380
0.01048040
0.01113010
0.01096040
0.01146400
0.01030090
0.01113350
0.01131150
0.01062010
0.01072450
0.01118690
0.01141020
0.01046330
0.01110600
0.01103650
0.01120160
0.01121910
0.01114220
0.01119550
0.01123750
0.01285300
0.01123360
0.01162130
0.01068050
0.01087080
0.01168920
0.01163590
0.01158840
0.01075350
0.01163170
0.01254980
0.01215990
0.01220070
0.01203990
0.01125340
0.01178680
0.01232430
0.01196820
0.01135720
0.01129630
0.01132790
0.01206710
0.01220720
0.01175620
0.01197570
0.01144620
0.01167560
0.01123960
0.01093200
0.01144280
0.01126020
0.01137100
0.01090970
0.01090400
0.01093350
0.01112160
0.01102820
0.01133320
0.01145030
0.01099140
0.01064070
0.01125300
0.01111750
0.01094930
0.01109500
0.01047470
0.01051260
0.01116680
0.01080850
0.24015240
0.01168860
0.01212440
0.01190950
0.01179780
0.24015860
0.01267330
0.01212590
0.01232980
0.25588560
0.27925980
0.01911350
0.01878270
0.01723770
0.01720050
0.01720680
0.01736770
0.01800500
0.01760110
0.01747330
0.01735300
0.01728600
0.01619360
0.01686800
0.01544080
0.01574910
0.01585220
0.01542630
0.01578030
0.01546960
0.01522160
0.01485720
0.01467210
0.01465590
0.01470510
0.01479030
0.01497690
0.01520550
0.01522810
0.00591150
0.00599690
0.00611170
0.00585050
0.00578560
0.00603000
0.00597040
0.00592500
0.00567110
0.00578310
0.00593140
0.00582230
0.00587360
0.00564690
0.00583320
0.00587540
0.00684980
0.00706410
0.00689680
0.00694690
0.00719110
0.00691860
0.00632360
0.00711370
0.00644180
0.00597860
0.00610630
0.00601790
0.00599250
0.00579160
0.00613010
0.00603350
0.00610670
0.00613310
0.00604610
0.00579230
0.00619360
0.00570510
0.00610260
0.00599850
0.00617920
0.00586630
0.00599770
0.00630690
0.00618720
0.00628520
0.00594060
0.00591590
0.00584690
0.00576830
0.00622320
0.00606130
0.00588440
0.00612940
0.00601870
0.00586460
0.00573010
0.00566330
0.00620960
0.00563660
0.00625670
0.00572380
0.00567220
0.00579590
0.00558730
0.00552150
0.00621140
0.00604820
0.00577310
0.00602390
0.00564530
