0.20863490
0.00472100
0.00432150
0.00481330
0.00468740
0.00456540
0.00450930
0.00464430
0.00478220
0.00451150
0.00449720
0.00437760
0.00413400
0.00447600
0.00419010
0.00443640
0.00447280
0.00428740
0.00408850
0.00416560
0.00403370
0.00404720
0.00385660
0.00374940
0.00432440
0.00432440
0.00410610
0.00439540
0.00436930
0.00400000
0.00410490
0.00386430
0.00381100
0.00372000
0.00400400
0.00381640
0.00378750
0.00384790
0.00382660
0.00395850
0.00388570
0.00400850
0.00405030
0.00428310
0.00396720
0.00388360
0.00372820
0.00374560
0.00388980
0.00376210
0.00376760
0.00502860
0.00424660
0.00428160
0.00386420
0.00386080
0.00387780
0.00426600
0.00385910
0.00385630
0.00401840
0.00394360
0.00397590
0.00395240
0.00409260
0.00401890
0.00378770
0.00410150
0.00399270
0.00406230
0.00398350
0.00402010
0.00410800
0.00384990
0.00396540
0.00393190
0.00396550
0.00397930
0.00385690
0.00392700
0.00407860
0.00394280
0.00391530
0.00408000
0.00430280
0.00456750
0.00402940
0.00395620
0.00412480
0.00412380
0.00397780
0.00396450
0.00404410
0.00413050
0.00403310
0.00423830
0.00424510
0.00464830
0.00436500
0.00391020
0.00486260
0.00376770
0.00422750
0.00377560
0.00369150
0.00388650
0.00416280
0.00376860
0.00371680
0.00390000
0.00420890
0.00402810
0.00413330
0.00508050
0.00406150
0.00376510
0.00394610
0.00387100
0.00367560
0.00366170
0.00407510
0.00396980
0.00402000
0.00399740
0.00395640
0.00384120
0.00375450
0.00387380
0.00407100
0.00379720
0.00366150
0.00372160
0.00371600
0.00368700
0.00361970
0.00365350
0.00399300
0.00393050
0.00394970
0.00393300
0.00410250
0.00385350
0.00377750
0.00375440
0.00385080
0.00379590
0.00368700
0.00365230
0.00384890
0.00418880
0.00429590
0.00425390
0.00424770
0.00431330
0.00394600
0.00421310
0.00397230
0.00396730
0.00398590
0.00386230
0.00385960
0.00385710
0.00399950
0.00432450
0.00417500
0.00401910
0.00426270
0.00412600
0.00432100
0.00401160
0.00396010
0.00386230
0.00374140
0.00372060
0.00382650
0.00384720
0.00430400
0.00406240
0.00415300
0.00412260
0.00453860
0.00444270
0.00413090
0.00417620
0.00365060
0.00422380
0.00424380
0.00386570
0.00408220
0.00401680
0.00436980
0.00420620
0.00420040
0.00452250
0.00423760
0.00451070
0.00428530
0.00439840
0.00431760
0.00430300
0.00429380
0.00437500
0.00430770
0.00421930
0.00402300
0.00423240
0.00428410
0.00422000
0.00418560
0.00426760
0.00420250
0.00425940
0.00420460
0.00432740
0.00437380
0.00434310
0.00431830
0.00425590
0.00426970
0.00418900
0.00418270
0.00409500
0.00444590
0.00427540
0.00445070
0.00428620
0.00413390
0.00480460
0.00420660
0.00428420
0.00439980
0.00454530
0.00435440
0.00425200
0.00421360
0.00418270
0.00501810
0.00432670
0.00421000
0.00422190
0.00421070
0.00414700
0.00444890
0.00440870
0.00433190
0.00412600
0.00437610
0.00414160
0.00434750
0.00434770
0.00439090
0.00431020
0.00439780
0.00437120
0.00448820
0.00454080
0.00420960
0.00414410
0.00410410
0.00414800
0.00420030
0.00423170
0.00448990
0.00448750
0.00444360
0.00450760
0.00435880
0.00476270
0.00454010
0.00454740
0.00462490
0.00455230
0.00440100
0.00423670
0.00410680
0.00427820
0.00431320
0.00455200
0.00451090
0.00435760
0.00438950
0.00432030
0.00462180
0.00442200
0.00476200
0.00456570
0.00441600
0.00462210
0.00461200
0.00456540
0.00471190
0.00468200
0.00460490
0.00452160
0.00449250
0.00504600
0.00469510
0.00462030
0.00437380
0.00468130
0.00469040
0.00436420
0.00465820
0.00490720
0.00420690
0.00452930
0.00436810
0.00430650
0.00446280
0.00433780
0.00434180
0.00427080
0.00439730
0.00453940
0.00478480
0.00472030
0.00462330
0.00428510
0.00000000
0.00000000
0.00000000
0.00000000
0.19993910
0.00507400
0.00450240
0.00462760
0.00470110
0.00479320
0.00461010
0.00435800
0.00467390
0.00469870
0.00466080
0.00479310
0.00482830
0.00529400
0.00465520
0.00438420
0.00438340
0.00481870
0.00462860
0.00454950
0.00447230
0.00443820
0.00454820
0.00458960
0.00445060
0.00454530
0.00471710
0.00454940
0.00463630
0.00453890
0.00459150
0.00454500
0.00459210
0.00471820
0.00467900
0.00483580
0.00446470
0.00455130
0.00485040
0.00469360
0.00464840
0.00457200
0.00467380
0.00467620
0.00477950
0.00000000
0.00000000
0.00000000
0.00000000
0.21821420
0.00523320
0.00504440
0.00492380
0.00502090
0.00491410
0.00521490
0.00492840
0.00479600
0.00474390
0.00506060
0.00477810
0.00485450
0.00494090
0.00498720
0.00495250
0.00493140
0.00481300
0.00489580
0.00491650
0.00497300
0.00484580
0.00477260
0.00470200
0.00487940
0.00488940
0.00481090
0.00502780
0.00496940
0.00518180
0.00507810
