0.22112730
0.00771530
0.00691760
0.00694870
0.00706020
0.00703900
0.00716970
0.00710410
0.00715570
0.00721820
0.00718900
0.00704390
0.00709060
0.00732290
0.00711160
0.00722740
0.00720630
0.00719490
0.00726660
0.00767170
0.00749860
0.00739290
0.00746730
0.00737000
0.00735120
0.00727250
0.00755770
0.00711040
0.00719880
0.00735040
0.00715690
0.00719010
0.00717330
0.00574190
0.00567770
0.00549910
0.00562550
0.00546790
0.00532250
0.00558710
0.00532260
0.00530030
0.00576810
0.00564010
0.00574730
0.00556780
0.00579480
0.00527740
0.00553060
0.00570380
0.00542770
0.00549520
0.00516640
0.00564390
0.00574050
0.00591750
0.00512140
0.00537480
0.00534930
0.00562370
0.00582930
0.00558580
0.00545960
0.00476770
0.00491980
0.00492440
0.00505910
0.00496230
0.00475510
0.00480820
0.00506370
0.00469610
0.00431400
0.00434140
0.00462390
0.00448950
0.00455830
0.22172930
0.00530410
0.00471430
0.00514970
0.00520590
0.00494010
0.00493800
0.00510880
0.00516790
0.00465930
0.00480310
0.00448590
0.00447550
0.00457480
0.00458520
0.00466570
0.00456620
0.00478460
0.00461570
0.00436480
0.00456940
0.00460690
0.00475620
0.00474070
0.00520020
0.00459780
0.00489670
0.00473100
0.00476390
0.00464880
0.00441720
0.00474890
0.00449330
0.00462140
0.00472080
0.00466990
0.00461140
0.00453780
0.00485770
0.00463280
0.00476510
0.00467740
0.00490610
0.00465590
0.00491820
0.00453010
0.00460870
0.00436690
0.00426990
0.00435010
0.00443930
0.00430460
0.00428100
0.00421100
0.00403030
0.00417060
0.00435320
0.00413590
0.00435170
0.00432150
0.00424680
0.00437590
0.00442780
0.00431140
0.00431830
0.00425850
0.00396570
0.00386250
0.00392790
0.00417580
0.00421420
0.00424970
0.00437750
0.00419120
0.00418210
0.00437390
0.00426710
0.00411660
0.00439230
0.00420690
0.00444080
0.00423160
0.00436120
0.00409940
0.00418330
0.00423680
0.00421670
0.00413320
0.00400240
0.00413600
0.00402960
0.00398400
0.00416450
0.00420920
0.00443750
0.00409130
0.00431720
0.00435840
0.00430250
0.00424590
0.00401250
0.00393540
0.00437840
0.00419830
0.00409100
0.00426020
0.00412990
0.00400100
0.00404450
0.00403810
0.00408140
0.00410510
0.00412180
0.00422390
0.00425740
0.00444230
0.00420250
0.00420160
0.00439980
0.00431950
0.00406920
0.00443800
0.00438510
0.00411090
0.00410310
0.00402740
0.00418340
0.00407550
0.00416080
0.00429680
0.00418700
0.00407990
0.00415970
0.00431280
0.00432570
0.00410320
0.00414310
0.00404520
0.00411490
0.00416270
0.00425280
0.00421780
0.00422150
0.00421870
0.00444060
0.00432790
0.00424150
0.00418460
0.00409890
0.00414010
0.00445550
0.00456530
0.00394600
0.00389280
0.00426860
0.00435430
0.00418680
0.00400890
0.00430930
0.00441890
0.00429090
0.00390670
0.00399120
0.00407420
0.00463100
0.00415060
0.00417870
0.00409750
0.00402330
0.00417310
0.00419830
0.00433700
0.00458970
0.00435400
0.00420540
0.00412300
0.00437190
0.00465150
0.00431480
0.00428350
0.00425940
0.00429430
0.00429720
0.00414520
0.00396310
0.00414590
0.00471410
0.00424260
0.00444920
0.00450860
