0.22294510
0.00498710
0.00553380
0.00549190
0.00566110
0.00449290
0.00470400
0.00464130
0.00472980
0.00437130
0.00459180
0.00438470
0.00451080
0.00488070
0.00457620
0.00471530
0.00444050
0.00435230
0.00481240
0.00471590
0.00482590
0.00475610
0.00469630
0.00471980
0.00460190
0.00460510
0.00468610
0.00451940
0.00444780
0.00463570
0.00479480
0.00478700
0.00470780
0.00500930
0.00459860
0.00460300
0.00472510
0.00482530
0.00493150
0.00462190
0.00496980
0.00457170
0.00460540
0.00466560
0.00483700
0.00445100
0.00433220
0.00468880
0.00468050
0.00469970
0.00465790
0.00462140
0.00465160
0.00479560
0.00472900
0.00476520
0.00478030
0.00496140
0.00490280
0.00489690
0.00479800
0.00471260
0.00454070
0.00479870
0.00444460
0.00533970
0.00483770
0.00449230
0.00511920
0.00457580
0.00455950
0.00455780
0.00464790
0.00458660
0.00474050
0.00464190
0.00471320
0.00459770
0.00443650
0.00467790
0.00444400
0.00511980
0.00473930
0.00453460
0.00453350
0.00488600
0.00479740
0.00474080
0.00470880
0.00468350
0.00491650
0.00447120
0.00477670
0.00489190
0.00556190
0.00494900
0.00544490
0.00500780
0.00554420
0.00521690
0.00516760
0.00575870
0.00584810
0.00550690
0.00530920
0.00588560
0.00560620
0.00597000
0.00596070
0.00583260
0.00604480
0.00529100
0.00596420
0.00589170
0.00615170
0.00634630
0.00624510
0.00655640
0.00656180
0.00594970
0.00671340
0.00575040
0.00587830
0.00672980
0.00667110
0.00672840
0.00664070
0.00719020
0.00828290
0.00872770
0.00829710
