0.22478620
0.00605970
0.00587180
0.00604680
0.00576330
0.00588520
0.00596310
0.00570340
0.00552260
0.00595970
0.00581160
0.00550690
0.00519250
0.00522660
0.00499950
0.00488490
0.00584330
0.00519800
0.00524380
0.00573710
0.00558180
0.00538330
0.00487010
0.00504870
0.00532650
0.00524640
0.00524150
0.00518980
0.00490050
0.00551850
0.00502340
0.00548250
0.00538000
0.00509050
0.00497750
0.00491610
0.00516650
0.00504000
0.00531290
0.00528680
0.00520530
0.00505400
0.00524430
0.00523120
0.00543190
0.00511790
0.00498960
0.00528690
0.00519830
0.00523910
0.00536790
0.00540650
0.00529480
0.00528800
0.00505600
0.00494240
0.00545770
0.00558450
0.00532510
0.00603170
0.00547000
0.00541430
0.00540250
0.00509460
0.00545010
0.00556540
0.00558860
0.00545400
0.00504070
0.00499000
0.00522600
0.00537450
0.00496490
0.00508540
0.00531980
0.00506050
0.00527370
0.00586070
0.00609770
0.00606320
0.00599750
0.00557970
0.00581400
0.00616550
0.00609610
0.00610410
0.00614580
0.00608110
0.00598790
0.00606280
0.00680770
0.00633570
0.00598380
0.00660120
0.00630490
0.00592710
0.00575430
0.00555910
0.00556160
0.00569920
0.00601720
0.00553990
0.00571160
0.00559850
0.00543420
0.00527920
0.00517830
0.00504030
0.00514090
0.00499980
0.00488580
0.00522760
0.00535200
0.00520400
0.00495490
0.00509330
0.00523380
0.00574440
0.00508050
0.00568860
0.00539210
0.00558620
0.00549190
0.00569550
0.00514810
0.00561940
0.00559120
0.00574430
0.00653210
0.00561260
0.00543880
0.00592360
0.00584030
0.00573900
0.00612260
0.00556790
0.00531570
0.00573450
0.00555500
0.00531620
0.00589750
0.00529490
0.00533340
0.00639730
0.00592370
0.00557020
0.00571540
0.00549100
0.00591120
0.00542710
0.00578240
0.00534940
0.00572010
0.00514090
0.00553950
0.00597570
0.00598280
0.00619500
0.00655820
0.00698880
0.00602100
0.00660240
0.00620560
0.00623580
0.00563750
0.00545110
0.00548150
0.00531030
0.00566040
0.00511650
0.00545320
0.00556630
0.00549920
0.00605270
0.00579470
0.00577030
0.00547430
0.00596900
0.00548700
0.00584450
0.00591970
0.00555410
0.00559620
0.00554070
0.00549890
0.00549020
0.00542260
0.00555420
0.00540000
0.00567120
0.00550350
0.00559300
0.00567150
0.00549020
0.00559770
0.00559040
0.00533700
0.00574450
0.00590140
0.00568890
0.00547550
0.00585730
0.00529320
0.00564000
0.00588450
0.00555280
0.00603750
0.00627380
0.00592300
0.00576690
0.00595060
0.00615370
0.00559950
0.00559400
0.00528250
0.00564660
0.00544630
0.00535470
0.00621540
0.00560290
0.00555020
0.00525780
0.00561550
0.00548460
0.00584800
0.00574280
0.00579820
0.00609750
0.00561160
0.00616780
0.00598520
0.00535290
0.00522580
0.00569300
0.00559820
0.00543880
0.00550290
0.00575060
0.00558450
0.00583250
0.00558270
0.00533350
0.00567310
0.00582120
0.00634960
0.00569490
0.00591140
0.00553440
0.00554530
0.00565030
0.00529390
0.00529710
0.00528230
0.00539000
0.00527940
0.00538340
0.00554290
0.00557840
0.00570010
0.00533590
0.00510680
0.00540500
0.00560370
0.00516450
0.00506480
0.00515650
0.00518300
0.00539320
0.00605610
0.00577290
0.00611610
0.00593830
0.00588120
0.00590260
0.00602830
0.00601210
0.00587540
0.00582770
0.00661340
0.00642830
0.00663790
0.00707880
0.00676160
0.00694080
0.00646070
0.00655020
0.00675960
0.00619960
0.00644070
0.00641830
0.00633610
0.00675900
0.00682270
0.00658130
0.00633430
0.00645360
0.00636510
0.00667240
0.00671980
0.00628280
0.00689630
0.00639000
0.00625920
0.00676790
0.00669350
0.00609370
0.00630710
0.00677050
0.00620880
0.00667440
0.00677710
0.00627790
0.00674500
0.00664620
0.00670100
0.00648810
0.00654680
0.00639520
0.00591510
0.00631200
0.00675550
0.00629420
0.00624260
0.00600860
0.00693970
0.00632330
0.00602580
0.00636380
0.22743880
0.00632530
0.00614900
0.00615390
0.00600380
0.00636560
0.00594130
0.00621310
0.00676680
0.00625750
0.00717270
0.00743050
0.00671540
0.00696660
0.00707320
0.00690150
0.00780950
0.00697390
0.00738480
0.00653680
0.00594180
0.00619120
0.00635490
0.00654230
0.00639750
0.00656050
0.00647880
0.22211250
0.22274640
0.21735820
0.23610580
0.00815240
0.00801650
0.00738330
0.00756230
0.00789810
0.00799160
