0.22757790
0.00445690
0.00442360
0.00483760
0.00449510
0.00438110
0.00434270
0.00478660
0.00454860
0.00441280
0.00470410
0.00454890
0.00508060
0.00498380
0.00446920
0.00423310
0.00472200
0.00464190
0.00426520
0.00462820
0.00427380
0.00472910
0.00417030
0.00430530
0.00448250
0.00477870
0.00467250
0.00445960
0.00427420
0.00455350
0.00460870
0.00457050
0.00472920
0.00462910
0.00485880
0.00472140
0.00462870
0.00450100
0.00456080
0.00464000
0.00447750
0.00444920
0.00485870
0.00443080
0.00519140
0.00513550
0.00538620
0.00561440
0.00572370
0.00573430
0.00552880
0.00570670
0.00724880
0.00562470
0.00683260
0.00609460
0.00680470
0.00618430
0.00613230
0.00615700
0.00647100
0.00521390
0.00594700
0.00677490
0.00617200
0.00612820
0.00552560
0.00537080
0.00485310
0.00517300
0.00634930
0.00589370
0.00589800
0.00588980
0.00669350
0.00567830
0.00638530
0.00611280
0.00561950
0.00531620
0.00578310
0.00569640
0.00568120
0.00459970
0.00447220
0.00458300
0.00443490
0.00477870
0.00507370
0.00413390
0.00431560
0.00521290
0.00606600
0.00583300
0.00554850
0.00537650
0.00509270
0.00489400
0.00444110
0.00438300
0.00434860
0.00454180
0.00494650
0.00496720
0.00496120
0.00475780
0.00551930
0.00489260
0.00491470
0.00467380
0.00456720
0.00443890
0.00422250
0.00426780
0.00437550
0.00473330
0.00432850
0.00453210
0.00439760
0.00447070
0.00422160
0.00432220
0.00421460
0.00492210
0.00459310
0.00435490
0.00424500
0.00665180
0.00471250
0.00474490
0.00454520
0.00427900
0.00476320
0.00469640
0.00446370
0.00426380
0.00465490
0.00479800
0.00451230
0.00456700
0.00418450
0.00441720
0.00427910
0.00424250
0.00427110
0.00413340
0.00565920
0.00783940
0.00503840
0.00659710
0.00566660
0.00612930
0.00695140
0.00864000
0.00612750
0.00704670
