0.21958860
0.00562010
0.00575620
0.00559260
0.00562090
0.00577840
0.00549560
0.00578550
0.00564430
0.00537840
0.00542950
0.00575460
0.00569520
0.00546270
0.00515670
0.00530190
0.00568040
0.00511960
0.00512290
0.00515750
0.00525370
0.00553130
0.00566680
0.00561370
0.00543880
0.00554470
0.00566080
0.00525790
0.00550700
0.00454130
0.00453490
0.00482800
0.00465230
0.00461870
0.00460870
0.00451140
0.00464920
0.00455960
0.00461990
0.00437260
0.00429820
0.00434890
0.00462180
0.00462190
0.00443220
0.00470580
0.00490270
0.00462610
0.00440950
0.00485720
0.00457680
0.00436180
0.00451110
0.00452470
0.00443390
0.00461560
0.00435010
0.00419370
0.00423730
0.00449940
0.00424690
0.00440260
0.00473720
0.00461690
0.00485480
0.00506180
0.00476040
0.00431040
0.00408100
0.00403030
0.00398580
0.00417080
0.00414690
0.00419030
0.00405940
0.00404560
0.00435670
0.00425730
0.00394570
0.00386120
0.00415580
0.00405450
0.00444450
0.00427190
0.00392950
0.00428430
0.00422950
0.00446660
0.00442720
0.00447520
0.00442590
0.00427740
0.00423810
0.00416720
0.00419140
0.00423810
0.21832440
0.00439840
0.00416880
0.00463990
0.00468480
0.00420940
0.00435930
0.00470460
0.00477450
0.00432690
0.00446070
0.00428240
0.00433290
0.00439240
0.00438340
0.00413980
0.00415150
0.00389530
0.00435790
0.00426170
0.00432100
0.00418220
0.00402410
0.00397770
0.00399900
0.00437050
0.00415750
0.00410800
0.00413420
0.00434810
0.00429440
0.00413790
0.00421860
0.00422090
0.00401820
0.00420960
0.00399650
0.00436210
0.00440560
0.00440930
0.00431300
0.00450020
0.00432210
0.00438870
