0.20645370
0.01010860
0.00794030
0.00789340
0.00810790
0.00778250
0.00772690
0.00801300
0.00818090
0.00841360
0.00831320
0.00819230
0.00805020
0.00799340
0.00809920
0.00812290
0.00815720
0.00820900
0.00818400
0.00799090
0.00841640
0.00822110
0.00838030
0.00843270
0.00829870
0.00813820
0.00818490
0.00823480
0.00839670
0.00815920
0.00771420
0.00524360
0.00508190
0.00529340
0.00551020
0.00544960
0.00542100
0.00538300
0.00517910
0.00532600
0.00530980
0.00525280
0.00519420
0.00515500
0.00502100
0.00511880
0.00525100
0.00524140
0.00537620
0.00500150
0.00504760
0.00519280
0.00521140
0.00550920
0.00538770
0.00551480
0.00588230
0.00568490
0.00544130
0.00557480
0.00545010
0.00526060
0.00517730
0.00505240
0.00454070
0.00409020
0.00428160
0.00433000
0.00427750
0.00433800
0.00414710
0.00428100
0.00403790
0.00392500
0.00396180
0.00393330
0.00410530
0.00449280
0.00411630
0.00390460
0.00386900
0.00411370
0.00411930
0.00407090
0.00392900
0.00410190
0.00428300
0.00433830
0.00429040
0.00419040
0.00401280
0.00393990
0.00390350
0.00403820
0.00429890
0.00431950
0.00436130
0.00431940
0.00426530
0.00392970
0.00389830
0.00389740
0.00390870
0.00387050
0.00386860
0.00391880
0.00419830
0.00409380
0.00405400
0.00403300
0.00387040
0.00399490
0.00382970
0.00416570
0.00391210
0.00393210
0.00428870
0.00399220
0.00426110
0.00406010
0.00398850
0.00398950
0.00394920
0.00398240
0.00397910
0.00443620
0.00405570
0.00389770
0.00393310
0.00492110
0.00445720
0.00396560
0.00415250
0.00412940
0.00437320
0.00432800
0.00398820
0.00417870
0.00404880
0.00422370
