0.21005680
0.00418690
0.00420560
0.00414390
0.00417400
0.00439410
0.00418020
0.00425130
0.00435830
0.00420690
0.00403180
0.00424930
0.00427790
0.00391080
0.00429480
0.00409900
0.00432620
0.00416450
0.00401660
0.00408630
0.00415780
0.00420270
0.00431730
0.00410080
0.00422870
0.00405370
0.00443650
0.00432650
0.00424530
0.00402990
0.00416600
0.00431510
0.00417590
0.00394610
0.00438810
0.00400530
0.00393510
0.00431390
0.00388430
0.00412170
0.00446980
0.00396550
0.00393450
0.00423360
0.00432700
0.00425720
0.00420650
0.00435840
0.00402310
0.00396800
0.00392640
0.00379660
0.00418710
0.00429610
0.00427100
0.00426410
0.00415830
0.00399190
0.00420210
0.00430790
0.00424050
0.00450590
0.00442490
0.00449640
0.00445810
0.00416340
0.00445890
0.00446160
0.00455340
0.00422850
0.00433060
0.00426590
0.00434300
0.00421100
0.00444270
0.00431170
0.00469700
0.00445650
0.00465330
0.00464710
0.00477710
0.00433020
0.00465610
0.00456010
0.00450990
0.00464150
0.00469200
0.00444140
0.00450070
0.00421300
0.00424940
0.00419700
0.00410500
0.00452700
0.00441820
0.00462270
0.00437740
0.00428200
0.00439920
0.00435580
0.00443920
0.00440950
0.00451090
0.00435900
0.00442730
0.00441870
0.00443200
0.00445910
0.00443350
0.00421990
0.00408940
0.00433800
0.00444430
0.00444160
0.00451680
0.00466240
0.00439150
0.00418670
0.00441220
0.00444110
0.00433120
0.00429590
0.00424740
0.00417630
0.00421350
0.00447230
0.00441070
0.00444890
0.00433700
0.00431900
0.00422890
0.00396070
0.00426750
0.00441900
0.00401090
0.00431590
0.00396680
0.00451470
0.00444380
0.00433710
0.00419340
0.00426820
0.00418070
0.00431530
0.00455010
0.00442020
0.00404900
0.00423740
0.00400160
0.00443310
0.00441630
0.00437970
0.00438850
0.00438440
0.00421630
0.00443500
0.00417970
0.00408230
0.00437340
0.00447460
0.00481320
0.00407990
0.00441180
0.00449470
0.00413140
0.00395070
0.00383640
0.00388630
0.00427560
0.00428300
0.00426850
0.00440730
0.00415810
0.00427150
0.00386270
0.00399340
0.00436010
0.00439560
0.00497270
0.00457550
0.00419080
0.00413460
0.00419580
0.00432910
0.00441880
0.00414460
0.00425070
0.00421530
0.00398480
0.00420670
0.00421740
0.00427370
0.00431070
0.00411570
0.00420050
0.00419180
0.00458970
0.00447360
0.00424880
0.00439000
0.00431960
0.00404290
0.00399130
0.00422150
0.00441560
0.00422310
0.00431410
0.00455600
0.00437300
0.00419430
0.00470810
0.00441850
0.00425770
0.00443830
0.00441390
0.00405970
0.00424060
0.00418980
0.00405560
0.00434450
0.00461240
0.00439140
0.00417900
0.00500750
0.00449370
0.00442000
0.00453530
0.00441830
0.00436550
0.00444740
0.00445230
0.00446100
0.00431870
0.00449140
0.00490720
0.00445850
0.00462170
0.00481880
0.00438940
0.00470170
0.00455900
0.00427690
0.00417750
0.00477510
0.00477350
0.00461400
0.00417100
0.00465110
0.00421950
0.00415220
0.00410810
0.00455000
0.00449100
0.00431290
0.00429900
0.00420710
0.00450900
0.00465190
0.00449160
0.00457690
0.00446860
0.00456920
0.00443530
0.00440940
0.00448030
0.00454780
0.00424720
0.00483820
0.00482410
0.00456200
0.00474090
0.00471780
0.00445630
0.00440690
0.00438990
0.00442370
0.00440550
0.00446150
0.00439000
0.00443540
0.00441880
0.00459100
0.00454080
0.00461300
0.00427850
0.00453380
0.00490120
0.00462840
0.00466530
0.00467950
0.00455580
0.00476730
0.00502020
0.00488430
0.00490640
0.00436870
0.00491280
0.00457090
0.00460440
0.00442520
0.00461240
0.00485010
0.00452690
0.00455490
0.00477760
0.00457120
0.00466020
0.00478940
0.00455260
0.00471900
0.00484210
0.00449890
0.00449240
0.00464010
0.00473870
0.00439180
0.00465260
0.00458440
0.00482070
0.00448620
0.00435610
0.00450680
0.00470920
0.00426810
0.00475210
0.00440720
0.00476540
0.00490920
0.00481900
0.00466150
0.00468070
0.00447710
0.00429250
0.00434020
0.00458620
0.00455720
0.00488700
0.00476660
0.00479430
0.00458850
0.00463190
0.00472050
0.00458220
0.00485790
0.00465710
0.00449350
0.00470130
0.00446950
0.00443680
0.00446780
0.00466630
0.00461410
0.00501760
0.00440080
0.00444690
0.00483120
0.00483810
0.00460670
0.00503650
0.00460320
0.00454800
0.00476300
0.00465030
0.00470910
0.00457930
0.00479950
0.00426420
0.00492960
0.00490580
0.00474990
0.00447980
0.00473060
0.00479540
0.00490860
0.00472660
0.00507360
0.00517470
0.00447940
0.00491910
0.00490770
0.00490190
0.00501920
0.00479640
0.00451490
0.00502070
0.00472820
0.00451340
0.00463330
0.00494900
0.00486100
0.00467190
0.00453820
0.00487000
0.00482440
0.00486650
0.00480980
0.00488140
0.00520180
0.00492430
0.00500030
0.00515750
0.00539070
0.00478610
0.00506290
0.00484270
0.00507800
0.00517020
0.00531980
0.00529500
0.00500120
0.00455930
0.00433480
0.00434830
0.00440050
0.00457050
0.00475850
0.00510360
0.00459270
0.00482510
0.00514700
0.00467690
0.00455730
0.00462370
0.00466830
0.00467200
0.00488750
0.00488930
0.00500400
0.00458580
0.00479300
0.00510500
0.00500730
0.00522540
0.00508620
0.00510570
0.00504620
0.00494360
0.00480950
0.00484770
0.00460980
0.00485660
0.00487650
0.00509490
0.00488120
0.00500620
0.00507290
0.00503350
0.00495370
0.00507570
0.00522590
0.00493350
0.00488810
0.00442070
0.00432270
0.00453650
0.00515390
0.00501490
0.00477730
0.00475150
0.00441200
0.00447090
0.00497930
0.00475480
0.00458230
0.00458350
0.00469810
0.00455020
0.00449940
0.00463550
0.00482340
0.00468860
0.00499030
0.00452340
0.00485980
0.00452900
0.00484030
0.00470080
0.00471590
0.00467370
0.00454410
0.00470910
0.00504720
0.00474140
0.00505890
0.00477730
0.00485020
0.00470400
0.00458880
0.00474020
0.00449240
0.00473300
0.00475750
0.00476150
0.00487460
0.00468090
0.00452160
0.00503070
0.00468960
0.00496790
0.00476260
0.00514100
0.00487140
0.00457230
0.00452240
0.00473580
0.00469800
0.00491400
0.00479850
0.00497860
0.00494390
0.00455710
0.00501910
0.00469310
0.00491340
0.00500810
0.00500250
0.00478190
0.00514010
0.00473570
0.00490520
0.00497140
0.00474470
0.00466440
0.00492400
0.00475960
0.00446430
0.00479300
0.00482260
0.00468450
0.00478410
0.00463950
0.00441870
0.00442260
0.00462150
0.00489490
0.00452350
0.00462400
0.00445420
0.00465970
0.00471450
0.00478730
0.00447930
0.00482860
0.00470920
0.00475400
0.00450030
0.00516230
0.00504390
0.00446860
0.00461990
0.00493630
0.00457940
0.00473740
0.00483690
0.00478400
0.00473170
0.00464320
0.00474840
0.00477560
0.00483340
0.00480260
0.00463290
0.00442920
0.00440830
0.00463940
0.00482600
0.00511700
0.00488280
0.00475550
0.00487010
0.00453370
0.00466060
0.00449620
0.00511780
0.00464880
0.00472710
0.00460880
0.00453600
0.00492690
0.00487010
0.00484420
0.00486120
0.00451630
0.00507990
0.00486600
0.00498510
0.00498950
0.00511470
0.00507150
0.00503150
0.00522650
0.00506700
0.00500550
0.00501560
0.00482550
0.00489210
0.00463170
0.00464810
0.00496290
0.00484540
0.00498820
0.00473290
0.00489410
0.00486370
0.00488270
0.00465840
0.00501810
0.00491850
0.00497480
0.00463400
0.00464040
0.00472280
0.00455980
0.00486340
0.00496940
0.00486330
0.00516460
0.00530440
0.00534700
0.00508460
0.00503190
0.00484190
0.00536950
0.00510940
0.00515770
0.00483960
0.00527240
0.00521180
0.00488560
0.00549590
0.00511710
0.00526080
0.00483480
0.00540470
0.00536840
0.00537820
0.00528990
0.00523420
0.00541310
0.00532760
0.00498040
0.00528710
0.00540130
0.00523090
0.00509850
0.00516390
0.00495900
0.00530740
0.00546950
0.00515250
0.00502690
0.00525990
0.00524420
0.00535460
0.00591500
0.00527400
0.00475880
0.00513040
0.00489020
0.00530360
0.00533600
0.00505440
0.00470370
0.00500830
0.00504650
0.00514290
0.00531640
0.00519620
0.00527510
0.00563830
0.00520610
0.00519360
0.00507700
0.00479350
0.00496220
0.00538460
0.00552110
0.00550670
0.00529640
0.00529790
0.00485280
0.00483960
0.00468940
0.00532620
0.00511790
0.00537560
0.00546980
0.00540800
0.00504910
0.00553130
0.00548680
0.00509260
0.00529790
0.00472520
0.00557930
0.00539700
0.00510640
0.00554390
0.00503460
0.00537040
0.00509940
0.00559940
0.00534300
0.22411900
0.00531330
0.00515470
0.00544590
0.00572360
0.00518160
0.00506070
0.00485310
0.00494540
0.00476680
