0.23157690
0.00703870
0.00765090
0.00760840
0.00760840
0.00790820
0.00785080
0.00796720
0.00788930
0.00693170
0.00691300
0.00741860
0.00747970
0.00767850
0.00760070
0.00788260
0.00782500
0.00783490
0.00713580
0.00681530
0.00756570
0.00751040
0.00745120
0.00771810
0.00787010
0.00697650
0.00746770
0.00754240
0.00688850
0.00720250
0.00750020
0.00759770
0.00769980
0.00787000
0.00733370
0.00772880
0.00795950
0.00748330
0.00721510
0.00759920
0.00778160
0.00758250
0.00778710
0.00789550
0.00752140
0.00735240
0.00753070
0.00744560
0.00767330
0.00698970
0.00747280
0.00779080
0.00749070
0.00746990
0.00736630
0.00774150
0.00749990
0.00708600
0.00720140
0.00735940
0.00836660
0.00771250
0.00800090
0.00779920
0.00786750
0.00781120
0.00770330
0.00795290
0.00862720
0.00869520
0.00792970
0.00783140
0.00772970
0.00760560
0.00838560
0.00800090
0.00722880
0.00796280
0.00786570
0.00779190
0.00720260
0.00784050
0.00743060
0.00800490
0.00798090
0.00781390
0.00815620
0.00818870
0.00816540
0.00747150
0.00708730
0.00767690
0.00707370
0.00837050
0.00786650
0.00758660
0.00869210
0.00779150
0.00709500
0.00755600
0.00752050
0.00748500
0.00740540
0.00732400
0.00767990
0.00760660
0.00788910
0.00771990
0.00776110
0.00831210
0.00786360
0.00729000
0.00769080
0.00783590
0.00792240
0.00723440
0.00763940
0.00784540
0.00726000
0.00800570
0.00745550
0.00781390
0.00743130
0.00766750
0.00764660
0.00750980
0.00734660
0.00735690
0.00774320
0.00820830
0.00797960
0.00805030
0.00808030
0.00828880
0.00798100
0.00804940
0.00809980
0.00739530
0.00764940
0.00821580
0.00743190
0.00809530
0.00734550
0.00732610
0.00740490
0.00726730
0.00794680
0.00796170
0.00804530
0.00815520
0.00777450
0.00810640
0.00782250
0.00780140
0.00770110
0.00838860
0.00782300
0.00786080
0.00743530
0.00805470
0.00808000
0.00773260
0.00811400
0.00740560
0.00776880
0.00787550
0.00852570
0.00783340
0.00802120
0.00777960
0.00742730
0.00769120
0.00773060
0.00784450
0.00779870
0.00781260
0.00837450
0.00816600
0.00799880
0.00739170
0.00783120
0.00815150
0.00867950
0.00830900
0.00820640
0.00757380
0.00785770
0.00827310
0.00844610
0.00855930
0.00805040
0.00841250
0.00839570
0.00822060
0.00823960
0.00828720
0.00846260
0.00852640
0.00769750
0.00822740
0.00781550
0.00757360
0.00832530
0.00831550
0.00811490
0.00749200
0.00835570
0.00834790
0.00827810
0.00771590
0.00854910
0.00819310
0.00852970
0.00773730
0.00788980
0.00784650
0.00849280
0.00817300
0.00805840
0.00815530
0.00846540
0.00791750
0.00831280
0.00808740
0.00766760
0.00839780
0.00859150
0.00826050
0.00827240
0.00819200
0.00852360
0.00851300
0.00836090
0.00830110
0.00800400
0.00820130
0.00772380
0.00837030
0.00816710
0.00854200
0.00758410
0.00749350
0.00812100
0.00804960
0.00845170
0.00792780
0.00817380
0.00743400
0.00744930
0.00794280
0.00799130
0.00742460
0.00809440
0.00842560
0.00816690
0.00758510
0.00835880
0.00807650
0.00841950
0.00798730
0.00755910
0.00804040
0.00865300
0.00791770
0.00734820
0.00797210
0.00801720
0.00808440
0.00787900
0.00718870
0.00754900
0.00745510
0.00780830
0.00745040
0.00787730
0.00704840
0.00709720
0.00707010
0.00705660
0.00711470
0.00742780
0.00780610
0.00761110
0.00737850
0.00742100
0.00723790
0.00730340
0.00727370
0.00715130
0.00737700
0.00752580
0.00718810
0.00727930
0.00753820
0.00687220
0.00720020
0.00695420
0.00696570
0.00723840
0.00702440
0.00708360
0.00683270
0.00722960
0.00671360
0.00689800
0.00721810
0.00716050
0.00664340
0.00670270
0.00751120
0.00711160
0.00727200
0.00738850
0.00735580
0.00712180
0.00664520
0.00697920
0.00673710
0.00717810
0.00661400
0.00677050
0.00698200
0.00688510
0.00693610
0.00687910
0.00657670
0.00668050
0.00677830
0.00655270
0.00675340
0.00679910
0.00677650
0.00632610
0.00735650
0.00678730
0.00662920
0.00691320
0.00657440
0.00654820
0.00688350
0.00674340
0.00670260
0.00662400
0.00703440
0.00649640
0.00639660
0.00675910
0.00650760
0.00673870
0.00655030
0.00708490
0.00684770
0.00686270
0.00655490
0.00681320
0.00700660
0.00687860
0.00659700
0.00710440
0.00666470
0.00653020
0.00621190
0.00702890
0.00702140
0.00661620
0.00692560
0.00688020
0.00648150
0.00655970
0.00673340
0.00665210
0.00681210
0.00683590
0.00660710
0.00658500
0.00703450
0.00645080
0.00687230
0.00672470
0.00670130
0.00685830
0.00703570
0.00680630
0.00665760
0.00635550
0.00645170
0.00680640
0.00654290
0.00655410
0.00666650
0.00694540
0.00681990
0.00646090
0.00690880
0.21324680
0.00704630
0.00689380
0.00696800
0.00677980
0.00671190
0.00685600
0.00650450
0.00665970
0.00716780
0.00700380
0.00700830
0.00718360
0.00671500
0.00677770
0.00673460
0.00688890
0.00696560
0.00643890
0.00684920
0.00631790
0.00644990
0.00667890
0.00706400
0.00727770
0.00663930
0.00639490
0.00664940
0.00677830
0.00677440
0.00698320
0.00685540
0.00690140
0.00666190
0.00684410
0.00692710
0.00708910
0.00673960
0.00670170
0.00652750
0.00705350
0.00675460
0.00677900
0.00648220
0.00648880
0.00678470
0.00659120
0.00666990
0.00666620
0.00659680
0.00677900
0.00691630
0.00661370
0.00690800
0.00613360
0.00626090
0.00672480
0.00670200
0.00631690
0.00645840
0.00616540
0.00606420
0.00608770
0.00618860
0.00620080
0.00604910
0.00623250
0.00637910
0.00584770
0.00569740
0.00635020
0.00596330
0.00589030
0.00611850
0.00613090
0.00637250
0.00609660
0.00614380
0.00605230
0.00612620
0.00621880
0.00623120
0.00636370
0.00652790
0.00641070
0.00630480
0.00623420
0.00649690
0.00592750
0.00618580
0.00622710
0.00619240
0.00631450
0.00632700
0.00625310
0.00626200
0.00622560
0.00637590
0.00607410
0.00602650
0.00612860
0.00612140
0.00627300
0.00620990
0.00620760
0.00620600
0.00639560
0.00651450
0.00612880
0.00617170
0.00650890
0.00635240
0.00638780
0.00627800
0.00623430
0.00608530
0.00618200
0.00651370
0.00586850
0.00606050
0.00585910
0.00594850
0.00626010
0.00620640
0.00648490
0.00615830
0.00631100
0.00623550
0.00613970
0.00636780
0.00636700
0.00589300
0.00622020
0.00617130
0.00613520
0.00607760
0.00606780
0.00620910
0.00637630
0.00625570
0.00601830
0.00629950
0.00634660
0.00623960
0.00602940
0.00625540
0.00604100
0.00593670
0.00609550
0.00577460
0.00570620
0.00626660
0.00652900
0.00590580
0.00541520
0.00589100
0.00581750
0.00587010
0.00577710
0.00618590
0.00599600
0.00595880
0.00579780
0.00575310
0.00571270
0.00586760
0.00577870
0.00604630
0.00592510
0.00603310
0.00586400
0.00599900
0.00577600
0.00575570
0.00567780
0.00571370
0.00556110
0.00603270
0.00596400
0.00576180
0.00588720
0.00592570
0.00587070
0.00585760
0.00579970
0.00550500
0.00578740
0.00608010
0.00584180
0.00601360
0.00597950
0.00591070
0.00589200
0.00582370
0.00566370
0.00565310
0.00595790
0.00593030
0.00589940
0.00549220
0.00582190
0.00583380
0.00591910
0.00604050
0.00584910
0.00595760
0.00598610
0.00593140
0.00602410
0.00596570
0.00576800
0.00570710
0.00574960
0.00567590
0.00588650
0.00599550
0.04433080
0.02514610
0.00632470
0.00721570
0.00667430
0.00566250
0.00544490
0.00562020
0.00567170
0.00588160
0.00588630
0.00575600
0.00576340
0.00599180
0.00609860
0.00587990
0.00562860
0.00581650
0.00595010
0.00571380
0.00614720
0.00561020
0.00571570
0.00578890
0.00596720
0.20961630
0.21114360
0.20583100
0.23190280
0.22747140
0.00761070
0.00754650
0.00751520
0.00754020
0.00734880
0.00774740
0.00762260
0.00759380
0.00761190
0.00769850
0.00786470
0.00733980
0.00730530
0.00772750
0.00784610
0.00778340
0.00794330
0.00693760
0.00664290
0.00685830
0.00683030
0.00683680
0.00697470
0.00674830
0.00683150
0.00674080
0.00675670
0.00690900
0.00680050
0.00706710
0.00681150
0.00631490
0.00658650
0.00674100
0.00693240
0.00705520
0.00668980
0.00652360
0.00652600
0.00676290
0.00644110
0.00657720
0.00631740
0.00643970
0.00629540
0.00621560
0.00647070
0.00640080
0.00671170
0.00647200
0.00655690
0.00630900
0.00656070
0.00661160
0.00644400
0.00651930
0.00667410
0.00670790
0.00655880
0.00659180
0.00653980
0.00675740
0.00650010
0.00651980
0.00675600
0.00667000
0.00654550
0.00665970
