0.19356190
0.00415470
0.00371310
0.00359970
0.00391790
0.00379510
0.00381740
0.00356670
0.00359540
0.00360540
0.00379440
0.00384620
0.00388180
0.00404450
0.00402980
0.00407440
0.00482940
0.00397920
0.00389000
0.00370390
0.00405130
0.00399240
0.00378240
0.00373340
0.00367630
0.00363950
0.00366870
0.00381830
0.00391290
0.00378130
0.00396170
0.00387100
0.00401730
0.00387900
0.00422960
0.00385490
0.00367220
0.00369420
0.00372780
0.00367240
0.00364650
0.00403860
0.00377530
0.00358490
0.00370560
0.00394110
0.00388930
0.00399790
0.00382310
0.00384420
0.00535940
0.00404650
0.00431480
0.00413240
0.00399730
0.00387700
0.00383240
0.00368380
0.00375030
0.00368640
0.00375600
0.00384370
0.00382730
0.00407730
0.00410730
0.00411600
0.00429990
0.00381350
0.00370530
0.00364320
0.00396350
0.00382630
0.00400830
0.00380370
0.00385860
0.00360830
0.00359980
0.00362980
0.00376040
0.00363390
0.00386620
0.00389470
0.00394990
0.00387480
0.00388070
0.00391130
0.00410390
0.00402170
0.00408630
0.00399460
0.00419200
0.00401540
0.00392170
0.00416520
0.00402190
0.00400520
0.00395400
0.00419720
0.00403590
0.00398510
0.00405660
0.00376630
0.00397720
0.00402210
0.00399670
0.00386310
0.00391780
0.00380290
0.00387270
0.00407300
0.00387980
0.00406610
0.00407080
0.00393020
0.00408310
0.00387640
0.00385280
0.00398040
0.00395890
0.00419560
0.00394550
0.00393300
0.00364930
0.00372500
0.00421210
0.00392340
0.00402020
0.00387690
0.00442210
0.00483260
0.00427650
0.00394480
0.00422560
0.00414140
0.00414010
0.00395210
0.00381430
0.00387400
0.00384860
0.00377230
0.00415160
0.00383860
0.00422730
0.00394400
0.00430260
0.00401460
0.00401900
0.00405220
0.00389060
0.00386360
0.00366450
0.00361160
0.00478930
0.00391540
0.00386600
0.00370450
0.00378030
0.00393400
0.00391070
0.00399010
0.00394210
0.00401140
0.00413170
0.00412570
0.00390560
0.00394980
0.00411030
0.00409950
0.00408480
0.00405840
0.00371000
0.00367300
0.00369480
0.00370530
0.00407030
0.00377640
0.00405200
0.00408370
0.00398340
0.00390820
0.00409420
0.00399510
0.00369930
0.00373490
0.00373190
0.00377190
0.00408530
0.00406440
0.00367390
0.00364320
0.00369410
0.00381840
0.00378280
0.00371140
0.00362860
0.00358300
0.00373130
0.00387040
0.00406450
0.00391220
0.00432850
0.00422040
0.00417470
0.00402480
0.00393310
0.00384100
0.00427540
0.00401700
0.00375800
0.00373050
0.00371880
0.00369930
0.00370280
0.00373760
0.00438140
0.00398580
0.00392050
0.00369570
0.00392720
0.00417930
0.00403540
0.00400940
0.00398240
0.00400890
0.00399240
0.00408770
0.00399270
0.00395950
0.00392890
0.00409320
0.00427380
0.00400020
0.00446190
0.00400190
0.00397180
0.00392940
0.00382620
0.00399860
0.00397140
0.00398240
0.00397070
0.00389700
0.00374750
0.00368740
0.00369730
0.00364630
0.00375160
0.00418940
0.00419930
0.00413980
0.00415200
0.00429350
0.00409910
0.00403110
0.00408200
0.00420550
0.00414420
0.00411700
0.00428950
0.00415480
0.00410550
0.00419520
0.00416200
0.00420980
0.00419950
0.00432260
0.00411200
0.00419860
0.00422490
0.00409200
0.00400340
0.00498460
0.00401790
0.00410510
0.00419580
0.00400850
0.00401380
0.00400930
0.00401540
0.00390720
0.00418810
0.00427810
0.00395540
0.00432890
0.00451260
0.00415440
0.00434530
0.00398120
0.00398650
0.00388920
0.00438730
0.00424640
0.00412310
0.00501480
0.00439130
0.00402540
0.00415870
0.00439450
0.00434430
0.00427040
0.00413680
0.00429950
0.00410940
0.00420590
0.00429010
0.00413210
0.00417490
0.00386950
0.00390340
0.00455810
0.00448000
0.00437220
0.00422270
0.00419750
0.00395400
0.00417330
0.00415130
0.00414860
0.00410330
0.00413560
0.00414280
0.00426090
0.00406890
0.00410180
0.00419430
0.00422080
0.00400460
0.00427390
0.00407550
0.00464560
0.00440880
0.00420770
0.00428150
0.00411950
0.00412050
0.00455930
0.00443650
0.00443620
0.00402550
0.00393890
0.00396690
0.00392990
0.00408280
0.00413210
0.00410830
0.00424900
0.00441200
0.00451750
0.00448290
0.00433350
0.00438200
0.00453570
0.00416050
0.00395990
0.00449860
0.00434720
0.00453270
0.00447380
0.00434640
0.00409750
0.00413430
0.00556320
0.00450550
0.00451270
0.00439780
0.00458420
0.00431790
0.00424120
0.00448170
0.00405500
0.00440500
0.00428100
0.00432010
0.00430310
0.00471240
0.00453760
0.00474640
0.00492150
0.00410440
0.00439350
0.00441810
0.00410220
0.00411490
0.00412380
0.00417990
0.00418630
0.00462770
0.00462930
0.00458580
0.00451650
0.00454210
0.00461680
0.00437980
0.00418800
0.00421800
0.00415400
0.00461280
0.00448800
0.00465820
0.00449240
0.00450050
0.00443370
0.00485530
0.00452510
0.00447260
0.00479880
0.00467110
0.00451920
0.00474210
0.00430300
0.00436160
0.00428360
0.00416690
0.00419140
0.00420660
0.00418700
0.00455860
0.00448010
0.00454740
0.00446260
0.00481760
0.00481410
0.00463650
0.00468730
0.00490850
0.00469230
0.00510240
0.00489660
0.00488870
0.00432220
0.00434760
0.00429800
0.00464860
0.00450290
0.00569500
0.00497190
0.00457050
0.00490160
0.00504130
0.00462120
0.00510010
0.00485210
0.00526170
0.00507640
0.00497540
0.00499830
0.00495400
0.00452580
0.00454190
0.00448950
0.00480470
0.00498270
0.00495810
0.00513600
0.00447480
0.00472900
0.00478220
0.00489860
0.00527510
0.00549700
0.00551690
0.00507190
0.00492270
0.00502310
0.00498740
0.00501250
0.00524700
0.00516900
0.00491730
0.00462540
0.00502100
0.00471530
0.00511260
0.00502230
0.00488310
0.00465520
0.00487260
0.00486360
0.00445050
0.00453170
0.00500830
0.00490330
0.00488390
0.00449120
0.00437340
0.00439890
0.00462930
0.00490660
0.00505250
0.00492640
0.00481740
0.00479320
0.00470920
0.00440860
0.00479480
0.00473270
0.00473890
0.00454540
0.00449620
0.00447310
0.00445840
0.00466030
0.00457550
0.00508570
0.00494410
0.00513100
0.00514000
0.00457320
0.00446520
0.00444330
0.00447070
0.00486940
0.00478500
0.00496150
0.00484050
0.00476280
0.00495080
0.00466340
0.00493830
0.00489090
0.00488370
0.00473420
0.00486530
0.00486990
0.00509920
0.00481010
0.00474350
0.00487920
0.00498710
0.00502010
0.00496730
0.00497270
0.00508500
0.00506900
0.00482930
0.00448900
0.00429060
0.00442890
0.00493970
0.00472960
0.00440110
0.00434520
0.00432600
0.00436470
0.00493000
0.00487430
0.00491300
0.00497240
0.00454870
0.00461740
0.00452510
0.00412200
0.00413320
0.00436890
0.00427820
0.00415300
0.00415850
0.00410380
0.00410670
0.00438710
0.00466000
0.00447640
0.00420730
0.00432330
0.00438380
0.00432930
0.00425710
0.00401120
0.00395500
0.00395730
0.00395310
0.00407730
0.00427930
0.00399440
0.00389760
0.00399370
0.00402440
0.00400440
0.00407660
0.00430440
0.00441470
0.00425790
0.00466900
0.00479390
0.00410780
0.00430070
0.00419790
0.00427100
0.00405970
0.00398770
0.00384390
0.00381850
0.00383250
0.00377760
0.00386100
0.00410280
0.00411000
0.00397120
0.00426310
0.00433790
0.00404900
0.00392890
0.00416260
0.00400780
0.00405490
0.00418630
0.00413220
0.00376170
0.00378520
0.00373730
0.00375560
0.00379720
0.00418390
0.00484560
0.00385460
0.00406330
0.00420340
0.00426270
0.00412560
0.00395890
0.00375650
0.00366810
0.00366430
0.00380180
0.00404440
0.00393170
0.00397450
0.00383870
0.00394300
0.00380360
0.00392740
0.00367640
0.00385370
0.00387470
0.00412020
0.00394030
0.00389410
0.00448720
0.00406980
0.00411450
0.00416920
0.00398140
0.00399280
0.00386720
0.00402850
0.00386840
0.00383670
0.00407330
0.00402690
0.00405510
0.00402320
0.00413590
0.00385840
0.00399440
0.00395050
0.00398140
0.00388910
0.00367520
0.00361880
0.00382120
0.00368360
0.00362310
0.00457730
0.00389970
0.00407010
0.00412360
0.00409270
0.00407560
0.00389680
0.00391270
0.00385800
0.00380310
0.00377740
0.00376930
0.00379420
0.00374180
0.00390360
0.00365660
0.00405590
0.00385980
0.00376100
0.00405470
0.00385060
0.00400180
0.00425430
0.00409850
0.00390730
0.00396790
0.00396830
0.00396600
0.00385860
0.00395880
0.00390670
0.00389420
0.00401000
0.00384630
0.00395060
0.00390110
0.00411950
0.00381780
0.00413530
0.00384760
0.00373370
0.00406970
0.00365290
0.00388600
0.00402010
0.00408590
0.00409840
0.00392260
0.00394210
0.00415790
0.00435620
0.00403750
0.00388580
0.00408530
0.00409500
0.00419300
0.00399910
0.00385900
0.00406500
0.00396270
0.00405930
0.00410710
0.00401640
0.00393020
0.00396380
0.00382670
0.00403660
0.00404640
0.00382790
0.00380290
0.00373640
0.00365540
0.00365940
0.00399000
0.00379000
0.00370120
0.00382790
0.00367010
0.00381810
0.00376570
0.00414690
0.00410650
0.00399320
0.00392440
0.00396040
0.00405610
0.00399580
0.00408160
0.00401180
0.00405020
0.00411180
0.00406890
0.00409870
0.00412460
0.00404220
0.00377270
0.00381520
0.00367840
0.00358920
0.00355190
0.00356380
0.00357070
0.00355920
0.00356820
0.00359060
0.00384600
0.00402730
0.00414040
0.00386210
0.00401060
0.00403360
0.00388240
0.00382840
0.00399020
0.00365180
0.00377460
0.00368960
0.00381350
0.00400790
0.00392590
0.00416900
0.00370550
0.00377500
0.00366540
0.00412870
0.00399790
0.00485170
0.00424250
0.00414160
0.00391910
0.00396630
0.00371150
0.00388810
0.00389240
0.00373620
0.00393550
0.00386260
0.00393350
0.00375870
0.00384650
0.00378860
0.00412020
0.00403320
0.00385440
0.00354290
0.00361760
0.00399480
0.00357280
0.00359850
0.00414130
0.00400840
0.00398560
0.00401420
0.00398230
0.00390680
0.00408810
0.00421500
0.00386520
0.00412640
0.00441450
0.00398600
0.00415170
0.00392930
0.00410960
0.00403040
0.00420870
0.00416510
0.00399600
0.00378370
0.00380450
0.00376020
0.00412330
0.00404050
0.00409190
0.00397460
0.00397330
0.00395410
0.00393500
0.00398390
0.00397360
0.00396200
0.00409830
