0.27758840
0.01633910
0.01517570
0.01591610
0.01558780
0.01539680
0.01521130
0.01525140
0.01508910
0.01535270
0.01713870
0.01403930
0.00634820
0.00621260
0.00598390
0.00645880
0.00616600
0.00636410
0.00578690
0.00628060
0.00633870
0.00675440
0.00607520
0.00609390
0.00635970
0.00635670
0.00639310
0.00611420
0.00605440
0.00659920
0.00604230
0.00612590
0.00630440
0.00604740
0.00654960
0.00621800
0.00618740
0.00670340
0.00702510
0.00626120
0.00619020
0.00638770
0.00609820
0.00612570
0.00650520
0.00645300
0.00619940
0.00634070
0.00657520
0.00599510
0.00594830
0.00648770
0.00586690
0.00579910
0.00622570
0.00552880
0.00588070
0.00571480
0.00575970
0.00562870
0.00559760
0.00585330
0.00546870
0.00529950
0.00535170
0.00570660
0.00533740
0.00554040
0.00529420
0.00609710
0.00593200
0.00543570
0.00546150
0.00553300
0.00536260
0.00532890
0.00525740
0.00565820
0.00550800
0.00560000
0.00571450
0.00557620
0.00560780
0.00552140
0.00554390
0.00553570
0.00586130
0.00582420
0.00567090
0.00555940
0.00549230
0.00539990
0.00522790
0.00584670
0.00567390
0.00567100
0.00580630
0.00556620
0.00548300
0.00552560
0.00558110
0.00538720
0.00536970
0.00580230
0.00526160
0.00539030
0.00586360
0.00601080
0.00565400
0.00541860
0.00530200
0.00550510
0.00632250
0.00582980
0.00579770
0.00580090
0.00598000
0.00630850
0.00619750
0.00640720
0.00643910
0.00607750
0.00621410
0.00658680
0.00626180
0.00638280
0.00635850
0.00671630
0.00619410
0.00600640
0.00597580
0.00620250
0.00650890
0.00638360
0.00652710
0.00652420
0.00591940
0.00605850
0.00609190
0.00666630
0.00620560
0.00644100
0.00661590
0.00628300
0.00614730
0.00554310
0.00574380
0.00552810
0.00584670
0.00580810
0.00572010
0.00576180
0.00558850
0.00541290
0.00558030
0.00529820
0.00540490
0.00529710
0.00616690
0.00578900
0.00572560
0.00599690
0.00631670
0.00611730
0.00631510
0.00670160
0.00612780
0.00654300
0.00687480
0.00665740
0.00705330
0.00654270
0.00629410
0.00634480
0.00704280
0.00636700
0.00633320
0.00652960
0.00710890
0.00677890
0.00697130
0.00661140
0.00662960
0.00626240
0.00658240
0.00693310
0.00707690
0.00690190
0.00707510
0.00695920
0.00675300
0.00679160
0.00644520
0.00685460
0.00658460
0.00682070
0.00715640
0.00713680
0.00665720
0.00668740
0.00672160
0.00710570
0.00665960
0.00732040
0.00749790
0.00722070
0.00708220
0.00676450
0.00703370
0.00703550
0.00713150
0.00693360
0.00720450
0.00672220
0.00665240
0.00675570
0.00734990
0.00665940
0.00696620
0.00753890
0.00692590
0.00716750
0.00745390
0.00710200
0.00710160
0.00699110
0.00678600
0.00677000
0.00691930
0.00707480
0.00722770
0.00719940
0.00708820
0.00738120
0.00708830
0.00716490
0.00718650
0.00713870
0.00686970
0.00705030
0.00753760
0.00691240
0.00662570
0.00662830
0.00818220
0.00694520
0.00714970
0.00709100
0.00712960
0.00711270
0.00671800
0.00705410
0.00664160
0.00670890
0.00672770
0.00687620
0.00733950
0.00832500
0.00702340
0.00669460
0.00708050
0.00731740
0.00694060
0.00737990
0.00689410
0.00695760
0.00728540
0.00724850
0.00735740
0.00733950
0.00708730
0.00757340
0.00747130
0.00791490
0.00714860
0.00737010
0.00751210
0.00716320
0.00729830
0.00711360
0.00748230
0.00741470
0.00813860
0.00705080
0.00679750
0.00682600
0.00747680
0.00735650
0.00714500
0.00716290
0.00721750
0.00716950
0.00718750
0.00749640
0.00750070
0.00704980
0.00736670
0.00727350
0.00731460
0.00696290
0.00749310
0.00757990
0.00726750
0.00754460
0.00730780
0.00743880
0.00730700
0.00714090
0.00741440
0.00747000
0.00733320
0.00755930
0.00758770
0.00702660
0.00727520
0.00722330
0.00676750
0.00676750
0.00724160
0.00736760
0.00789510
0.00730910
0.00745910
0.00720910
0.00739170
0.00697260
0.00716230
0.00713400
0.00713390
0.00742880
0.00734600
0.00744210
0.00708850
0.00721940
0.00762080
0.00728480
0.00754600
0.00713540
0.00744410
0.00711180
0.00699360
0.00690970
0.00702550
0.00776220
0.00741170
0.00725700
0.00698660
0.00706910
0.00709280
0.00727380
0.00677580
0.00668560
0.00751450
0.00729060
0.00735320
0.00746590
0.00754550
0.00761260
0.00839680
0.00718320
0.00797000
0.00736510
0.00737330
0.00738150
0.00739540
0.00758850
0.00771530
0.00746260
0.00765070
0.00756230
0.00754640
0.00747600
0.00747680
0.00759490
0.00764210
0.00769480
0.00793320
0.00798250
0.00756620
0.00813320
0.00808640
0.00787220
0.00762840
0.00802650
0.00801530
0.00803310
0.00824650
0.00792980
0.00779650
0.00773380
0.00794060
0.00795310
0.00794150
0.00803210
0.00768700
0.00908150
0.00768990
0.00728380
0.00736160
0.00772720
0.00759040
0.00810810
0.00766250
0.00782630
0.00776140
0.00760260
0.00802010
0.00834690
0.00822610
0.00825090
0.00747440
0.00845420
0.00804530
0.00799120
0.00805840
0.00799190
0.00810070
0.00790690
0.00811970
0.00804590
0.00800000
0.00788060
0.00801700
0.00781100
0.00763280
0.00749610
0.00763880
0.00842510
0.00753380
0.00797880
0.00849490
0.00799570
0.00832970
0.00798370
0.00787260
0.00771280
0.00784160
0.00851670
0.00822270
0.00823020
0.00820540
0.00850950
0.00827540
0.00772380
0.00815000
0.00836350
0.00816890
0.00808280
0.00790930
0.00826610
0.00840190
0.00783840
0.00816180
0.00775950
0.00842200
0.00814820
0.00807950
0.00810520
0.00751060
0.00830320
0.00826860
0.00777080
0.00816530
0.00781160
0.00802190
0.00744940
0.00814770
0.00743560
0.00822130
0.00872170
0.00769500
0.00743700
0.00794210
0.00783290
0.00796360
0.00812880
0.00822630
0.00809220
0.00734780
0.00747900
0.00816310
0.00761420
0.00767990
0.00759160
0.00817440
0.00830400
0.00799660
0.00803770
0.00780300
0.00721150
0.00781160
0.00781000
0.00822030
0.00793590
0.00748550
0.00789870
0.00792410
0.00765260
0.00786070
0.00846870
0.00789180
0.00817480
0.00813040
0.00809990
0.00772360
0.00784400
0.00847920
0.00823890
0.00828190
0.00832560
0.00793050
0.00768820
0.00816100
0.00840640
0.00839990
0.00812410
0.00841040
0.00799580
0.00800440
0.00821260
0.00806530
0.00759230
0.00759230
0.00799670
0.00836720
0.00792050
0.00781790
0.00761810
0.00823960
0.00789340
0.00837580
0.00805350
0.00783290
0.00740010
0.00828910
0.00769230
0.00772300
0.00793200
0.00812560
