0.22638600
0.00472210
0.00457290
0.00434840
0.00458760
0.00454360
0.00410620
0.00428960
0.00432840
0.00457160
0.00442500
0.00420180
0.00405490
0.00410290
0.00435810
0.00427020
0.00440200
0.00443460
0.00448510
0.00439760
0.00446920
0.00419300
0.00427960
0.00430090
0.00425850
0.00427190
0.00428820
0.00447580
0.00430750
0.00468900
0.00420220
0.00445510
0.00443700
0.00493980
0.00462510
0.00427200
0.00457690
0.00421700
0.00448970
0.00457390
0.00441320
0.00475590
0.00421340
0.00429370
0.00447370
0.00458450
0.00447340
0.00419500
0.00403800
0.00440880
0.00430980
0.00451870
0.00476700
0.00418320
0.00442670
0.00400590
0.00460660
0.00446910
0.00442880
0.00446670
0.00410480
0.00452210
0.00443840
0.00472040
0.00460170
0.00436390
0.00425110
0.00455400
0.00458590
0.00455370
0.00468380
0.00455640
0.00458340
0.00460720
0.00462550
0.00451600
0.00440170
0.00406740
0.00424610
0.00415480
0.00391410
0.00477970
0.00430740
0.00423560
0.00410010
0.00406060
0.00401320
0.00434030
0.00416750
0.00411310
0.00420850
0.00407610
0.00424080
0.00400980
0.00431940
0.00439400
0.00432350
0.00446220
0.00419250
0.00437350
0.00429380
0.00416250
0.00421170
0.00415460
0.00415350
0.00424660
0.00432220
0.00420660
0.00433950
0.00410690
0.00423880
0.00412450
0.00432090
0.00440910
0.00472500
0.00446020
0.00432330
0.00423080
0.00418680
0.00419420
0.00390640
0.00447760
0.00434650
0.00453370
0.00430160
0.00429230
0.00412290
0.00397530
0.00398310
0.00405740
0.00431390
0.00470950
0.00528910
0.00519680
0.00509370
0.00553510
0.00503550
0.00502580
0.00544220
0.00538910
0.00524120
0.00504470
0.00523250
0.00501600
0.00528420
0.00513740
0.00526190
0.00535340
0.00548080
0.00520500
0.00505070
0.00542500
0.00514610
0.00587610
0.00634870
0.00554450
0.00585170
0.00540670
0.00536550
0.00561390
0.00509870
0.00543250
0.00511090
0.00570810
0.00542010
0.00532250
0.00534190
0.00554680
0.00520460
0.00510940
0.00525930
0.00524010
0.00517390
0.00551240
0.00545030
0.00561580
0.00554470
0.00541190
0.00536020
0.00537180
0.00551570
0.00579190
0.00553470
0.00561900
0.00534370
0.00625720
0.00606470
0.00628060
0.00636340
0.00681910
0.00634400
0.00645510
0.00639680
0.00658950
0.00618190
0.00624030
0.00711850
0.00678470
0.00652380
0.00637080
0.00685110
0.00651080
0.00613120
0.00593170
0.00679410
0.00675460
0.00656190
0.00666160
0.00681330
0.00621840
0.00658160
0.00653590
0.00685170
0.00685670
0.00679280
0.00686790
0.00668940
0.00648190
0.00667590
0.00701970
0.00651810
0.00763030
0.00705640
0.00705580
0.00683260
0.00660920
0.00654620
0.00720770
0.00691480
0.00634620
0.00644370
0.00644480
0.00654710
0.00688580
0.00738160
0.00701530
0.00701280
0.00678980
0.00711240
0.00690040
