0.24519720
0.00618550
0.00571440
0.00511950
0.00619210
0.00587260
0.00551130
0.00529970
0.00556690
0.00507380
0.00542110
0.00541920
0.00682670
0.00598460
0.00573210
0.00503830
0.00512940
0.00000000
0.00000000
0.00000000
0.00000000
0.25219770
0.00502200
0.00493250
0.00508870
0.00519380
0.00563470
0.00576070
0.00578220
0.00580920
0.00553840
0.00573390
0.00525370
0.00512510
0.00563590
0.00508730
0.00544800
0.00502780
0.00498760
0.00510750
0.00505360
0.00553810
0.00575060
0.00562300
0.00538550
0.00505010
0.00519010
0.00524440
0.00483710
0.00535460
0.00511930
0.00510580
0.00576030
0.00562250
0.00557810
0.00536160
0.00524310
0.00507890
0.00538960
0.00526830
0.00537310
0.00535890
0.00512090
0.00479750
0.00529770
0.00550490
0.00522160
0.00490560
0.00496510
0.00485900
0.00577940
0.00526090
0.00676630
0.00671050
0.00569400
0.00527970
0.00524490
0.00520920
0.00733110
0.00567880
0.00541840
0.00555380
0.00560550
0.00676130
0.00642270
0.00605340
0.00645860
0.00604520
0.00572430
0.00562540
0.00528020
0.00572110
0.00493430
0.00462900
0.00487510
0.00517930
0.00499020
0.00479830
0.00550810
0.00565880
0.00520430
0.00525220
0.00447130
0.00484280
0.00460610
0.00503500
0.00455210
0.00484260
0.00475030
0.00501010
0.00498670
0.00572370
0.00597450
0.00529470
0.00551150
0.00575760
0.00552780
0.00504260
0.00446750
0.00455780
0.00539790
0.00482590
0.00567610
0.00567030
0.00538850
0.00589040
0.00533750
0.00550250
0.00524840
0.00585030
0.00557950
0.00554830
0.00454640
0.00477500
0.00496490
0.00505310
0.00563910
0.00590990
0.00574770
0.00562340
0.00462890
0.00498400
0.00465710
0.02476830
0.01087900
0.00616360
0.00563690
0.00521340
0.00531570
0.00545680
0.00541730
0.00553070
0.00573510
0.00541430
0.00515730
0.00495200
0.00514310
0.00499090
0.00500650
0.00525270
0.00578900
0.00606170
0.00563440
0.00534340
0.00530170
0.00493580
0.00450540
0.00437200
0.00425470
0.00431920
0.00427870
0.00432900
0.00423200
0.00476550
0.00501380
0.00502690
0.00493610
0.00463700
0.00464540
0.00476540
0.00496000
0.00504990
0.00465700
0.00475870
0.00495180
0.00498570
0.00527360
0.00519180
0.00489180
0.00477940
0.00495550
0.00490230
0.00485940
0.00460380
0.00471030
0.00467080
0.00470880
0.00472900
0.00471750
0.00490780
0.00498240
0.00512450
0.00499960
0.00509810
0.00458670
0.00489950
0.00499740
0.00497190
0.00446160
0.00489400
0.00487900
0.00477880
0.00459410
0.00496650
0.00504340
0.00516150
0.00515620
0.00534150
0.00551610
0.00521110
0.00525890
0.00544520
0.00550970
0.00519440
0.00527870
0.00553120
0.00629950
0.00552860
0.00533200
0.00485540
0.00517030
0.00483700
0.00602880
0.00547230
0.00550700
0.00492990
0.00531650
0.00526880
0.00494620
0.00533050
0.00500770
0.00489160
0.00578150
0.00512450
0.00579690
0.00580030
0.00564730
0.00584550
0.00498560
0.00568470
0.00571710
0.00593040
0.00588990
0.00584340
0.00512520
0.00497700
0.00573360
0.00584270
0.00539610
0.00506560
0.00534090
0.00565090
0.00573510
0.00590560
0.00625220
0.00618750
0.00530220
0.00519790
0.00525580
0.00525930
0.00525310
0.00529190
0.00531440
0.00539590
0.00516210
0.00503100
0.00533740
0.00542530
0.00670350
0.00547150
0.00592740
0.00536950
0.00547290
0.00571080
0.00493760
0.00482440
0.00561860
0.00547850
0.00587520
0.00644190
0.00522160
0.00508850
0.00537280
0.00512620
0.00516000
0.00510670
0.00502640
0.00517980
0.00523760
0.00505230
0.00521140
0.00517310
0.00501930
0.00578700
0.00566630
0.00510410
0.00520200
0.00513390
0.00510930
0.00545850
0.00573570
0.00523480
0.00515300
0.00518930
0.00522460
0.00476460
0.00541610
0.00508540
0.00622170
0.00587580
0.00601480
0.00566060
0.00497050
0.00511700
0.00478020
0.00511980
0.00602340
0.00553010
0.00548740
0.00554230
0.00561580
0.00624270
0.00575320
0.00479340
0.00578330
0.00596160
0.00529540
0.00549450
0.00535460
0.00701090
0.00604150
0.00597690
0.00544750
0.00547890
0.00522300
0.00534430
0.00512690
0.00517370
0.00528550
0.00533490
0.00542080
0.00530230
0.00527280
0.00533120
0.00491370
0.00493590
0.00505810
0.00491970
0.00457820
0.00480640
0.00518360
0.00562980
0.00545660
0.00539190
0.00500220
0.00526830
0.00477600
0.00493370
0.00510270
0.00473700
0.00480750
0.00536740
0.00547970
0.00504830
0.00456720
0.00494660
0.00475960
0.00514240
0.00591020
0.00550190
0.00522140
0.00545170
0.00558370
0.00518390
0.00521450
0.00520530
0.00471960
0.00470110
0.00561960
0.00531640
0.00529210
0.00543090
0.00539670
0.00526570
0.00522860
0.00511440
0.00495820
0.00516850
0.00508590
0.00535490
0.00585210
0.00584610
0.00593370
0.00595780
0.00539840
0.00552300
0.00552470
0.00681230
0.00579960
0.00558160
0.00529530
0.00503870
0.00592140
0.00567360
0.00556840
0.00527840
0.00534890
0.00544960
0.00558190
0.00776200
0.00593350
0.00618720
0.00581460
0.00713700
0.00589620
0.00637130
0.00721500
0.00612590
0.00668920
0.00625470
0.00497210
0.00521790
0.00609770
0.00470150
0.00475710
0.00459190
0.00462270
0.00469830
0.00443170
0.00451210
0.00490680
0.00469230
0.00444990
0.00435980
0.00444250
0.00452940
0.00461010
0.00451680
0.00463000
0.00472820
0.00452210
0.00450890
0.00437410
0.00472810
0.00497260
0.00504210
0.00474980
0.00518410
0.00515750
0.00518030
0.00461360
0.00486590
0.00497520
0.00575200
0.03011330
0.00558260
0.00538440
0.00660670
0.00622720
0.00527010
0.00489930
0.00451110
0.00438370
0.00459490
0.00451180
0.00000000
0.00000000
0.00000000
0.00000000
0.22295960
0.00515970
0.00519510
0.00520160
0.00509600
0.00496240
0.00489410
0.00488380
0.00493280
0.00482400
0.00514640
0.00000000
0.00000000
0.00000000
0.00000000
0.21711700
0.00539600
0.00529980
0.00515780
0.00468400
0.00521370
0.00533330
0.00526690
0.00492190
0.00484180
0.00496340
0.00498310
0.00496660
0.00494180
0.00539720
0.00511210
0.00528340
0.00511590
0.00498840
0.00501840
0.00491990
0.00484020
0.00513850
0.00503530
0.00514190
0.00498450
0.00494400
0.00504160
0.00474690
0.00496330
0.00493300
0.00478880
0.00517310
0.00542420
0.00508490
0.00522490
0.00510480
0.00510010
0.00496750
0.00459230
0.00451750
0.00452230
0.00477450
0.00475800
0.00486380
0.00456490
0.00479370
0.00484900
0.00463560
0.00438870
0.00460210
0.00455640
0.00457810
0.00481590
0.00458200
0.00473570
0.00449680
0.00477460
0.00449620
0.00472790
0.00466980
0.00469320
0.00474480
0.00482680
0.00472660
0.00476280
0.00460610
0.00481200
0.00451940
0.00450100
0.00458720
0.00484300
0.00429860
0.00445930
0.00452700
0.00443670
0.00422620
0.00467110
0.00469700
0.00462730
0.00457360
0.00444190
0.00439570
0.00427630
0.00450570
0.00449970
0.00466870
0.00460300
0.00451270
0.00462420
0.00458570
0.00457140
0.00453860
0.00477080
0.00461200
0.00489000
0.00500410
0.00452460
0.00448830
0.00428030
0.00431370
0.00461880
0.00454930
0.00450170
0.00443870
0.00448240
0.00436890
0.00456920
0.00464510
0.00446970
0.00436270
0.00457620
0.00446480
0.00462180
0.00564020
0.00471780
0.00507640
0.00521290
0.00522260
0.00605840
0.00590740
0.00605740
0.00527090
0.00547780
0.00525380
0.00525600
0.00599820
0.00568350
0.00515560
0.00544100
0.00434840
0.00425810
0.00420950
0.00418020
0.00406630
0.00440800
0.00415430
0.00410150
0.00419360
0.00419260
0.00435400
0.00427750
0.00430610
0.00430200
0.00459960
0.00439780
0.00435880
0.00469600
0.00483330
0.00447350
0.00432120
0.00425380
0.00417370
0.00417060
0.00411970
0.00414250
0.00408240
0.00413720
0.00457210
0.00441820
0.00457710
0.00457980
0.00447040
0.00437480
0.00444350
0.00601820
0.00504540
0.00549340
0.00515570
0.00481210
0.00441310
0.00453800
0.00468250
0.00531670
0.00443410
0.00465460
0.00462340
0.00447940
0.00448020
0.00447080
0.00440920
0.00445020
0.00445470
0.00464480
0.00435740
0.00431630
0.00450930
0.00464160
0.00428570
0.00484230
0.00446120
0.00439210
0.00455950
0.00528280
0.00516990
0.00491150
0.00478190
0.00526470
0.00499640
0.00474690
0.00505490
0.00487200
0.00507430
0.00466430
0.00503830
0.00464590
0.00493910
0.00486510
0.00478510
0.00462920
0.00487340
0.00527790
0.00498730
0.00488470
0.00518140
0.00487580
0.00499850
0.00503010
0.00469390
0.00474020
0.00452770
0.00453130
0.00460470
0.00482990
0.00487350
0.00483260
0.00471570
0.00462390
0.00428340
0.00435820
0.00419920
