0.28994330
0.00527620
0.00565240
0.00596550
0.00607380
0.00712250
0.00557110
0.00523570
0.00551050
0.00575710
0.00562510
0.00560210
0.00563360
0.00568470
0.00548170
0.00591920
0.00565670
0.00526480
0.00550950
0.00569310
0.00615340
0.00554660
0.00557010
0.00578510
0.00537210
0.00567650
0.00528080
0.00539930
0.00558530
0.00585510
0.00599390
0.00549120
0.00562420
0.00603250
0.00567880
0.00536820
0.00763030
0.00546040
0.00564150
0.00568720
0.00609970
0.00539690
0.00601110
0.00600710
0.00693710
0.00576220
0.00566870
0.00552110
0.00636790
0.00549300
0.00531530
0.00579940
0.00543250
0.00615170
0.00638960
0.00537800
0.00562240
0.00609510
0.00526070
0.00561950
0.00642680
0.00616430
0.00572810
0.00622110
0.00661690
0.00596660
0.00538660
0.00537030
0.00764240
0.00655220
0.00551050
0.00543180
0.00556520
0.00507880
0.00546480
0.00742120
0.00553830
0.00529340
0.00551860
0.00547940
0.00536310
0.00618860
0.00512670
0.00555570
0.00545100
0.00534060
0.00769710
0.00574880
0.00525980
0.00599840
0.00534960
0.00523560
0.00540620
0.00601640
0.00555130
0.00549380
0.00537730
0.00524980
0.00520220
0.00504240
0.00528260
0.00767370
0.00561780
0.00512410
0.00619980
0.00516880
0.00550270
0.00561700
0.00520800
0.00511620
0.00543180
0.00554740
0.00544780
0.00506330
0.00532620
0.00747830
0.00538320
0.00548590
0.00493740
0.00543460
0.00551120
0.00545850
0.00543700
0.00528210
0.00621550
0.00571070
0.00476560
0.00553340
0.00523880
0.00524510
0.00551640
0.00675150
0.00523280
0.00653290
0.00565670
0.00692970
0.00534910
0.00533200
0.00552860
0.00776130
0.00650220
0.00624560
0.00750380
0.00748720
0.00663420
0.00652000
0.00556080
0.00509360
0.00568260
0.00620030
0.00664800
0.00521490
0.00501810
0.00741090
0.00561090
0.00505870
0.00512320
0.00632120
0.00567460
0.00613360
0.00591430
0.00516740
0.00543710
0.00512770
0.00566550
0.00494840
0.00532470
0.00544740
0.00551400
0.00529670
0.00537960
0.00530820
0.00487600
0.00576460
0.00808820
0.00505280
0.00506820
0.00564240
0.00538090
0.00634000
0.00564120
0.00486900
0.00539700
0.00544520
0.00566630
0.00578990
0.00525810
0.00544190
0.00524820
0.00646090
0.00733130
0.00523060
0.00610060
0.00750680
0.00518440
0.00553930
0.00505610
0.00541760
0.00523020
0.00532620
0.00540370
0.00519740
0.00517940
0.00535450
0.00535590
0.00534640
0.00531760
0.00504400
0.00578570
0.00581080
0.00578550
0.00610300
0.00550810
0.00578830
0.00509170
0.00533390
0.00586050
0.00579860
0.00549440
0.00551150
0.00630130
0.00560710
0.00558810
0.00525710
0.00541660
0.00520230
0.00539770
0.00521130
0.00527110
0.00543340
0.00501990
0.00512410
0.00515760
0.00584030
0.00566980
0.00520570
0.00549490
0.00547840
0.00530450
0.00578990
0.00704370
0.00570760
0.00662870
0.00758060
0.00809410
0.00613400
0.00549630
0.00553560
0.00592450
0.00631320
0.00523760
0.00538610
0.00531680
0.00532560
0.00495910
0.00547960
0.00519640
0.00537150
0.00519230
0.00487930
0.00538070
0.00527590
0.00535750
0.00571290
0.00521610
0.00535400
0.00541290
0.00550180
0.00581340
0.00590360
0.00598130
0.00678100
0.00575930
0.00569550
0.00542450
0.00523560
0.00595090
0.00531370
0.00547450
0.00530230
0.00574740
0.00558750
0.00600240
0.00604710
0.00567840
0.00578750
0.00581200
0.00621040
0.00552160
0.00531020
0.00516720
0.00554890
0.00558480
0.00511160
0.00518680
0.00516310
0.00562270
0.00559890
0.00640290
0.00584830
0.00547640
0.00555300
0.00576680
0.00551850
0.00545770
0.00630620
0.00524680
0.00546260
0.00561520
0.00622100
0.00566870
0.00643830
0.00574690
0.00634770
0.00607640
0.00534200
0.00608730
0.00532380
0.00521990
0.00826500
0.00815470
0.00691150
0.00698550
0.00584400
0.00843500
0.00623210
0.00562820
0.00947610
0.00679970
0.00647680
0.00710150
0.00539880
0.00526970
0.00574330
0.00581030
0.00657190
0.00643510
0.00667010
0.00676290
0.00658690
0.00627060
0.00589490
0.00671670
0.00571070
0.00516620
0.00588260
0.00573390
0.00590680
0.00555470
0.00582720
0.00658970
0.00700970
0.00609260
0.00665040
0.00857500
0.00702350
0.00638690
0.00670820
0.00645600
0.00696950
0.00598750
0.00626150
0.00607060
0.00594220
0.00556690
0.00575570
0.00588810
0.00629210
0.00661360
0.00586320
0.00692040
0.00591040
0.00606690
0.00593880
0.00601970
0.00827140
0.00778380
0.00872930
0.00561720
0.00627810
0.00620990
0.00609120
0.00528800
0.00631880
0.00647140
0.00631930
0.00676220
0.00670460
0.00671270
0.00647590
0.00611580
0.00613290
0.00614380
0.00658720
0.00588200
0.00620330
0.00535720
0.00684050
0.00747910
0.00661150
0.00690350
0.00616100
0.00584450
0.00583430
0.00674060
0.00612800
0.00556660
0.00702260
0.00663930
0.00583880
0.00666590
0.00553270
0.00657810
0.00689470
0.00623470
0.00657670
0.00620160
0.00615540
0.00653160
0.00615590
0.00574890
0.00596510
0.00626270
0.00590050
0.00662750
0.00567490
0.00679530
0.00676510
0.00640340
0.00615220
0.00617470
0.00573460
0.00620980
0.00620930
0.00640040
0.00616060
0.00627860
0.00713090
0.00939530
0.00914890
0.00934170
0.00717170
0.00572010
0.00700300
0.00816740
0.00686290
0.00631620
0.00693080
0.00677670
0.00754480
0.00667830
0.00680040
0.00657900
0.00671660
0.00653490
0.00650020
0.00664690
0.00717780
0.00652670
0.24688140
0.00764940
0.00727400
0.00798930
0.00721640
0.00684240
0.00739490
0.00748660
0.00851920
0.00746800
0.00866680
0.00825970
0.00785510
0.00735760
0.00727100
0.00845920
0.00801020
0.00984040
0.00762560
0.00758630
0.00774950
0.00794160
0.00763140
0.00779620
0.00786160
0.00822710
0.00889810
0.00884090
0.00803160
0.00929190
0.00769270
0.00854120
0.00893980
0.00807840
0.00884730
0.00851840
0.00833960
0.00891680
0.00854450
0.00830980
0.00858430
0.00803510
0.00838540
0.00864780
0.00822610
0.00837770
0.00951420
0.00802070
0.00834540
0.00819980
0.00804920
0.00965170
0.00804330
0.00774720
0.00931720
0.00832940
0.00855160
0.00811070
0.00816670
0.00885480
0.00859420
0.00799290
0.00806690
0.00838530
0.00840590
0.00766760
0.00689340
0.00671360
0.00779360
0.00746700
0.00774630
0.00719600
0.00715270
0.00758660
0.00736800
0.00657430
0.00683200
0.00686440
0.00647560
0.00717620
0.00688320
0.00618290
0.00691910
0.00615750
0.00629180
0.00672430
0.00629570
0.00643240
0.00620510
0.00631000
0.00589450
0.00589630
0.00577770
0.00637190
0.00571260
0.00595070
0.00622510
0.00604310
0.00605070
0.00581220
0.00599700
0.00698580
0.00593170
0.00602480
0.00561250
0.00558970
0.00618780
0.00607700
0.00611610
0.00557290
0.00598960
0.00862490
0.00562070
0.00582020
0.00573010
0.00612610
0.00660050
0.00645920
0.00586110
0.00534370
0.00564320
0.00541680
0.00684280
0.00654530
0.00572320
0.00708110
0.00555390
0.00660020
0.00663800
0.00605780
0.00674380
0.00623210
0.00557920
0.00564080
0.00541440
0.00546820
0.00588780
0.00596820
0.00557170
0.00564270
0.00599500
0.00587800
0.00614570
0.00589040
0.00629790
0.00673280
0.00573340
0.00632310
0.00550110
0.00604640
0.00582040
0.00647200
0.00583890
0.00575540
0.00564500
0.00552840
0.00693430
0.00484320
0.00514340
0.00514460
0.00513770
0.00515770
0.00534030
0.00536010
0.00620410
0.00627790
0.00549860
0.00548700
0.00593080
0.00524220
0.00651440
0.00604280
0.00567650
0.00631970
0.27627470
0.00570140
0.00597210
0.00703900
0.00560190
0.00698040
0.00717100
0.00565000
0.00699940
0.00512680
0.00699470
0.00563430
0.00519040
0.00589490
0.00533970
0.00582710
0.00579460
0.00527130
0.00508160
0.00525330
0.00517490
0.00600210
0.00625230
0.00520810
0.00509350
0.00492270
0.00576540
0.00491800
0.00508560
0.00536030
0.00494630
0.00490670
0.00497860
0.00512760
0.00620840
0.00471510
0.00510820
0.00468490
0.00592210
0.00578180
0.00495070
0.00516520
0.00506300
0.00688540
0.00621340
0.00499970
0.00500410
0.00503970
0.00452860
0.00518280
0.00509040
0.00548320
0.00580870
0.00520600
0.00503430
0.00563150
0.00530650
0.00591430
0.00544160
0.00550720
0.00513960
0.00519340
0.00507850
0.00526320
0.00470410
0.00453260
0.00498290
0.00489960
0.00470770
0.00529590
0.00476640
0.00658760
0.00476160
0.00497360
0.00498560
0.00467570
0.00451190
0.00473380
0.00458910
0.00504000
0.00506630
0.00515070
0.00638560
0.00499880
0.00545480
0.00475110
0.00506280
0.00491410
0.00492940
0.00526240
0.00504780
0.00486670
0.00503610
0.00510090
0.00648200
0.00502130
0.00560610
0.00491010
0.00633870
0.00529880
0.00523900
0.00559320
0.00523450
0.00471860
0.00492210
0.00590140
0.00520230
0.00481770
0.00508140
0.00500740
0.00512920
0.00502820
0.00503730
0.00484160
0.00521790
0.00485830
0.00477670
0.00496360
0.00515760
0.00536160
0.00491100
0.00520460
0.00478160
0.00496290
0.00467240
0.00499450
0.00505120
0.00514730
0.00511970
0.00612650
0.00508480
0.00547930
0.00519350
0.00468020
0.00501430
0.00492780
0.00544500
0.00434850
0.00488570
0.00658600
0.00472630
0.00489590
0.00463530
0.00494760
0.00555090
0.00502620
0.00464450
0.00485790
0.00522190
0.00509870
0.00527400
0.00516990
0.00494460
0.00522930
0.00478270
0.00507230
0.00463340
0.00485930
0.00474060
0.00532170
0.00510000
0.00493930
0.00493220
0.00471620
0.00447020
0.00451130
0.00640330
0.00590320
0.00492710
0.00478530
0.00469950
0.00488160
0.00491940
0.00490140
0.00487840
0.00494630
0.00545740
0.00478660
0.00505290
0.00474250
0.00517700
0.00465780
0.00814030
0.00615470
0.00504990
0.00487930
0.00556740
0.00664580
0.00542650
0.00528670
0.00522170
0.00532650
0.00499590
0.00469950
0.24584070
0.29083610
0.33038520
0.35430260
0.31600810
0.33968330
0.39984020
0.36075640
0.34087530
0.37804370
0.25541110
0.34127380
0.32862220
0.40058450
0.40777230
0.38736480
0.36820870
