0.22202880
0.00411520
0.00434080
0.00414950
0.00396900
0.00397420
0.00401460
0.00387150
0.00378420
0.00368790
0.00383390
0.00390420
0.00402110
0.00390220
0.00399630
0.00406930
0.00403770
0.00405980
0.00429200
0.00408250
0.00388820
0.00409100
0.00408250
0.00411680
0.00401060
0.00419320
0.00414710
0.00387200
0.00382210
0.00378660
0.00404450
0.00379690
0.00374390
0.00391830
0.00399970
0.00383700
0.00400720
0.00406940
0.00432050
0.00414040
0.00421150
0.00441970
0.00426980
0.00393490
0.00415760
0.00420730
0.00390780
0.00389400
0.00397430
0.00382130
0.00402810
0.00381480
0.00366120
0.00395330
0.00405050
0.00388850
0.00407590
0.00404250
0.00400190
0.00401140
0.00409790
0.00410790
0.00395870
0.00379320
0.00417730
0.00410510
0.00387840
0.00394330
0.00422730
0.00438480
0.00425280
0.00422800
0.00419890
0.00423150
0.00423210
0.00417210
0.00409120
0.00428810
0.00414390
0.00422330
0.00423390
0.00414950
0.00394600
0.00409240
0.00434300
0.00383030
0.00390990
0.00426220
0.00423350
0.00390510
0.00421210
0.00423080
0.00409130
0.00412200
0.00402060
0.00419510
0.00383130
0.00415090
0.00405280
0.00388060
0.00377220
0.00410380
0.00418790
0.00398480
0.00373770
0.00387540
0.00393220
0.00399850
0.00393940
0.00378260
0.00403770
0.00405540
0.00403140
0.00386790
0.00423040
0.00447060
0.00454170
0.00498650
0.00455760
0.00444120
0.00462460
0.00495740
0.00523950
0.00473330
0.00429580
0.00408120
0.00457560
0.00491960
0.00450860
0.00454260
0.00448860
0.00437480
0.00446850
0.00477670
0.00455680
0.00526440
0.00465920
0.00485790
0.00446600
0.00521470
0.00473300
0.00463570
0.00456000
0.00448450
0.00456450
0.00484430
0.00455000
0.00490940
0.00473040
0.00465990
0.00452550
0.00474660
0.00446000
0.00458990
0.00456680
0.00443320
0.00463100
0.00461790
0.00429000
0.00442750
0.00416620
0.00457750
0.00426900
0.00432830
0.00505230
0.00489920
0.00517950
0.00479800
0.00422860
0.00454990
0.00435310
0.00430440
0.00450080
0.00484340
0.00440350
0.00454980
0.00460930
0.00484120
0.00424040
0.00424210
0.00467110
0.00426530
0.00420150
0.00427370
0.00397510
0.00396170
0.00398450
0.00417110
0.00383890
0.00435010
0.00411640
0.00416380
0.00422540
0.00417040
0.00408330
0.00405910
0.00428340
0.00433930
0.00411610
0.00435020
0.00415620
0.00436150
0.00417490
0.00428320
0.00385330
0.00434760
0.00425210
0.00416980
0.00442510
0.00381880
0.00429260
0.00439690
0.00425190
0.00424640
0.00420650
0.00428130
0.00424500
0.00435890
0.00402050
0.00426380
0.00418030
0.00414990
0.00417450
0.00389420
0.00424660
0.00425090
0.00408760
0.00389700
0.00414340
0.00440510
0.00411170
0.00386020
0.00439510
0.00405130
0.00403310
0.00407970
0.00441510
0.00427940
0.00414120
0.00421960
0.00411840
0.00393740
0.00404920
0.00400280
0.00396970
0.00409820
0.00412830
0.00398240
0.00420300
0.00426660
0.00453190
0.00415370
0.00405780
0.00426450
0.00406400
0.00400100
0.00377140
0.00366450
0.00383120
0.00423710
0.00424080
0.00423610
0.00429810
0.00414660
0.00407480
0.00393870
0.00413930
0.00406970
0.00389760
0.00441980
0.00424860
0.00415470
0.00414880
0.00429400
0.00396060
0.00419640
0.00415520
0.00402880
0.00410480
0.00431060
0.00414370
0.00414500
0.00430050
0.00408380
0.00403940
0.00419040
0.00427040
0.00424320
0.00403700
0.00386300
0.00404300
0.00395530
0.00394110
0.00427620
0.00397710
0.00392620
0.00413020
0.00414650
0.00412800
0.00409460
0.00402880
0.00415430
0.00456200
0.00416860
0.00415890
0.00438100
0.00428670
0.00413130
0.00430790
0.00427270
0.00392080
0.00432490
0.00407320
0.00399400
0.00392720
0.00408850
0.00393640
0.00387530
0.00397190
0.00403080
0.00438050
0.00413120
0.00389500
0.00431850
0.00409930
0.00427520
0.00430230
0.00416800
0.00411370
0.00420560
0.00399080
0.00399240
0.00419460
0.00476800
0.00427270
0.00414930
0.00393220
0.00384800
0.00427700
0.00399060
0.00368750
0.00403450
0.00397620
0.00378440
0.00395260
0.00409700
0.00425250
0.00407230
0.00388950
0.00369460
0.00392470
0.00397600
0.00382070
0.00387150
0.00385840
0.00418440
0.00441400
0.00422220
0.00412610
0.00408190
0.00390210
0.00388240
0.00414700
0.00383720
0.00414000
0.00413240
0.00395740
0.00408650
0.00392930
0.00409020
0.00385920
0.00379710
0.00382880
0.00394700
0.00422450
0.00401490
0.00403240
