0.21061510
0.00523820
0.00521870
0.00506520
0.00662040
0.00519720
0.00494850
0.00488320
0.00540200
0.00621450
0.00568690
0.00517160
0.00507930
0.00675520
0.00532270
0.00520900
0.00524520
0.00516770
0.00534500
0.00534340
0.00494520
0.00496490
0.00487840
0.00525580
0.00535750
0.00511810
0.00422540
0.00439930
0.00473710
0.00445580
0.00409870
0.00409450
0.00432920
0.00556770
0.00456250
0.00410910
0.00405430
0.00424110
0.00419310
0.00455640
0.00444570
0.00424860
0.00428130
0.00425840
0.00524860
0.00480350
0.00435710
0.00410550
0.00431670
0.00558140
0.00478440
0.00437280
0.00432770
0.00420330
0.00421990
0.00484010
0.00431220
0.00401400
0.00408460
0.00419060
0.00498570
0.00475250
0.00391510
0.00399160
0.00417580
0.00401000
0.00455650
0.00421780
0.00394080
0.00425710
0.00392670
0.00502000
0.00418110
0.00371540
0.00369130
0.00398500
0.00394730
0.00500370
0.00405410
0.00368560
0.00368770
0.00363680
0.00366310
0.00485390
0.00436500
0.00399420
0.00409940
0.00395780
0.00386060
0.00433850
0.00423250
0.00411650
0.00402770
0.00393590
0.00384000
0.00455770
0.00403470
0.00389100
0.00372570
0.00370110
0.00375650
0.00441000
0.00426350
0.00412300
0.00407790
0.00420490
0.00476720
0.00426960
0.00417800
0.00426910
0.00418070
0.00408750
0.00439160
0.00404700
0.00380340
0.00382300
0.00392300
0.00406830
0.00476760
0.00442980
0.00439280
0.00407360
0.00410000
0.00473110
0.00447340
0.00434510
0.00422170
0.00416990
0.00489890
0.00440370
0.00391180
0.00395610
0.00399010
0.00388600
0.00463900
0.00448630
0.00425750
0.00437370
0.00417520
0.00508760
0.00468850
0.00495980
0.00442510
0.00437540
0.00456250
0.00502980
0.00452780
0.00419000
0.00420430
0.00402500
0.00434910
0.00397830
0.00410140
0.00393620
0.00389560
0.00414650
0.00424810
0.00419570
0.00374090
0.00388240
0.00426980
0.00455620
0.00450990
0.00449590
0.00409360
0.00381010
0.00380010
0.00406240
0.00397120
0.00359780
0.00353410
0.00375220
0.00365420
0.00443380
0.00396450
0.00383620
0.00386410
0.00381030
0.00385600
0.00460870
0.00427610
0.00385750
0.00376780
0.00388170
0.00370310
0.00390570
0.00423680
0.00417750
0.00396020
0.00393300
0.00357490
0.00441670
0.00391310
0.00361170
0.00369400
0.00389430
0.00391170
0.00427910
0.00424000
0.00402850
0.00395380
0.00385120
0.00479450
0.00422230
0.00409610
0.00396930
0.00401540
0.00406100
0.00415740
0.00445120
0.00391010
0.00390760
0.00402840
0.00389490
0.00424910
0.00393010
0.00383870
0.00411560
0.00381420
0.00384260
0.00438370
0.00410600
0.00395160
0.00384590
0.00376210
0.00481830
0.00416480
0.00369480
0.00360550
0.00372310
0.00368480
0.00485410
0.00413930
0.00378080
0.00375710
0.00376170
0.00371680
0.00452120
0.00427680
0.00377930
0.00398270
0.00389800
0.00404370
0.00402170
0.00403120
0.00357610
0.00385120
0.00370090
0.00366360
0.00433020
0.00416650
0.00375350
0.00399890
0.00375690
0.00373220
0.00458900
0.00384760
0.00357970
0.00401830
0.00380960
0.00370820
0.00452940
0.00413780
0.00384570
0.00379550
0.00374610
0.00372900
0.00451860
0.00403080
0.00384740
0.00383470
0.00373440
0.00363610
0.00412080
0.00429540
0.00395110
0.00362070
0.00376770
0.00362050
0.00447780
0.00420120
0.00375950
0.00392990
0.00381420
0.00379700
0.00436200
0.00403590
0.00415660
0.00380960
0.00374150
0.00372750
0.00417270
0.00403740
