0.22278200
0.00470100
0.00412450
0.00401750
0.00440200
0.00405990
0.00515790
0.00544540
0.00509310
0.00526650
0.00517930
0.00539240
0.00582320
0.00540860
0.00583630
0.00585260
0.00534140
0.00587940
0.00538880
0.00560850
0.00531280
0.00530850
0.00533160
0.00527150
0.00593690
0.00617920
0.00584320
0.00546490
0.00557460
0.00688610
0.00606900
0.00634730
0.00714840
0.00605060
0.00714430
0.00692110
0.00655230
0.00657680
0.00636970
0.00632540
0.00689210
0.00725580
0.00626210
0.00000000
0.00000000
0.00000000
0.00000000
0.22250430
0.01077620
0.01039450
0.00878880
0.00852010
0.00821090
0.00933990
0.01059600
0.00768250
0.00726030
0.00663250
0.00781260
0.00762290
0.00782500
0.00728970
0.00744090
0.00709240
0.00670330
0.00727950
0.00689930
0.00724340
0.00708330
0.00715010
0.00735710
0.00653670
0.00698410
0.00605420
0.00650260
0.00647410
