1
286.29,134.50,50.09,167.08
285.48,136.55,51.37,164.41
285.91,138.35,52.27,162.88
286.11,138.80,52.55,162.19
286.95,138.19,52.90,160.73
287.95,138.53,53.11,159.37
288.24,139.66,52.32,158.39
289.13,141.69,51.72,156.54
289.94,143.34,51.24,155.22
288.74,144.05,50.20,154.09
288.24,143.84,49.27,152.18
286.42,145.26,48.83,150.69
284.50,144.83,48.46,150.73
282.30,144.82,48.12,150.00
280.02,145.34,47.79,148.40
277.47,145.00,47.48,147.43
275.53,146.32,47.58,146.55
274.17,148.16,47.90,145.81
271.82,148.55,48.36,145.02
269.76,150.19,48.89,144.14
268.70,152.51,49.24,143.87
267.53,152.63,49.52,143.91
266.29,153.32,49.68,143.80
265.51,154.81,49.51,143.62
265.74,155.46,49.49,143.11
266.09,155.30,49.24,142.92
264.83,155.69,49.07,143.38
263.90,156.54,48.54,143.47
263.41,157.72,48.14,144.10
262.04,158.01,47.40,143.20
260.43,159.52,47.04,141.80
259.14,160.72,46.40,140.34
258.00,163.20,46.22,138.70
256.42,164.10,46.61,137.40
255.14,164.57,47.03,136.14
252.50,165.38,47.57,134.63
251.61,165.56,47.45,134.88
250.72,164.80,46.95,135.12
248.09,162.94,47.37,135.39
245.92,161.95,47.69,135.93
244.86,160.98,47.57,136.84
243.51,159.25,47.76,136.83
241.07,166.90,48.08,136.63
238.78,164.28,48.11,136.29
244.55,166.88,48.27,135.29
240.45,163.87,48.29,136.09
238.18,167.47,48.07,136.14
245.18,166.65,47.97,136.06
242.01,165.52,47.58,135.94
247.69,162.24,47.67,135.40
242.65,163.39,47.70,135.34
238.04,162.44,48.05,136.32
243.94,159.29,46.97,137.29
239.87,158.87,46.26,138.15
244.92,157.71,45.23,137.36
241.77,158.56,44.93,136.64
238.12,155.86,45.70,138.02
234.23,145.72,46.86,140.49
230.70,138.81,48.05,146.01
230.39,135.80,48.55,149.03
231.68,135.56,48.98,150.24
232.57,136.45,48.39,150.82
233.01,139.20,47.64,150.04
241.29,135.69,47.92,149.12
238.19,135.11,47.98,147.56
234.00,143.29,48.32,146.34
240.32,146.43,48.85,145.13
235.56,141.92,49.14,144.46
243.60,138.02,48.83,144.64
249.19,143.61,50.03,144.79
243.56,138.82,50.17,145.22
236.55,147.36,50.83,142.45
231.49,151.50,52.54,138.15
237.14,152.74,53.38,135.38
232.36,152.34,53.21,133.39
229.01,152.63,52.89,131.81
233.65,151.24,52.88,131.19
229.65,150.84,52.61,132.11
226.72,153.32,52.61,131.49
232.93,146.25,52.59,132.27
228.65,149.23,53.02,132.77
234.92,141.68,52.98,133.16
241.23,139.39,52.49,131.36
237.30,139.92,52.20,130.96
242.86,140.08,51.70,130.70
239.36,142.11,51.53,129.96
244.23,142.50,50.84,129.85
241.29,142.10,50.75,129.18
246.97,141.65,50.08,129.18
244.05,141.34,49.78,129.73
249.10,140.02,49.87,130.33
245.65,140.19,50.02,130.68
249.94,139.76,50.54,130.97
246.39,141.62,51.06,131.24
249.96,141.75,51.55,130.88
252.64,142.00,51.98,131.27
249.36,142.16,52.52,131.85
254.60,141.04,52.34,132.81
252.77,141.89,52.80,133.50
251.89,141.20,53.33,135.16
251.66,136.83,53.73,136.28
259.13,139.06,53.65,137.83
264.29,139.84,52.90,139.78
269.26,137.78,50.49,142.84
262.81,134.28,51.69,143.76
256.83,176.94,53.52,145.07
260.08,183.23,56.24,143.27
263.03,186.27,59.48,142.39
258.44,190.36,63.00,141.30
265.02,198.83,67.76,138.21
272.30,188.74,69.33,139.14
276.28,199.08,74.62,137.08
279.98,204.72,79.66,133.64
285.57,201.30,84.64,132.82
291.56,206.19,87.59,131.09
296.97,202.82,89.85,131.67
303.74,207.95,91.44,130.82
324.82,196.09,88.31,133.85
316.31,205.48,89.63,133.24
324.37,203.90,90.63,133.46
329.49,202.88,92.14,133.35
336.77,201.28,92.72,133.50
341.52,206.89,93.85,131.92
347.11,201.75,94.27,131.98
354.20,197.55,94.63,132.91
359.38,202.36,95.21,132.43
365.38,197.19,96.29,132.90
353.32,106.26,89.51,145.29
361.68,78.41,85.06,157.96
361.75,66.78,81.18,165.83
363.02,66.20,78.23,172.81
373.80,63.24,76.46,180.92
371.96,62.27,75.74,185.48
382.17,60.85,76.32,190.57
380.20,60.54,77.03,193.53
391.60,56.37,78.45,198.24
388.01,53.49,79.27,199.45
398.21,53.82,78.69,201.34
396.60,52.98,79.61,199.95
410.60,53.87,79.35,202.55
409.14,51.15,79.14,205.12
418.66,48.10,79.89,206.45
416.31,47.90,79.80,206.75
427.06,48.70,80.66,209.65
426.74,50.42,80.06,209.77
426.43,49.56,80.72,210.73
427.01,51.47,80.43,210.71
427.86,54.43,80.62,211.46
438.54,54.12,82.30,213.38
433.96,55.52,85.05,213.90
431.11,58.05,86.79,213.83
441.67,57.32,88.86,217.46
438.32,57.89,89.97,215.71
434.31,57.86,93.21,212.73
430.44,60.20,94.86,210.75
427.02,61.88,94.75,209.05
423.48,65.10,95.10,205.55
418.47,66.63,94.58,202.73
415.49,81.07,92.83,201.75
411.38,79.47,89.10,198.94
408.52,91.54,85.38,198.95
406.97,89.55,82.52,196.71
404.60,92.36,79.55,192.36
403.03,93.52,77.50,187.99
401.61,96.78,75.22,184.06
399.50,99.89,72.55,180.32
409.67,102.60,71.62,178.20
406.17,102.99,70.22,177.29
404.31,101.02,68.78,174.45
403.14,101.56,66.86,171.48
400.23,108.38,65.64,168.62
396.92,112.97,65.13,165.88
404.34,106.27,64.23,165.43
399.02,113.19,63.28,163.24
394.36,117.64,62.38,160.80
391.34,112.69,60.28,160.03
397.09,117.49,60.19,159.07
391.63,111.15,59.13,156.62
388.47,116.44,57.44,154.47
394.26,122.00,57.05,154.94
389.17,117.72,56.33,154.68
385.10,122.05,56.16,153.98
390.06,125.20,56.07,153.73
385.26,119.87,55.87,152.79
381.18,123.96,55.71,152.72
377.81,126.82,55.70,153.00
373.97,123.35,55.65,153.31
370.72,125.01,55.12,154.73
367.05,126.43,54.45,155.32
364.26,122.49,53.89,155.35
369.59,110.74,54.50,155.97
363.22,116.79,54.36,156.41
358.50,123.78,54.10,156.61
355.61,121.78,53.61,158.09
351.36,104.05,53.62,156.71
346.96,109.87,53.48,157.42
341.43,104.75,53.76,157.04
336.30,97.66,54.35,156.11
330.20,98.52,55.33,154.56
325.34,97.69,56.32,153.58
279.40,150.17,58.56,153.45
273.49,160.16,60.21,151.42
277.03,157.48,61.74,150.37
273.57,162.07,61.69,148.87
280.66,164.96,61.46,148.73
285.49,164.03,62.69,149.67
290.58,160.42,64.12,151.72
287.06,159.88,64.66,152.51
296.96,155.67,64.89,154.09
293.63,152.90,65.14,155.11
304.45,152.93,66.48,155.20
301.67,147.34,67.63,156.06
298.29,143.40,68.94,157.52
294.90,143.08,70.03,157.13
291.76,140.46,71.84,157.15
286.81,137.71,73.63,157.75
268.26,132.20,73.75,159.10
262.66,127.28,74.03,162.40
258.81,132.60,73.23,164.46
252.17,128.25,73.43,168.01
247.43,125.08,73.28,170.45
240.54,123.57,73.47,171.81
234.77,122.05,74.12,172.03
229.03,120.47,73.96,173.07
221.73,116.78,72.63,174.24
216.13,112.02,71.29,175.99
211.57,109.17,70.28,177.11
206.45,108.33,69.37,179.26
202.43,109.15,67.31,181.13
197.95,109.36,65.91,182.11
195.19,109.91,64.58,183.20
192.29,111.67,64.22,183.13
188.72,111.31,65.02,183.35
185.12,111.12,65.95,182.37
180.36,111.41,67.37,182.46
176.46,111.84,67.64,181.75
171.83,111.36,68.26,182.19
168.37,111.31,68.56,182.09
165.19,112.59,68.76,181.28
162.05,113.12,67.66,180.66
158.02,113.38,67.68,178.91
154.97,114.88,67.12,177.75
151.54,116.10,66.36,176.31
148.75,116.99,66.16,174.51
146.12,117.05,65.72,173.90
144.26,118.72,65.43,173.16
141.78,119.48,64.26,173.61
138.84,119.47,63.68,175.01
134.01,120.68,63.74,175.61
130.70,121.99,64.05,175.59
127.07,123.33,64.64,174.81
123.54,124.26,64.42,175.59
120.56,125.50,64.19,176.31
117.82,125.96,63.25,176.57
115.81,126.87,63.01,174.61
113.45,128.66,63.23,174.07
109.97,128.66,63.20,174.17
106.30,129.15,62.87,174.38
104.46,132.85,62.20,172.44
113.13,132.22,63.10,173.36
109.67,131.66,63.08,173.76
107.53,132.24,62.46,173.16
105.99,134.09,61.86,172.78
104.00,135.29,61.24,171.90
101.84,135.86,60.54,170.55
99.44,149.30,59.31,166.78
96.45,151.35,58.97,162.26
93.96,152.93,58.22,158.47
91.30,156.18,57.36,154.59
87.89,159.97,56.34,151.40
84.77,161.49,54.87,150.01
82.03,163.05,53.72,148.23
79.21,164.47,52.79,146.73
76.95,165.67,51.85,145.42
75.02,166.21,51.07,144.31
72.94,166.97,50.51,143.23
71.52,167.12,49.60,142.09
70.48,167.80,49.07,141.40
68.68,167.95,48.77,140.35
66.48,167.87,48.73,140.07
64.53,168.56,48.55,139.78
62.20,169.46,48.45,139.08
59.15,171.54,48.48,138.13
56.51,172.78,48.20,136.88
53.21,173.93,47.90,136.76
49.84,174.66,47.81,136.30
45.89,175.12,47.76,135.71
42.02,176.56,47.37,134.20
38.16,176.24,47.00,133.75
33.51,175.98,46.57,133.67
28.35,181.87,46.15,134.63
23.14,179.24,45.75,135.68
18.18,177.71,45.45,136.13
4.73,174.22,45.83,136.50
1.77,173.81,46.16,137.21
-1.65,172.42,45.67,137.84
-3.81,178.75,44.45,139.38
-6.35,171.36,43.32,141.69
12.96,135.14,45.30,147.31
7.93,125.40,47.60,150.52
0.69,121.95,49.14,151.97
-3.19,127.13,49.20,151.45
-6.77,120.62,48.74,150.85
-9.69,124.45,47.17,152.55
-10.51,126.49,45.35,153.41
-11.14,128.98,44.05,153.68
-4.39,131.82,44.05,153.31
-7.74,122.01,44.03,153.24
-9.57,112.26,44.03,153.23
-11.67,103.97,44.03,153.22
-13.80,96.65,44.03,153.22
-16.05,89.79,44.03,153.22
-17.73,81.55,44.03,153.22
-18.14,69.49,44.03,153.22
-18.34,57.12,44.03,153.22
-18.80,48.19,44.03,153.22
-20.31,42.76,44.03,153.22
-20.89,39.37,44.03,153.22
-21.63,35.45,44.03,153.22
-22.01,34.51,44.03,153.22
-22.01,33.28,44.03,153.22
-22.01,31.87,44.03,153.22
-22.01,30.14,44.03,153.22
-22.01,28.28,44.03,153.22
-22.01,26.40,44.03,153.22
-22.01,23.98,44.03,153.22
-22.01,19.71,44.03,153.22
-22.01,13.86,44.03,153.22
-22.01,6.19,44.03,153.22
-21.41,-1.24,44.03,153.22
-20.05,-8.04,44.03,153.22
-18.81,-12.31,44.03,153.22
-17.92,-16.50,44.03,153.22
-16.88,-19.48,44.03,153.22
-15.86,-21.69,44.03,153.22
27.86,-27.94,49.78,148.09
22.75,-24.58,55.74,143.16
15.74,-21.70,59.18,139.07
8.47,-18.21,61.80,136.21
10.56,-17.45,63.34,133.34
2.50,-14.15,64.97,130.62
-2.28,-14.24,65.86,128.70
0.21,-15.59,65.55,126.87
-5.56,-13.10,65.33,123.94
-9.67,-11.96,64.10,121.63
-11.19,-12.94,61.62,120.08
-7.49,-15.53,59.90,117.73
-11.82,-11.30,57.80,117.67
-6.07,-13.13,57.41,116.52
11.22,-11.93,59.69,113.94
8.94,-13.40,61.65,111.38
3.52,-19.54,64.82,106.21
1.56,-17.89,65.13,105.50
-4.30,-15.34,65.05,105.43
-8.21,-16.29,65.04,105.43
-11.47,-18.08,65.04,105.43
-13.59,-18.23,65.04,105.43
-14.66,-16.26,65.04,105.43
-15.74,-13.28,65.03,105.43
-16.59,-11.63,65.03,105.43
-10.25,-12.60,65.04,105.43
-5.05,4.86,64.36,106.70
-7.91,11.44,61.65,110.83
-8.70,9.85,59.62,112.30
-10.61,8.68,59.33,112.40
-12.85,7.13,59.00,112.53
-14.49,4.87,58.87,112.58
-16.58,3.85,58.85,112.59
-18.09,3.25,58.84,112.59
-19.10,1.85,58.84,112.59
-20.23,0.47,58.84,112.59
-20.63,0.42,58.84,112.59
-19.67,1.17,58.84,112.59
-18.55,2.22,58.84,112.59
-16.71,4.94,58.84,112.59
-14.78,9.87,58.84,112.59
-7.21,32.48,58.13,113.34
-9.26,31.64,57.12,114.54
-11.25,31.57,56.44,115.34
-5.68,32.91,55.78,116.02
-9.66,32.58,55.29,116.60
-13.27,24.54,55.16,116.72
-16.24,17.99,55.15,116.73
-18.62,14.04,55.15,116.73
-21.33,11.15,55.14,116.73
-23.29,9.43,55.14,116.73
-25.73,8.13,55.14,116.73
-27.57,5.30,55.14,116.73
-27.57,2.83,55.14,116.73
-27.57,0.26,55.14,116.73
-27.57,-0.33,55.14,116.73
-27.57,-1.94,55.14,116.73
-27.57,-2.88,55.14,116.73
-27.57,-4.16,55.14,116.73
-27.57,-5.57,55.14,116.73
-27.57,-5.87,55.14,116.73
-27.55,-5.82,55.14,116.73
-27.57,-6.44,55.14,116.73
-27.57,-7.16,55.14,116.73
-27.57,-7.89,55.14,116.73
-27.57,-9.60,55.14,116.73
-27.57,-10.10,55.14,116.73
-27.57,-8.85,55.14,116.73
-27.57,-6.83,55.14,116.73
-27.57,-3.55,55.14,116.73
-27.57,-0.26,55.14,116.73
-27.57,2.47,55.14,116.73
-27.57,4.56,55.14,116.73
-27.57,5.78,55.14,116.73
-27.20,6.56,55.14,116.73
-26.74,8.46,55.14,116.73
-26.39,9.59,55.14,116.73
-26.29,10.29,55.14,116.73
-25.92,9.58,55.14,116.73
-25.67,8.47,55.14,116.73
-25.50,6.60,55.14,116.73
-24.40,3.32,55.14,116.73
-23.82,1.00,55.14,116.73
-23.17,-1.75,55.14,116.74
-22.78,-5.91,55.14,116.74
-22.79,-9.91,55.14,116.74
-22.90,-12.86,55.14,116.74
-24.61,-13.36,55.14,116.74
-25.70,-14.47,55.14,116.74
-27.50,-14.19,55.14,116.74
-27.55,-13.21,55.14,116.74
-27.57,-10.61,55.14,116.74
-27.57,-10.71,55.14,116.74
-27.57,-9.87,55.14,116.74
-27.57,-9.12,55.14,116.74
-27.57,-7.90,55.14,116.74
-25.88,-9.13,55.14,116.74
-26.03,-5.11,55.14,116.74
-24.18,-4.78,55.14,116.74
-24.20,-3.80,55.14,116.74
-23.92,-2.22,55.14,116.74
-21.14,-2.21,55.14,116.74
-20.79,-1.27,55.14,116.74
-20.79,-1.76,55.14,116.74
-20.09,-1.51,55.14,116.74
-19.58,-0.31,55.14,116.74
-19.10,0.18,55.14,116.74
-18.60,0.67,55.14,116.74
-18.31,1.42,55.14,116.74
-18.33,2.37,55.14,116.74
-18.02,2.58,55.14,116.74
-17.57,2.27,55.14,116.74
-17.34,2.63,55.14,116.74
-17.39,3.31,55.14,116.74
-17.35,4.23,55.14,116.74
-16.91,6.12,55.14,116.74
-15.71,6.69,55.14,116.74
-14.15,5.70,55.14,116.74
-12.61,5.74,55.14,116.74
-5.84,-4.53,54.94,116.98
-8.20,-2.10,54.84,117.08
-9.63,-0.52,54.75,117.21
-11.29,0.85,54.64,117.35
-5.62,1.51,54.39,117.58
-8.79,2.58,53.90,118.00
-11.41,3.07,53.64,118.21
-13.55,5.32,53.53,118.32
-15.20,8.80,53.50,118.35
-16.43,9.61,53.50,118.35
-16.96,9.78,53.49,118.35
-16.94,10.45,53.49,118.36
-16.72,10.90,53.48,118.36
-17.57,10.75,53.48,118.36
-10.38,8.51,53.37,118.47
-12.89,6.41,53.35,118.49
-14.06,4.59,53.33,118.51
-14.34,2.56,53.33,118.52
-5.98,-0.02,53.19,118.72
-8.49,-1.61,53.07,118.91
-9.91,-2.02,53.03,118.97
-2.07,-3.84,52.88,119.25
-4.42,13.92,52.34,120.02
-6.62,11.71,52.25,120.15
0.28,10.36,52.12,120.29
-2.43,18.42,51.80,120.70
-4.58,16.64,51.77,120.74
3.03,23.23,51.60,121.09
0.95,20.37,51.60,121.16
-1.99,16.56,51.39,121.52
-4.28,34.17,50.99,122.56
-5.77,37.54,50.89,122.76
-7.66,34.40,50.82,122.94
-9.31,32.70,50.79,123.00
-10.51,31.59,50.79,123.01
-2.23,36.86,50.73,123.33
-4.43,32.19,50.57,124.31
-6.50,29.02,50.46,124.90
-7.92,24.22,50.39,125.18
-8.65,29.65,50.30,125.41
-9.86,26.88,50.28,125.46
-11.05,23.39,50.27,125.49
-12.24,19.80,50.25,125.53
-13.00,16.27,50.25,125.54
-13.70,12.18,50.24,125.55
-14.31,8.12,50.24,125.55
-14.51,3.71,50.24,125.55
-14.56,-1.09,50.24,125.56
-14.67,-5.35,50.24,125.56
-15.00,-10.30,50.24,125.56
-15.87,-13.52,50.24,125.56
-16.57,-14.73,50.24,125.56
-17.02,-15.60,50.24,125.56
-17.55,-15.65,50.24,125.56
-18.00,-16.50,50.24,125.56
-18.73,-16.66,50.24,125.56
-19.14,-17.54,50.24,125.56
-19.74,-17.50,50.24,125.56
-20.14,-17.39,50.24,125.56
-20.03,-16.57,50.24,125.56
-20.15,-17.45,50.24,125.56
-20.14,-17.11,50.24,125.56
-20.14,-16.48,50.24,125.56
-19.77,-15.68,50.24,125.56
-19.85,-16.40,50.24,125.56
-19.98,-16.58,50.24,125.56
-20.23,-16.90,50.24,125.56
-20.36,-16.70,50.24,125.56
-20.21,-17.13,50.24,125.56
-20.56,-17.43,50.24,125.56
-20.73,-18.06,50.24,125.56
-20.66,-17.81,50.24,125.56
-20.83,-17.89,50.24,125.56
-21.15,-17.97,50.24,125.56
-21.27,-18.49,50.24,125.56
-21.23,-18.32,50.24,125.56
-21.22,-18.30,50.24,125.56
-21.25,-18.23,50.24,125.56
-21.46,-17.96,50.24,125.56
-21.17,-18.99,50.24,125.56
-20.85,-19.53,50.24,125.56
-20.86,-19.78,50.24,125.56
-21.15,-19.95,50.24,125.56
-21.33,-20.61,50.24,125.56
-21.10,-20.82,50.24,125.56
-21.06,-20.42,50.24,125.56
-20.95,-20.37,50.24,125.56
-20.70,-20.37,50.24,125.56
-20.90,-19.55,50.24,125.56
-20.77,-19.48,50.24,125.56
-20.52,-19.74,50.24,125.56
7.18,18.23,51.76,126.76
4.31,23.93,52.80,127.41
7.01,18.32,54.58,128.77
3.37,11.60,55.99,131.12
0.95,6.54,57.17,133.35
-1.38,1.16,58.62,137.22
-3.60,-5.12,60.55,141.07
1.04,0.19,61.67,142.46
-3.02,-5.34,63.18,144.43
-5.45,-10.78,64.53,147.24
-1.63,-14.60,65.10,147.92
-5.46,-8.48,66.12,148.09
-7.90,-15.48,67.02,149.98
-3.45,-8.30,67.03,148.83
-7.25,-14.82,67.94,149.64
-9.02,-20.01,67.29,151.07
-4.11,-12.43,67.22,149.93
-7.49,-19.80,67.71,151.24
-9.44,-13.64,68.00,150.76
-9.74,-19.25,67.02,151.73
-10.83,-23.09,66.00,153.59
-5.21,-14.80,65.91,152.20
-8.25,-20.59,65.03,153.16
-8.98,-13.69,64.09,152.94
-9.42,-20.43,63.49,154.21
-5.38,-12.84,63.99,152.26
-7.20,-20.08,63.43,153.25
-8.25,-14.42,62.86,153.22
-3.73,-18.44,62.14,152.56
-7.92,-22.59,62.08,152.58
-8.13,-15.16,61.76,152.87
-8.30,-20.26,61.84,153.65
-4.22,-21.96,61.57,152.70
-6.74,-14.35,61.73,152.65
-7.48,-20.04,61.99,153.25
-3.91,-11.84,62.91,150.99
-7.21,-18.47,63.20,152.67
-3.52,-10.26,63.85,150.00
-6.36,-17.13,64.88,151.84
-8.60,-21.37,64.77,153.16
-4.21,-13.30,65.30,152.07
-7.07,-20.21,65.09,153.32
-7.70,-14.02,64.75,154.61
-3.26,-19.83,65.66,153.63
-6.46,-14.52,67.19,154.89
-8.55,-20.91,66.90,156.64
-3.42,-13.59,67.40,155.11
-7.88,-19.34,68.83,155.70
-8.60,-14.22,69.40,156.88
-10.12,-20.58,68.62,158.61
-4.80,-24.85,69.05,158.17
-8.15,-18.38,69.65,158.60
-3.20,-22.93,69.73,158.36
-7.81,-15.91,70.67,158.04
-9.92,-23.32,71.45,159.30
-3.89,-15.61,71.18,158.39
-8.59,-21.99,72.35,159.61
-9.91,-16.31,72.35,159.98
-4.55,-9.75,72.45,158.38
-8.56,-16.89,73.03,159.29
-10.38,-11.06,73.51,159.27
-4.39,-5.80,72.86,159.41
-7.93,-12.84,73.75,161.05
-9.40,-7.03,74.18,161.61
-3.70,-1.31,73.51,161.32
-8.20,-7.21,74.85,163.55
-9.87,-2.25,75.75,165.69
-2.76,-4.88,76.17,165.20
-6.81,0.45,77.34,168.21
-0.74,7.13,77.37,167.85
-6.10,3.00,79.04,168.62
-1.24,10.86,78.98,168.22
-6.42,15.74,80.41,169.06
1.51,11.00,81.43,168.49
-3.82,19.30,83.09,169.14
3.48,14.09,83.76,169.34
-1.88,20.96,84.69,170.06
5.10,16.81,85.40,169.55
-0.58,20.42,86.49,170.27
7.15,16.34,87.26,169.89
1.42,22.09,88.05,171.31
7.57,27.04,88.57,172.29
3.73,19.29,89.98,173.69
10.40,30.78,95.25,170.72
4.07,21.84,95.60,173.14
11.08,29.01,95.81,174.90
5.23,19.06,96.55,177.64
1.54,11.27,96.82,178.86
11.36,20.35,97.16,180.05
5.95,13.35,97.64,181.32
13.65,28.74,102.77,177.38
19.80,25.85,105.89,174.71
-2.11,18.46,104.68,175.75
19.53,30.95,108.19,172.78
10.85,30.30,112.87,170.14
16.57,29.93,116.54,168.10
9.55,29.37,118.67,167.65
16.44,28.57,121.72,166.90
22.16,26.60,123.15,165.98
11.13,26.23,125.80,166.25
17.46,24.00,127.32,166.28
22.30,21.24,128.42,166.18
26.32,20.03,128.85,165.75
16.70,21.90,129.99,166.21
22.35,19.29,130.85,166.91
28.75,17.41,131.52,166.66
19.15,19.15,133.12,167.43
24.95,17.08,134.14,167.70
30.53,16.72,134.29,167.63
20.46,17.47,136.13,168.12
27.17,16.46,137.24,168.65
33.46,17.24,137.10,168.48
23.86,18.24,139.32,168.46
33.80,16.61,139.46,169.08
24.90,16.80,141.05,169.49
15.80,17.91,143.92,169.49
23.72,16.24,144.51,170.36
13.36,16.50,146.99,170.52
20.72,15.04,147.22,170.84
12.09,14.35,148.19,171.28
4.43,13.89,151.39,171.17
10.94,27.60,151.19,169.99
1.48,24.81,153.17,169.05
7.76,20.81,152.55,169.00
-2.19,16.08,153.94,168.41
4.07,13.87,153.85,168.93
10.96,26.97,153.05,168.06
1.25,23.22,152.88,168.13
7.43,18.34,152.06,168.52
12.63,13.50,150.30,168.99
-0.20,26.66,150.62,168.05
-7.19,23.28,151.24,167.53
1.92,18.59,149.68,168.82
8.23,15.72,148.25,169.24
-3.05,15.41,148.83,169.98
-9.94,15.16,150.07,170.54
-0.84,29.35,149.13,168.91
-8.88,27.50,148.96,168.93
-1.49,23.45,148.08,169.08
5.35,22.95,147.78,167.81
-1.07,21.76,147.74,168.41
-9.58,35.15,146.46,168.14
-1.12,32.43,144.72,167.85
-7.56,30.12,143.65,168.48
-12.44,27.11,143.21,169.27
-1.42,25.54,141.80,169.26
-5.82,24.80,142.01,170.43
4.03,24.77,141.91,168.93
0.61,25.22,141.85,169.57
-2.05,24.71,141.37,170.90
-5.31,24.14,141.72,172.25
-7.51,23.56,142.31,172.76
1.85,24.35,141.25,171.35
-2.72,24.94,140.39,172.13
-7.55,24.06,139.67,173.46
-9.75,23.44,140.01,174.22
-0.97,24.00,138.86,173.51
-4.96,22.78,138.03,175.14
-7.91,22.10,137.83,176.31
1.48,23.00,136.52,174.82
-2.17,22.88,135.90,174.86
-5.67,22.32,135.37,173.57
-8.07,20.69,134.14,173.59
0.14,22.33,133.33,171.63
-5.19,20.25,132.52,171.35
-8.93,18.69,132.28,171.52
1.31,20.84,132.03,169.75
-5.00,17.74,131.41,169.93
-7.85,17.50,131.26,170.74
-8.57,15.68,130.91,171.37
-0.62,14.20,130.34,170.63
-6.01,12.95,130.32,170.73
-7.39,12.40,130.43,171.31
-13.07,4.53,125.41,173.55
-4.33,18.09,126.46,170.95
-9.33,13.05,128.21,170.24
-10.63,10.31,129.03,169.61
-10.45,7.45,129.80,169.00
-10.80,5.94,130.31,168.19
-11.12,4.17,130.38,168.04
-11.24,4.07,130.41,167.51
-2.49,3.61,129.25,165.87
-7.07,1.99,128.94,165.70
0.21,1.63,128.15,163.64
-5.48,0.78,128.34,165.21
-8.53,0.12,128.78,165.46
-1.76,0.82,128.28,164.31
-6.81,1.15,128.54,164.76
0.13,1.28,127.88,163.27
-6.14,0.63,128.26,164.66
1.14,2.15,127.44,163.62
-4.31,0.77,127.94,165.51
-6.86,-1.30,127.83,166.36
-1.03,13.68,127.99,163.62
-6.99,8.83,127.89,164.54
0.67,6.56,127.02,163.16
-5.09,5.07,127.55,163.99
0.32,4.90,127.04,163.48
-4.89,4.13,127.62,165.23
2.16,3.38,128.10,164.76
-6.15,16.50,129.35,164.74
-0.56,10.19,129.64,164.06
-5.75,6.95,130.86,163.88
0.48,3.98,130.66,164.08
-4.82,2.72,131.36,165.32
2.82,1.32,131.03,165.22
-4.53,14.78,132.07,165.17
0.77,8.15,131.41,164.69
-4.68,6.00,132.22,165.86
3.32,2.19,132.26,166.42
-3.65,16.02,133.56,165.66
1.21,8.72,133.00,165.53
-3.81,5.26,133.77,166.55
3.67,1.68,133.59,166.68
-3.47,14.66,134.83,165.76
2.96,8.46,134.73,165.42
-3.36,6.40,135.94,165.63
3.33,3.36,136.10,165.47
-4.93,4.86,138.22,165.65
4.98,2.67,139.12,166.69
-2.84,4.36,140.92,166.72
4.35,3.31,140.26,167.05
-3.72,3.90,141.85,166.47
4.93,2.66,141.58,167.95
-3.45,3.73,143.41,167.26
4.87,0.57,143.04,167.90
-4.01,1.00,144.55,167.81
2.18,-0.63,144.23,168.76
-6.08,-0.43,145.38,168.62
1.72,-1.46,145.42,168.32
-5.94,11.59,146.30,167.46
2.49,4.95,146.29,167.45
-6.22,1.92,147.17,167.48
2.61,-2.07,147.53,167.86
-5.14,10.83,148.81,167.74
3.72,3.91,148.71,167.81
-4.75,-0.04,149.15,168.67
4.08,-3.81,149.73,168.90
-5.23,-3.39,151.16,169.09
3.73,-6.10,151.79,168.66
-6.73,-6.10,152.90,168.36
1.54,-7.74,152.93,167.96
6.12,-7.30,152.37,167.03
-5.64,-7.43,153.53,166.69
2.57,-9.63,153.21,166.64
6.16,-10.00,152.87,166.12
10.43,-11.02,152.49,165.62
-2.51,-11.46,154.63,165.38
3.29,-13.93,155.49,165.83
7.15,-13.92,155.20,165.98
10.70,-14.28,154.65,166.25
-2.17,-14.32,155.78,166.38
0.57,-14.34,156.07,166.23
-9.61,-12.86,159.52,164.24
-3.25,-13.23,160.29,164.84
-0.17,-15.23,161.02,165.12
-9.96,-13.80,164.25,163.44
-3.95,-14.10,164.01,164.29
-13.39,-13.78,165.49,163.25
-7.15,-14.42,165.87,163.48
-15.37,-12.87,166.40,162.46
-7.40,-14.37,167.58,162.25
-15.18,-12.70,168.05,161.42
-7.03,-13.43,168.99,161.32
-14.41,-12.90,169.14,160.72
-7.51,-12.90,169.71,160.74
-14.28,-11.46,170.41,159.88
-7.13,-11.64,170.89,160.11
-14.49,-12.27,170.98,159.67
-4.89,-10.26,171.78,159.47
-12.19,-10.74,171.57,159.69
-3.61,-11.22,172.09,160.41
3.43,-10.90,171.32,161.25
-5.97,-10.68,172.47,161.24
1.92,-10.50,172.02,162.08
7.64,-11.16,171.16,162.77
-2.15,-10.00,171.68,162.69
5.23,-9.68,171.31,163.38
-3.19,-7.94,171.86,163.52
4.23,-7.67,172.19,163.62
10.70,-7.90,171.99,163.82
-0.67,-6.83,172.55,163.85
8.65,-6.08,173.26,164.59
13.14,-7.12,173.16,165.10
19.93,-6.78,171.91,165.96
9.09,-7.73,173.78,165.66
-0.09,-5.62,175.76,164.49
9.23,-7.20,177.05,164.63
-0.47,-3.97,178.01,164.18
9.30,-6.00,178.70,164.88
16.17,-5.53,178.66,164.95
4.78,-5.78,179.43,164.74
13.76,-6.52,181.02,164.59
2.99,-5.26,181.29,164.44
12.00,-4.97,181.63,164.16
19.19,-5.69,181.46,164.47
23.88,-6.44,181.34,164.83
11.61,-4.58,181.66,164.52
17.66,-7.19,182.26,164.73
23.04,-9.53,182.30,164.47
10.09,-6.56,182.67,164.26
19.94,-6.22,182.58,164.45
9.51,-5.84,182.79,164.20
18.48,-6.35,182.87,164.14
24.59,-7.35,182.92,164.13
14.65,-6.47,183.15,163.99
23.29,-7.16,183.19,163.92
30.03,-8.28,183.20,163.90
18.26,-7.44,183.48,163.70
27.28,-6.47,183.72,163.56
34.73,-9.14,183.78,163.55
22.72,-8.14,183.95,163.40
31.47,-7.58,184.02,163.39
38.20,-10.09,184.11,163.31
27.59,-9.10,184.21,163.19
52.96,-10.33,183.44,163.41
40.33,-8.03,183.32,163.31
46.30,-9.75,183.14,163.27
33.49,-8.19,183.37,163.16
43.89,-7.75,183.25,163.20
50.66,-8.65,182.79,163.47
39.34,-7.80,182.86,163.29
47.29,-9.32,182.99,163.15
53.98,-10.18,182.46,163.41
58.30,-10.20,182.06,163.50
62.31,-10.72,181.08,163.92
64.94,-12.99,180.59,164.06
50.19,-10.38,180.54,163.99
38.31,-8.75,180.72,163.83
46.80,-10.95,180.93,163.66
36.00,-7.67,181.01,163.56
45.14,-9.26,181.24,163.59
35.24,-7.51,181.31,163.51
45.37,-9.31,181.42,163.49
32.71,-7.92,181.56,163.38
40.74,-8.32,181.82,163.30
29.73,-6.34,182.07,163.19
39.35,-8.50,182.40,163.05
27.67,-6.91,182.57,162.93
35.12,-8.39,182.69,162.97
23.47,-5.75,183.05,162.79
31.19,-6.94,183.23,162.90
20.57,-5.66,183.40,162.79
31.22,-6.02,183.17,163.05
38.04,-6.07,182.47,163.53
42.42,-7.47,181.54,163.85
31.08,-7.08,181.50,163.89
20.02,-6.07,182.07,163.65
29.07,-7.49,182.09,163.77
19.19,-6.12,182.31,163.63
28.13,-8.19,182.24,163.73
18.40,-5.85,182.36,163.61
28.47,-6.26,182.16,163.73
18.19,-5.27,182.19,163.66
45.78,-6.90,180.97,164.08
50.55,-7.91,180.13,164.16
56.45,-8.88,179.52,164.36
38.06,-9.63,179.48,164.37
24.55,-6.81,179.48,164.35
51.84,-9.59,179.18,164.42
57.79,-9.44,178.92,164.50
40.96,-8.90,178.87,164.51
46.91,-7.10,178.66,164.59
53.37,-6.76,178.03,164.71
37.05,-6.37,177.83,164.81
23.75,-5.65,177.85,164.78
52.17,-6.76,177.23,164.94
35.74,-7.54,177.19,165.04
44.16,-5.90,177.05,165.14
51.76,-8.32,176.53,165.37
37.39,-7.53,176.50,165.37
45.34,-7.26,176.34,165.39
31.93,-6.41,176.33,165.43
41.28,-7.42,176.05,165.62
27.10,-6.89,176.00,165.69
16.14,-6.44,176.35,165.54
5.39,-5.05,176.59,165.40
15.71,-4.72,177.27,165.96
6.17,-4.81,177.79,165.99
15.54,-4.91,177.72,166.49
5.62,-3.47,177.95,166.94
14.15,-4.44,177.66,167.49
2.38,-3.10,177.73,167.89
-4.73,-1.94,178.02,167.92
8.04,-0.83,177.37,168.85
-3.04,-0.61,177.36,169.16
-11.22,14.92,177.56,169.58
-0.11,11.01,177.27,171.42
-7.32,8.60,177.25,171.82
3.03,8.06,176.99,172.09
-6.93,24.20,176.89,172.19
1.98,19.97,176.22,172.46
-5.94,16.16,175.69,173.24
-14.03,12.77,175.45,173.78
-3.18,13.03,174.65,174.16
-9.67,14.92,174.21,174.68
-37.76,3.12,172.57,175.97
-5.24,21.80,171.66,176.29
-10.81,21.02,171.23,176.32
-17.10,19.80,170.87,176.60
-5.11,38.81,170.03,176.18
-14.63,33.24,169.61,175.92
-23.94,23.69,168.29,176.57
-28.55,16.35,165.65,178.29
-13.83,32.44,165.30,177.37
-22.80,22.97,162.75,178.66
-26.11,31.52,159.08,180.36
-12.97,29.18,158.72,180.12
-1.30,28.14,158.16,178.99
-7.96,27.14,158.05,179.01
-16.22,21.11,157.18,179.71
-1.20,38.19,157.12,179.37
-8.30,35.16,156.95,179.25
2.47,33.10,156.50,177.93
-4.02,33.08,156.07,177.39
-9.84,32.48,155.99,177.32
-15.78,25.15,153.06,179.11
-1.74,43.05,152.90,178.27
-9.01,42.01,152.72,177.08
0.91,42.50,152.23,175.70
-5.04,44.36,152.06,175.07
-9.97,45.30,151.89,174.64
-12.37,45.12,151.69,174.56
-2.29,60.24,151.45,173.73
-7.02,58.43,150.18,173.10
-9.12,58.93,149.42,171.47
-12.64,73.58,148.73,169.22
-2.87,71.05,148.15,168.72
-8.69,70.32,146.84,168.51
-9.61,70.21,145.38,167.70
-9.08,69.93,143.45,166.72
-7.93,71.68,141.80,166.32
-9.33,71.83,139.86,164.52
-9.09,72.18,138.08,163.34
-9.31,73.36,135.93,162.66
-8.30,74.86,133.81,161.96
-10.36,74.98,131.63,161.57
-9.12,75.23,130.55,161.43
-10.67,77.36,128.84,161.06
-8.70,78.20,127.35,160.70
-14.37,71.87,122.41,163.16
-4.37,84.44,121.76,160.71
-7.99,81.38,120.52,160.02
-13.10,73.54,114.20,164.13
-16.23,77.42,110.01,168.46
-3.17,74.78,110.42,166.13
-8.31,68.28,104.94,168.87
-12.26,72.27,102.12,171.66
-14.11,62.50,99.77,176.48
-16.20,66.70,97.67,179.10
-6.54,62.57,95.28,179.50
-11.42,67.30,94.08,180.20
-13.44,57.21,92.61,184.38
-4.61,55.24,90.49,182.72
-10.61,63.64,88.65,183.16
-12.85,55.89,88.65,184.68
-13.54,60.75,86.27,187.28
-5.62,58.52,85.41,185.92
-11.20,65.85,84.83,187.02
-12.47,57.58,82.06,190.86
-12.93,65.03,79.89,192.62
-5.06,61.10,77.22,193.38
-8.97,69.26,74.97,194.81
-11.00,64.72,73.82,197.57
-2.76,54.27,71.65,197.30
-8.17,66.20,70.58,198.83
-9.70,71.10,69.06,200.35
-10.15,75.62,67.20,201.22
-1.67,52.32,66.39,199.69
-6.81,44.40,65.08,199.44
-9.17,48.73,63.83,199.78
-11.15,50.36,62.09,201.05
-11.73,57.72,60.04,205.10
-13.33,45.60,58.81,204.74
-6.26,37.60,58.68,204.30
-10.09,8.64,57.67,201.19
-12.01,9.03,57.29,200.60
-12.97,8.12,57.21,200.51
-3.13,6.17,57.22,200.36
-7.61,2.68,57.20,200.20
-11.00,-0.70,57.11,200.06
-13.52,-6.57,57.09,200.00
-16.42,-13.12,57.05,199.97
-17.97,-18.47,57.05,199.95
-20.26,-22.18,57.05,199.95
-21.71,-27.37,57.05,199.95
-22.65,-33.51,57.05,199.95
-24.06,-36.37,57.05,199.95
-25.95,-38.11,57.05,199.95
-28.38,-38.62,57.05,199.95
-28.52,-38.43,57.05,199.95
-28.52,-39.37,57.05,199.95
-28.52,-40.06,57.05,199.95
-28.52,-40.28,57.05,199.95
-28.52,-40.24,57.05,199.95
-28.52,-40.51,57.05,199.95
-28.52,-40.56,57.05,199.95
-28.52,-40.88,57.05,199.95
-28.52,-40.26,57.05,199.95
-28.52,-39.22,57.05,199.95
-28.52,-39.28,57.05,199.95
-28.52,-39.61,57.05,199.95
-28.52,-39.14,57.05,199.95
-28.52,-38.41,57.05,199.95
-28.52,-36.86,57.05,199.95
-28.52,-36.10,57.05,199.95
-28.52,-36.15,57.05,199.95
-28.52,-36.69,57.05,199.95
-28.52,-35.89,57.05,199.95
-28.52,-34.68,57.05,199.95
-28.52,-33.09,57.05,199.95
-28.52,-31.01,57.05,199.95
-1.51,90.50,57.52,199.27
7.63,89.71,59.15,198.73
0.54,89.30,61.11,198.48
-2.92,103.54,62.25,197.69
4.52,108.27,64.69,195.13
-1.29,112.66,66.08,192.46
-4.08,118.77,65.74,188.90
-6.60,124.56,64.73,185.86
0.95,133.62,63.59,181.22
-3.80,137.77,62.82,179.32
-5.28,137.25,61.34,178.15
0.37,135.79,60.45,177.10
-3.73,137.04,59.49,176.26
-6.72,137.08,58.76,176.07
-9.52,137.87,56.51,176.04
-12.24,137.08,54.38,175.56
-2.89,135.41,53.10,174.93
-6.61,134.22,52.36,174.19
4.39,129.59,52.54,173.21
0.53,126.14,52.78,172.80
-4.00,134.21,52.73,172.59
-6.40,128.44,52.73,172.58
-9.19,123.30,52.73,172.58
-10.61,119.87,52.73,172.58
-12.41,115.93,52.73,172.57
-13.29,113.90,52.73,172.57
-15.37,110.30,52.73,172.57
-18.01,108.94,52.73,172.57
-20.55,106.22,52.73,172.57
-22.82,103.42,52.73,172.57
-25.29,101.46,52.73,172.57
-26.36,101.36,52.73,172.57
-26.36,100.09,52.73,172.57
-26.36,99.79,52.73,172.57
-26.36,99.13,52.73,172.57
-26.36,98.51,52.73,172.57
-26.36,97.51,52.73,172.57
-26.36,96.35,52.73,172.57
-26.36,93.90,52.73,172.57
-26.36,90.66,52.73,172.57
-26.36,86.98,52.73,172.57
-26.36,83.15,52.73,172.57
-26.36,79.29,52.73,172.57
-26.36,72.63,52.73,172.57
-26.36,63.02,52.73,172.57
-26.36,53.39,52.73,172.57
-26.36,42.77,52.73,172.57
-26.36,30.50,52.73,172.57
-26.36,17.98,52.73,172.57
-26.36,7.61,52.73,172.57
-26.36,-1.13,52.73,172.57
-26.36,-6.98,52.73,172.57
-26.36,-10.81,52.73,172.57
-26.36,-13.43,52.73,172.57
-26.36,-16.33,52.73,172.57
-26.36,-18.56,52.73,172.57
-26.36,-20.95,52.73,172.57
-26.36,-23.01,52.73,172.57
-3.50,-17.80,52.90,172.29
-7.68,-27.42,52.94,171.97
0.58,-33.79,53.11,171.54
-5.38,-29.56,53.22,171.07
-8.97,-26.32,53.17,170.25
-1.68,-32.15,53.40,169.49
-6.58,-27.29,53.43,168.89
-10.27,-21.21,53.38,168.57
-3.14,-15.48,53.59,167.90
-7.56,-9.73,53.60,167.53
-11.26,-15.43,53.52,167.32
-3.14,17.26,54.11,167.61
-5.15,20.91,54.04,168.34
4.05,10.21,54.16,168.43
-0.97,-0.45,54.22,168.44
-5.71,-10.11,54.32,168.33
-9.42,-7.54,54.30,168.47
-2.59,-16.73,54.53,168.38
-6.61,-14.39,54.63,168.64
-10.21,-12.86,54.63,169.10
-13.12,-20.09,54.62,169.11
-4.50,-17.15,54.68,169.20
-8.81,-25.55,54.69,169.24
-12.22,-21.09,54.63,169.54
-4.66,-30.44,54.87,169.52
-9.24,-26.42,54.92,169.81
-3.08,-33.58,55.07,169.68
-8.11,-27.49,55.11,169.78
-12.45,-33.20,55.10,169.71
-5.13,-37.02,55.16,169.56
-10.26,-40.26,55.16,169.49
-14.47,-29.68,55.07,169.46
-7.27,-36.12,55.09,169.38
-10.76,-16.24,54.90,169.90
-13.60,-9.54,54.75,170.34
-16.02,-14.97,54.66,170.45
-6.90,-23.37,54.66,170.58
-9.92,-17.14,54.58,171.00
-12.17,-10.16,54.44,171.57
-13.95,-17.03,54.40,171.64
-16.09,-22.50,54.38,171.67
-18.57,-27.12,54.38,171.67
-22.12,-31.32,54.37,171.67
-25.77,-33.17,54.37,171.67
-27.19,-34.51,54.37,171.67
-27.19,-34.76,54.37,171.67
-27.19,-35.46,54.37,171.67
-27.19,-35.84,54.37,171.67
-27.19,-35.94,54.37,171.67
-27.19,-35.79,54.37,171.67
-27.19,-34.87,54.37,171.67
-27.19,-34.37,54.37,171.67
-27.19,-34.58,54.37,171.67
-27.19,-34.89,54.37,171.67
-16.23,-12.27,54.00,172.11
-8.04,-19.59,53.89,172.44
-11.57,-13.13,53.53,173.13
-14.96,-5.08,53.19,173.83
-17.24,-11.34,52.81,174.24
-9.02,-18.46,52.57,174.52
-12.88,-11.15,52.09,175.04
-16.08,-16.16,51.83,175.01
-7.68,-11.61,51.73,175.59
108.23,21.93,53.25,179.68
102.68,27.13,54.03,184.42
107.17,53.70,55.37,191.14
97.69,41.33,56.64,196.86
90.00,32.87,57.88,202.24
82.72,50.75,59.27,206.57
87.10,95.22,64.45,203.26
78.92,70.56,65.80,209.30
69.79,49.59,65.91,212.77
75.06,78.38,68.08,215.80
67.16,73.40,68.69,218.15
76.59,112.42,70.35,214.64
83.50,135.37,70.64,210.39
74.36,105.80,71.11,209.35
68.22,111.85,71.33,208.78
74.13,117.30,71.34,208.00
12.64,69.23,70.97,211.67
3.52,73.30,71.47,213.73
-0.56,40.29,74.00,213.31
-2.65,55.57,73.23,219.82
-4.45,52.60,71.83,225.95
4.06,51.73,71.56,226.72
-1.48,61.30,70.71,228.77
-4.10,62.46,70.38,231.38
-6.34,62.80,70.32,232.71
-7.75,66.30,69.80,231.55
-0.99,72.16,70.24,227.68
-4.67,74.98,70.20,226.29
-8.52,78.42,70.49,226.69
-10.97,62.47,69.20,228.37
-3.05,86.54,70.40,226.50
-7.46,90.87,70.98,225.22
-11.97,52.05,70.83,226.03
-15.86,14.51,69.94,227.48
-5.50,-6.36,69.94,227.45
-10.45,-10.46,69.78,227.31
-15.02,-15.76,69.63,227.12
-18.73,-1.04,69.44,227.14
-21.08,-2.48,69.38,227.14
-8.22,-6.65,69.37,227.16
-13.03,-12.95,69.30,227.11
-18.11,-17.44,69.18,227.07
-22.12,-21.91,69.14,227.04
-10.23,-30.91,69.12,226.94
-15.10,-18.31,69.03,226.84
-19.46,-24.39,68.97,226.81
-22.27,-29.26,68.95,226.79
-25.46,-33.80,68.94,226.77
-28.96,-37.59,68.93,226.77
-17.05,-42.78,68.90,226.65
-22.52,-45.43,68.88,226.59
-26.15,-45.79,68.87,226.58
-30.39,-45.44,68.87,226.58
-33.47,-45.13,68.87,226.57
-34.43,-43.82,68.87,226.57
-34.43,-42.64,68.87,226.57
-34.43,-41.17,68.87,226.57
-34.43,-40.27,68.87,226.57
-34.43,-39.73,68.87,226.57
-34.43,-38.85,68.87,226.57
-34.43,-38.50,68.87,226.57
-34.43,-38.14,68.87,226.56
-34.43,-37.89,68.87,226.56
-34.43,-37.62,68.86,226.56
-34.43,-37.22,68.86,226.56
-34.43,-36.71,68.86,226.56
-34.43,-36.47,68.86,226.56
-34.43,-35.76,68.86,226.56
-34.43,-35.16,68.86,226.56
-3.15,117.91,70.07,220.28
4.29,124.14,71.55,213.65
-2.79,117.50,72.76,209.59
-5.44,123.14,72.41,206.09
3.15,129.41,73.11,201.77
-2.40,122.94,73.37,199.65
-4.38,128.59,72.68,198.02
4.04,132.93,73.00,194.81
-0.82,125.93,72.90,194.04
-3.00,130.12,72.93,193.32
-4.47,121.39,72.75,193.65
7.39,127.83,73.29,192.99
3.42,132.80,73.76,192.50
-0.36,126.41,73.71,192.25
8.33,131.29,73.70,191.04
3.76,136.77,73.90,191.17
-1.67,132.74,73.82,191.41
-4.49,141.83,73.68,191.06
3.82,146.33,73.59,189.41
-0.97,140.05,73.85,187.67
-2.07,146.10,73.61,187.40
-2.34,139.48,73.61,187.09
-2.70,130.42,73.51,187.11
-4.38,136.42,73.12,186.71
-6.17,128.54,73.07,186.63
-7.64,122.41,73.05,186.57
-10.01,117.48,73.05,186.56
-1.99,123.65,73.03,186.27
-4.05,128.42,73.00,186.31
-4.54,132.95,72.91,186.35
-4.24,123.89,72.87,186.32
-5.72,115.67,72.89,186.35
-7.93,108.74,72.89,186.36
-11.16,100.49,72.89,186.37
-11.40,88.31,72.88,186.38
-12.41,78.57,72.88,186.38
-13.33,70.11,72.88,186.39
-14.31,63.74,72.88,186.40
-14.09,57.55,72.88,186.40
-14.56,53.23,72.88,186.41
-15.27,47.78,72.87,186.43
-15.99,42.29,72.87,186.46
-16.16,36.13,72.87,186.47
-17.13,29.93,72.86,186.49
-18.71,23.00,72.84,186.55
-19.05,15.67,72.83,186.58
-19.98,8.96,72.79,186.67
-21.29,1.25,72.73,186.76
-23.58,-6.89,72.65,186.84
-12.40,-14.53,72.54,187.09
-16.45,-22.91,72.38,187.28
-19.47,-29.28,72.27,187.37
-9.37,-22.34,72.23,187.64
-14.27,-29.65,72.16,187.73
-17.75,-20.37,71.98,187.94
-6.85,-30.28,71.93,188.19
-11.92,-23.22,71.83,188.40
-14.88,-16.88,71.70,188.61
-16.90,-9.60,71.47,189.05
-18.25,-17.99,71.34,189.16
-19.56,-25.39,71.31,189.18
-20.74,-30.12,71.31,189.18
-22.66,-33.72,71.31,189.18
-24.22,-35.71,71.31,189.18
-26.28,-37.94,71.31,189.18
-28.79,-40.40,71.31,189.18
-31.79,-41.79,71.31,189.18
-35.65,-41.36,71.31,189.18
-35.65,-40.53,71.31,189.18
-35.65,-40.38,71.31,189.18
-35.65,-39.53,71.31,189.18
-35.65,-37.74,71.30,189.18
-35.65,-36.57,71.30,189.18
-35.65,-35.51,71.30,189.18
-35.65,-34.56,71.30,189.18
-35.65,-33.78,71.30,189.18
-35.65,-33.60,71.30,189.18
-35.65,-32.49,71.30,189.18
-35.65,-30.78,71.30,189.18
-22.57,-18.07,70.96,189.17
-13.58,9.33,69.83,190.29
-17.12,21.35,68.21,193.03
-19.08,18.79,66.50,195.60
-11.10,13.56,65.38,197.12
-14.41,9.29,63.45,198.86
-15.77,6.03,61.23,198.64
-9.68,0.82,60.29,196.82
-10.09,13.23,58.86,196.60
-5.16,12.17,58.34,195.74
-8.16,12.32,57.71,194.39
-4.44,12.66,58.40,190.25
-2.78,28.61,59.22,190.15
-7.22,31.08,59.68,189.58
-3.04,32.93,61.81,191.03
-0.17,33.45,63.36,193.35
3.80,34.15,64.02,194.54
7.59,17.99,67.34,191.40
-0.44,3.14,72.76,185.37
3.79,5.91,77.21,179.55
-3.59,2.62,78.38,177.80
1.93,12.84,79.85,176.30
-4.98,5.98,79.54,176.39
1.15,2.51,79.15,174.56
-4.22,1.91,78.82,172.75
-5.77,0.81,78.31,171.03
-6.66,0.65,77.88,169.95
-1.81,23.95,77.34,171.67
-5.02,6.72,79.24,168.16
-7.04,6.42,80.51,164.89
-7.50,5.66,81.24,162.98
-2.61,7.89,81.55,160.33
-5.83,6.72,83.36,158.25
-7.89,6.23,84.42,156.81
-2.46,6.27,84.70,154.92
-5.58,3.68,85.41,154.43
-1.10,4.27,85.46,152.86
-4.92,1.60,86.02,152.33
-0.21,1.61,85.96,150.87
-4.34,-1.39,86.62,150.30
0.82,-1.04,86.42,149.05
-3.30,-4.45,86.76,148.65
2.65,-4.73,86.41,147.64
6.49,-6.29,85.84,146.66
1.41,-9.88,86.28,145.74
7.29,-10.58,85.84,144.78
10.91,-11.32,84.73,143.76
4.40,-14.18,85.06,142.72
9.42,-14.60,85.09,141.85
12.68,-14.74,84.90,140.92
6.24,-17.24,85.39,139.89
11.41,-17.44,85.06,138.93
14.43,-19.69,84.27,138.61
16.50,-21.02,83.65,137.94
18.89,-23.14,83.10,137.42
12.44,-24.95,83.03,136.48
9.09,-23.83,84.68,134.38
8.21,-25.82,87.47,131.04
6.96,-23.51,88.99,129.43
5.53,-21.71,90.08,128.09
12.10,-23.20,89.51,128.27
17.27,-25.08,88.87,128.29
21.11,-21.66,88.19,128.82
14.72,-25.56,87.93,128.85
19.88,-28.25,87.52,128.82
23.92,-24.91,87.03,129.15
18.40,-28.45,86.67,129.07
17.21,-27.38,86.94,128.66
22.69,-22.60,86.44,128.93
27.02,-28.84,86.16,128.95
30.88,-24.06,85.35,129.58
24.97,-19.60,85.06,129.88
29.26,-26.98,84.41,130.16
17.21,-26.60,84.80,129.62
17.27,-26.55,85.42,128.82
17.44,-26.98,86.09,127.90
16.96,-27.36,86.76,126.90
15.98,-28.07,87.58,125.68
15.48,-27.49,88.43,124.44
15.17,-26.74,89.32,123.19
15.48,-24.58,90.42,121.53
15.35,-24.03,91.07,120.63
17.01,-23.62,91.40,120.13
18.84,-23.29,91.55,119.86
19.59,-21.45,91.70,119.59
20.20,-21.11,91.78,119.40
21.79,-20.62,91.83,119.28
23.09,-20.47,91.91,119.07
24.54,-21.27,91.97,118.91
24.96,-20.88,92.06,118.63
25.81,-20.92,92.41,118.07
26.77,-21.71,92.67,117.46
28.18,-19.69,93.05,116.83
29.81,-17.52,93.46,116.31
30.69,-16.51,93.91,115.55
32.37,-15.89,94.16,115.21
32.76,-14.07,94.50,114.90
33.01,-20.12,95.66,113.41
32.22,-16.29,95.92,113.05
33.05,-13.95,96.16,112.96
33.25,-18.51,97.20,111.72
33.81,-12.92,98.23,111.09
34.49,-10.32,98.36,111.18
33.94,-15.94,99.25,110.11
34.57,-10.24,99.87,109.58
35.05,-7.72,100.04,109.96
34.39,-13.08,100.76,109.26
35.56,-8.07,101.06,109.17
36.41,-5.36,101.06,109.54
37.08,-10.53,101.43,109.20
38.51,-6.11,101.59,109.31
38.29,-3.79,101.54,109.68
38.76,-1.69,101.44,109.89
45.78,0.26,99.89,111.33
50.13,-0.44,97.69,113.26
53.86,-1.98,96.00,114.83
48.77,-3.90,94.64,116.17
52.92,-3.04,92.90,117.70
57.15,3.00,91.03,120.26
60.08,-0.13,89.26,121.74
54.01,-2.62,88.70,122.28
51.18,-9.10,91.17,120.31
50.96,-5.85,91.94,119.86
50.15,-3.60,92.61,119.75
50.25,-9.27,93.85,118.63
49.58,-4.39,95.57,117.61
54.64,-1.04,94.50,118.57
50.90,-1.62,93.22,119.63
51.29,-8.34,94.35,118.73
51.90,-3.58,95.57,117.89
51.96,0.73,96.87,117.28
57.90,2.23,95.94,118.00
55.46,-3.60,97.03,117.12
54.06,2.01,98.81,116.50
60.40,4.68,97.35,117.84
57.19,3.60,95.75,119.26
56.71,-3.15,97.34,118.28
56.06,2.02,99.16,117.41
55.78,4.92,99.45,117.61
54.50,3.16,96.98,119.83
61.06,5.28,96.18,120.45
56.94,4.69,94.82,121.57
62.22,6.02,93.19,123.09
66.20,5.38,90.99,124.93
60.13,2.74,90.25,125.55
56.46,-4.67,92.75,123.54
55.38,-3.03,93.68,123.26
53.81,-1.72,94.31,123.05
52.18,-2.64,93.36,123.99
52.26,-0.94,93.83,123.77
58.63,0.44,92.78,124.66
56.25,-2.64,90.90,126.41
55.02,-3.85,90.00,127.21
61.46,-1.34,89.68,127.33
58.67,-2.88,88.48,128.15
64.73,-0.75,88.16,128.26
61.59,-1.31,87.35,128.82
61.17,-7.64,89.29,127.12
67.46,5.02,88.19,127.72
71.10,4.10,86.38,128.70
74.28,3.99,84.64,129.49
68.44,3.59,84.06,129.85
65.49,1.81,83.08,130.70
71.45,4.09,82.75,130.65
68.16,2.96,82.06,131.08
67.00,1.55,81.58,131.56
73.39,3.57,81.20,131.73
70.47,2.78,80.73,132.08
75.70,3.97,80.30,132.04
72.92,2.84,79.91,132.34
70.90,0.85,79.71,132.44
69.43,-0.18,79.76,132.46
75.56,1.65,79.84,132.14
