0.20663830
0.00389440
0.00450860
0.00404000
0.00409570
0.00393530
0.00393320
0.00423990
0.00392160
0.00398970
0.00393100
0.00396070
0.00384570
0.00403710
0.00396280
0.00397700
0.00448580
0.00511690
0.00501550
0.00386550
0.00399150
0.00385130
0.00430660
0.00460790
0.00480110
0.00440290
0.00487420
0.00418600
0.00456360
0.00459570
0.00518750
0.00513960
0.00486400
0.00493110
0.00500040
0.00469600
0.00472520
0.00460070
0.00466900
0.00446610
0.00463800
0.00465950
0.00455500
0.00416950
0.00406480
0.00460220
0.00484050
0.00446760
0.00433340
0.00432920
0.00432910
0.00462710
0.00467300
0.00424520
0.00447060
0.00405270
0.00413680
0.00413960
0.00411620
0.00417110
0.00437150
0.00476960
0.00422950
0.00432070
0.00462180
0.00448270
0.00430790
0.00448090
0.00496310
0.00449250
0.00494130
0.00439760
0.00437350
0.00449500
0.00412170
0.00401260
0.00393530
0.00393850
0.00397350
0.00394430
0.00401310
0.00454080
0.00505150
0.00460730
0.00446460
0.00424510
0.00418800
0.00428510
0.00430070
0.00422310
0.00419500
0.00455180
0.00480080
0.00488840
0.00447370
0.00429120
0.00448680
0.00445610
0.00485260
0.00473390
0.00462770
0.00463740
0.00447050
0.00453140
0.00445310
0.00455240
0.00500160
0.00461640
0.00505440
0.00460520
0.00509180
0.00496080
0.00492260
0.00493840
0.00523150
0.00500870
0.00486410
0.00506050
0.00513840
0.00541820
0.00566300
0.00503780
0.00587140
0.00555340
0.00519340
0.00543010
0.00556170
0.00519780
0.00537020
0.00575360
0.00600850
0.00546270
0.00575240
0.00560490
0.00551690
0.00560700
0.00634830
0.00635370
0.00604350
0.00569970
0.00583140
0.00597010
0.00590200
0.00653550
0.00659780
0.00662460
0.00736660
0.00626960
0.00720320
0.00655170
0.00628480
0.00651310
0.00722920
0.00569050
0.00716970
0.00752500
0.00643200
0.00637100
0.00633660
0.00550030
0.00661080
0.00644220
0.00595120
0.00767790
0.00540920
0.00555390
0.00584340
0.00575120
0.00577320
0.00589780
0.00594810
0.00575390
0.00611410
0.00553480
0.00537940
0.00560140
0.00562680
0.00561090
0.00541010
0.00524440
0.00535500
0.00592610
0.00477350
0.00479950
0.00544050
0.00503940
0.00509150
0.00543280
0.00544010
0.00520570
0.00497950
0.00535940
0.00568910
0.00590960
0.00506470
0.00520370
0.00567420
0.00549290
0.00533030
0.00585400
0.00557000
0.00562600
0.00548130
0.00525370
0.00513200
0.00541390
0.00538260
0.00566240
0.00551930
0.00504080
0.00482550
0.00465900
0.00546180
0.00581120
0.00604250
0.00600290
0.00579690
0.00535100
0.00495910
0.00543560
0.00534140
0.00532060
0.00528350
0.00526720
0.00538730
0.00529090
0.00523240
0.00569150
0.00591460
0.00595420
0.00603060
0.00593710
0.00541240
0.00611440
0.00547370
0.00548640
0.00541060
0.00546580
0.00589100
0.00566970
0.00537810
0.00567670
0.00592790
0.00586090
0.00601460
0.00529800
0.00540520
0.00549670
0.00559870
0.00541550
0.00566750
0.00579980
0.00590950
0.00607740
0.00599370
0.00570380
0.00558240
0.00589530
0.00584250
0.00616250
0.00626050
0.00633910
0.00536980
0.00627290
0.00619910
0.00647490
0.00592490
0.00574570
0.00569320
0.00574130
0.00551930
0.00571900
0.00539370
0.00559620
0.00571150
0.00527040
0.00584650
0.00605360
0.00579670
0.00558480
0.00585710
0.00541070
0.00627030
0.00593900
0.00627770
0.00572160
0.00581920
0.00582860
0.00579460
0.00586570
0.00579410
0.00643180
0.00627140
0.00638950
0.00535450
0.00560490
0.00549450
0.00591680
0.00626050
0.00566210
0.00643460
0.00633140
0.00605540
0.00601940
0.00607420
0.00601850
0.00599190
0.00642810
0.00604110
0.00599890
0.00622710
0.00611100
0.00641680
0.00655370
0.00640690
0.00596350
0.00622120
0.00645560
0.00647940
0.00617700
0.00630460
0.00551400
0.00619260
0.00627780
0.00698210
0.00641320
0.00699030
0.00658910
0.00650030
0.00686450
0.00691350
0.00627860
0.00682060
0.00647370
0.00592360
0.00684990
0.00722170
0.00627900
0.00662370
0.00732920
0.00723940
0.00690340
0.00689250
0.00654050
0.00658660
0.00661340
0.00699810
0.00673430
0.00637450
0.00631190
0.00627030
0.00686250
0.00616250
0.00722340
0.00720670
0.00755450
0.00677120
0.00697600
0.00746440
0.00668290
0.00705550
0.00662620
0.00604120
0.00569520
0.00602920
0.00639260
0.00623970
0.00630950
0.00671860
0.00661370
0.00707350
0.00621660
0.00658420
0.00624300
0.00654950
0.00654060
0.00662100
0.00638220
0.00593500
0.00673570
0.00627100
0.00672600
0.00653030
0.00605680
0.00677760
0.00554860
0.00578870
0.00631620
0.00680240
0.00664840
0.00650580
0.00690570
0.00663850
0.00698420
0.00668400
0.00648500
0.00603980
0.00654550
0.00606550
0.00583010
0.00665400
0.00635900
0.00635100
0.00634150
0.00654980
0.00691500
0.00655490
0.00694360
0.00654760
0.00632380
0.00629480
0.00575370
0.00639840
0.00619120
0.00593070
0.00556900
0.00659890
0.00691170
0.00638570
0.00657390
0.00632660
0.00635930
0.00653080
0.00623660
0.00619500
0.00641130
0.00611970
0.00627500
0.00657130
0.00663230
0.00655190
0.00605320
0.00599790
0.00664280
0.00663220
0.00609040
0.00656200
0.00656580
0.00671070
0.00684730
0.00638450
0.00658990
0.00619360
0.00664200
0.00630810
0.00602970
0.00685300
0.00638150
0.00659410
0.00661200
0.00666050
0.00655010
0.00656770
0.00680180
0.00653930
0.00619740
0.00678110
0.00666390
0.00649080
0.00679960
0.00647890
0.00644860
0.00687250
0.00653700
0.00666050
0.00656680
0.00638690
0.00705890
0.00686390
0.00647910
0.00681390
0.00666030
0.00664510
0.00661300
0.00621170
0.00647420
0.00627150
0.00575190
0.00647530
0.00619780
0.00689600
0.00623840
0.00671710
0.00617680
0.00610560
0.00724800
0.00587920
0.00601930
0.00603180
0.00613320
0.00652730
0.00570440
0.00671150
0.00618510
0.00636180
0.00635850
0.00764810
0.00664400
0.00629170
0.00627430
0.00595390
0.00614970
0.00641610
0.00681590
0.00700920
0.00643880
0.00665620
0.00675780
0.00688130
0.00687860
0.00665960
0.00662850
0.00638960
0.00662780
0.00683940
0.00600080
0.00686910
0.00680690
0.00697230
0.00677930
0.00607430
0.00664440
0.00694370
0.00650030
0.00669830
0.00665100
0.00607260
0.00676090
0.00665960
0.00668070
0.00729740
0.00660480
0.00644060
0.00668700
0.00690690
0.00619050
0.00593380
0.00678210
0.00680830
0.00735450
0.00675600
0.00672780
0.00641310
0.00626640
0.00681970
0.00667420
0.00710210
0.00689630
0.00699660
0.00681220
0.00729260
0.00714110
0.00753520
0.00706750
0.00653910
0.00681590
0.00797170
0.00802340
0.00789620
0.00788350
0.00740130
0.00716130
0.00692510
0.00697970
0.00712940
0.00672170
0.00699000
0.00694330
0.00707780
0.00691070
0.00695880
0.00693670
0.00683230
0.00714070
0.00701880
0.00749220
0.00709130
0.00719830
0.00722450
0.00767970
0.00742980
0.00707630
0.00694860
0.00707490
0.00661450
0.00704800
0.00705750
0.00694030
0.00705340
0.00714900
0.00768730
0.00700550
0.00716610
0.00684540
0.00688680
0.00675320
0.00692280
0.00718150
0.00714970
0.00695860
0.00728740
0.00711820
0.00713660
0.00655170
0.00714830
0.00706710
0.00721080
0.00709140
0.00719210
0.00742950
0.00753930
0.00726760
0.00751940
0.00742800
0.00767790
0.00738840
0.00665980
0.00708280
0.00655230
0.00749070
0.00723230
0.00715200
0.00671120
0.00716860
0.00703390
0.00736900
0.00664080
0.00725790
0.00718620
0.00651040
0.00692030
0.00711070
0.00669240
0.00745650
0.00756070
0.00723550
0.00727520
0.00656080
0.00716130
0.00739450
0.00741700
0.00757040
0.00653700
0.00736230
0.00790700
0.00741460
0.00726050
0.00679060
0.00772920
0.00853950
0.00783520
0.00782870
0.00764760
0.00747010
0.00777730
0.00768900
0.00718180
0.00674670
0.00775610
0.00768100
0.00792770
0.00830550
0.00781590
0.00747410
0.00782710
0.00761270
0.00777530
0.00775350
0.00781380
0.00772270
0.00780720
0.00776300
0.00812290
0.00710140
0.00758980
0.00779920
0.00708130
0.00736370
0.00806450
0.00798460
0.00817770
0.00817360
0.00834420
0.00817800
0.00859640
0.00763070
0.00764300
0.00857430
0.00837450
0.00849070
0.00806650
0.00796610
0.00723760
0.00790820
0.00789370
0.00763600
0.00792800
0.00784310
0.00805720
0.00779230
0.00775180
0.00780810
0.00792460
0.00806670
0.00798410
0.00787290
0.00760610
0.00811720
0.00815840
0.00836450
0.00815770
0.00802330
0.00781340
0.00814090
0.00781770
0.00754900
0.00799470
0.00778060
0.00793960
0.00802640
0.00783860
0.00755660
0.00845700
0.00869100
0.00865770
0.00871380
0.00786460
0.00816070
0.00807110
0.00754760
0.00744270
0.00723270
0.00785360
0.00761050
0.00777820
0.00794080
0.00778410
0.00780540
0.00839830
0.00803450
0.00799430
0.00733680
0.00802120
0.00759730
0.00737540
0.00766890
0.00808600
0.00790610
0.00834240
0.00800040
0.00758370
0.00807150
0.00788640
0.00800280
0.00744390
0.00757790
0.00774860
0.00811740
0.00782130
0.00842940
0.00763290
0.00763500
0.00795080
0.00866230
0.00800470
0.00808910
0.00793980
0.00807290
0.00810030
0.00837120
0.00775740
0.00795500
0.00883170
0.00922740
0.00898140
0.00885090
0.00816950
0.00836190
0.00835840
0.00771360
0.00792230
0.00929470
0.00922470
0.00840700
0.00842770
0.00790880
0.00865670
0.00803690
0.00889430
0.00827010
0.00781060
0.00782420
0.00807630
0.00791060
0.00830880
0.00836020
0.00805790
0.00805140
0.00881290
0.00825440
0.00835730
0.00875090
0.00842560
0.00731930
0.00795840
0.00795440
0.00805320
0.00804080
0.00803950
0.00803870
0.00763930
0.00806210
0.01002480
0.01616900
0.00704550
0.00749800
0.00765630
0.00782610
0.00690470
0.00696910
0.00792020
0.00787370
0.00795350
0.00822120
0.00746030
0.00730660
0.00737170
0.00753740
0.00763870
0.00764100
0.00819370
0.00757270
0.00781170
0.00726900
0.00792920
0.00778610
0.00787080
0.00701550
0.00716560
0.00711970
0.00810850
0.00781120
0.00786100
0.00772670
0.00905210
0.00854200
0.00702830
0.00743220
0.00709450
0.00697850
0.00776190
0.00790260
0.00783460
0.00795590
0.00782530
0.00736070
0.00800540
0.00793810
0.00782010
0.00770170
0.00760480
0.00795820
0.00826410
0.00700880
0.00724600
0.00777730
0.00770830
0.00756340
0.00787590
0.00780510
0.00755510
0.00733150
0.00771060
0.00786700
0.00807030
0.00778830
0.00885910
0.00716680
0.00704370
0.00763120
0.00832910
0.00777460
0.00811380
0.00792020
0.00735880
0.00779280
0.00794750
0.00777480
0.00700980
0.00707180
0.00702930
0.00730950
0.00834860
0.00809940
0.00768530
0.00783780
0.00774170
0.00722410
0.00808790
0.00769850
0.00702920
0.00694120
0.00708120
0.00775960
0.00818110
0.00738330
0.00715230
0.00777770
0.00807960
0.00777940
0.00753340
0.00702070
0.00808830
0.00790800
0.00713630
0.00735840
0.00705400
0.00755540
0.00760350
0.00714260
0.00784860
0.00828020
0.00721590
0.00720470
0.00782470
0.00736120
0.00735620
0.00712710
0.00824940
0.00861230
0.00741120
0.00712560
0.01316840
0.00794950
0.00722940
0.00780040
0.00769890
0.00794670
0.00776230
0.00725650
0.00880930
0.00734120
0.00741570
0.00814380
0.00811010
0.00807970
0.00800070
0.00793710
0.00784780
0.00804290
0.00787720
0.00794040
0.00811460
0.00773880
0.00771320
0.00776550
0.00773900
0.00725130
0.00699000
0.00688790
0.00754820
0.00754670
0.00729470
0.00801850
0.00763330
0.00784540
0.00764880
0.00747460
0.00692030
0.00716990
0.00718110
0.00757520
0.00778740
0.00718690
0.00842150
0.00748910
0.00822680
0.00688340
0.00675420
0.00694620
0.00670580
0.00657110
0.00784380
0.00703980
0.00676060
0.00808490
0.00760870
0.00716550
0.00752710
0.00714230
0.00682420
0.00683860
0.00754870
0.00739990
0.00733080
0.00738680
0.00672940
0.00657270
0.00655950
0.00711370
0.00668430
0.00697660
0.00650140
0.00646750
0.00647980
0.00648480
0.00745580
0.00699530
0.00714780
0.00706330
0.00673810
0.00698380
0.00712010
0.00670410
0.00695240
0.00699030
0.00669770
0.00688330
0.00737630
0.00749880
0.00669300
0.00725430
0.00689730
0.00656320
0.00722400
0.00704400
0.00760730
0.00678150
0.00693610
0.00737510
0.00747420
0.00700890
0.00661600
0.00658460
0.00659510
0.00655960
0.00656900
0.00644640
0.00661690
0.00727100
0.00785510
0.00694170
0.00802730
0.00745520
0.00738100
0.00741160
0.00711870
0.00704090
0.00718880
0.00705270
0.00680830
0.00759920
0.00733080
0.00740260
0.00761290
0.00735050
0.00729720
0.00754410
0.00638540
0.00605020
0.00605480
0.00608670
0.00636060
0.00643700
0.00633090
0.00623090
0.00626600
0.00611150
0.00623350
0.00644520
0.00590430
0.00568340
0.00578590
0.00587220
0.00620920
0.00673360
0.00646740
0.00648930
0.00637530
0.00627810
0.00625540
0.00637740
0.00707300
0.00652130
0.00587460
0.00612440
0.00657310
0.00661290
0.00616660
0.00592390
0.00623430
0.00628320
0.00626740
0.00592440
0.00603890
0.00643160
0.00599400
0.00596820
0.00693030
0.00646140
0.00592120
0.00583750
0.00585210
0.00587750
0.00653460
0.00663220
0.00651740
0.00603060
0.00674110
0.00684650
0.00678520
0.00658010
0.00651860
0.00653930
0.00703550
0.00661660
0.00700540
0.00656720
0.00614890
0.00608400
0.00715080
0.00639500
0.00628580
0.00627770
0.00628670
0.00616490
0.00683350
0.00666820
0.00612420
0.00677390
0.00672070
0.00665770
0.00686670
0.00677350
0.00671520
0.00663700
0.00682440
0.00684660
0.00661250
0.00690590
0.00689020
0.00668500
0.00697790
0.00697900
0.00709880
0.00701150
0.00708770
0.00697640
0.00672560
0.00700410
0.00686040
0.00764370
0.00733240
0.00688660
0.00679220
0.00629950
0.00677260
0.00720830
0.00678660
0.00618970
0.00619240
0.00628120
0.00627310
0.00684390
0.00679580
0.00630030
0.00625960
0.00719050
0.00715050
0.00683050
0.00676990
0.00653880
0.00625040
0.00682310
0.00670310
0.00658970
0.00691820
0.00699510
0.00684260
0.00651490
0.00633240
0.00648670
0.00621200
0.00635050
0.00672350
0.00669460
0.00608440
0.00617510
0.00644670
0.00605600
0.00694840
0.00743430
0.00648460
0.00604320
0.00605670
0.00579930
0.00680680
0.00665610
0.00696860
0.00699330
0.00658130
0.00721050
0.00692730
0.00688690
0.00630340
0.00620820
0.00744220
0.00681820
0.00671340
0.00667270
0.00697270
0.00668610
0.00676340
0.00698530
0.00728070
0.00705770
0.00710610
0.00717830
0.00699420
0.00694320
0.00667120
0.00687450
0.00745300
0.00731770
0.00725580
0.00734180
0.00678320
0.00671460
0.00691310
0.00674280
0.00716550
0.00714710
0.00739390
0.00751220
0.00768390
0.00773980
0.00751390
0.00721090
0.00723890
0.00657590
0.00730720
0.00658750
0.00673300
0.00726780
0.00728720
0.00748680
0.00673090
0.00689920
0.01128650
0.00685730
0.00681660
0.00669010
0.00615220
0.00620090
0.00632750
0.00641370
0.00683310
0.00660350
0.00717490
0.00618520
0.00624700
0.00602050
0.00588630
0.00639430
0.00587270
0.00658220
0.00645260
0.00654170
0.00627500
0.00682590
0.00619100
0.00590190
0.00632030
0.00634670
0.00624140
0.00589010
0.00579930
0.00611450
0.00664100
0.00652420
0.00597170
0.00656810
0.00657850
0.00665800
0.00640760
0.00609050
0.00613800
0.00610710
0.00609280
0.00606550
0.00615710
0.00681370
0.00692680
0.00692310
0.00711770
0.00689340
0.00678220
0.00684470
0.00674130
0.00631760
0.00631920
0.00646290
0.00774850
0.00708020
0.00719210
0.00697640
0.00725640
0.00692190
0.00717800
0.00699280
0.00763550
0.00703410
0.00744150
0.00706540
0.00670340
0.00714960
0.00666880
0.00641550
0.00655250
0.00667500
0.00679230
0.00662950
0.00685590
0.00715360
0.00679850
0.00702160
0.00755850
0.00721830
0.00656990
0.00649220
0.00638520
0.00685900
0.00668120
0.00635900
0.00645740
0.00696930
0.00712480
0.00707730
0.00643750
0.00710440
0.00685310
0.00658030
0.00649220
0.00607450
0.00608810
0.00614780
0.00629230
0.00703120
0.00693480
0.00687450
0.00688370
0.00691350
0.00683890
0.00670320
0.00689480
0.00625550
0.00628680
0.00636720
0.00688450
0.00683900
0.00697270
0.00657470
0.00671360
0.00682470
0.00677710
0.00679920
0.00738170
0.00696240
0.00702870
0.00632980
0.00693090
0.00669340
0.00637000
0.00613540
0.00616020
0.00605680
0.00607310
0.00597870
0.00613410
0.00614500
0.00614080
0.00609840
0.00690220
0.00688070
0.00622470
0.00678290
0.00635480
0.00641640
0.00624840
0.00632750
0.00654870
0.00606680
0.00662680
0.00683160
0.00695880
0.00671930
0.00655470
0.00608580
0.00602120
0.00597880
0.00597380
0.00591600
0.00599580
0.00646460
0.00616770
0.00611440
0.00667590
0.00650340
0.00676440
0.00667260
0.00665630
0.00703200
0.00668990
0.00825280
0.00624660
0.00616080
0.00592150
0.00673500
0.00648450
0.00665720
0.00668330
0.00752260
0.00654280
0.00660170
0.00660320
0.00592280
0.00619900
0.00629810
0.00634350
0.00679070
0.00671210
0.00669610
0.00633660
0.00643330
0.00672630
0.00647380
0.00672030
0.00653730
0.00626190
0.00599550
0.00643040
0.00639990
0.00656710
0.00650910
0.00592530
0.00588000
0.00647250
0.00622840
0.00633030
0.00610970
0.00613710
0.00625330
0.00652190
0.00628500
0.00579110
0.00668230
0.00654460
0.00658590
0.00653770
0.00630960
0.00636540
0.00608670
0.00602550
0.00620210
0.00652820
0.00658780
0.00627320
0.00635550
0.00588460
0.00631370
0.00655050
0.00634410
0.00624560
0.00624100
0.00635160
0.00597500
0.00645400
0.00640120
0.00677820
0.00641950
0.00644310
0.00680700
0.00670870
0.00637500
0.00632140
0.00644920
0.00619970
0.00619660
0.00586160
0.00584410
0.00586660
0.00571730
0.00626400
0.00598540
0.00631120
0.00621740
0.00640030
0.00597100
0.00632500
0.00626240
