0.21197420
0.00522090
0.00483900
0.00480350
0.00484940
0.00494020
0.00484720
0.00489170
0.00489010
0.00501070
0.00547310
0.00590060
0.00568280
0.00543460
0.00570730
0.00545580
0.00517080
0.00521440
0.00508610
0.00513710
0.00509080
0.00511120
0.00508170
0.00503520
0.00488990
0.00511830
0.00511490
0.00525410
0.00539700
0.00540500
0.00518440
0.00541320
0.00524440
0.00513990
0.00536900
0.00540130
0.00448610
0.00434480
0.00409020
0.00453720
0.00441450
0.00442380
0.00417900
0.00467140
0.00413750
0.00409090
0.00406380
0.00459240
0.00448350
0.00465560
0.00455060
0.00452710
0.00437360
0.00420400
0.00429910
0.00403510
0.00399160
0.00398730
0.00404400
0.00415680
0.00437440
0.00437290
0.00445350
0.00447280
0.00440690
0.00441490
0.00450610
0.00434850
0.00453800
0.00433670
0.00433280
0.00445600
0.00437510
0.00395100
0.00407920
0.00401600
0.00398850
0.00422930
0.00444610
0.00425650
0.00387180
0.00376770
0.00373740
0.00373740
0.00401540
0.00401050
0.00391930
0.00456490
0.00446980
0.00456010
0.00450180
0.00448590
0.00445360
0.00421660
0.00443370
0.00447380
0.00411930
0.00488040
0.00435800
0.00451600
0.00430190
0.00417760
0.00459240
0.00476800
0.00467470
0.00464730
0.00451250
0.00458130
0.00457190
0.00455740
0.00412920
0.00407090
0.00428660
0.00432610
0.00398070
0.00435100
0.00412980
0.00417370
0.00377610
0.00373310
0.00370380
0.00385980
0.00367100
0.00365310
0.00390090
0.00446010
0.00442630
0.00517430
0.00443430
0.00444910
0.00444330
0.00442180
0.00420920
0.00422520
0.00419830
0.00435830
0.00437730
0.00410470
0.00398130
0.00399130
0.00444050
0.00380350
0.00374190
0.00396400
0.00389530
0.00417160
0.00397670
0.00387670
0.00395820
0.00391480
0.00377900
0.00357680
0.00370910
0.00436670
0.00381100
0.00415490
0.00391530
0.00390040
0.00392290
0.00386720
0.00381550
0.00388350
0.00380390
0.00369960
0.00377740
0.00384170
0.00382280
0.00376600
0.00374280
0.00367030
0.00356110
0.00358100
0.00354980
0.00358450
0.00360350
0.00378280
0.00373610
0.00364900
0.00347730
0.00346350
0.00345470
0.00389920
0.00364470
0.00374780
0.00379990
0.00376750
0.00371720
0.00395690
0.00374030
0.00385560
0.00393930
0.00381280
0.00354960
0.00394160
0.00418350
0.00410750
0.00435670
0.00403260
0.00411430
0.00392540
0.00421210
0.00397620
0.00434990
0.00486430
0.00411470
0.00421770
0.00424110
0.00412950
0.00384560
0.00412650
0.00416600
0.00437420
0.00397800
0.00426790
0.00441900
0.00422220
0.00402740
0.00406120
0.00398690
0.00393840
0.00402640
0.00404690
0.00387630
0.00456510
0.00404780
0.00388380
0.00436960
0.00435470
0.00414180
0.00415350
0.00423130
0.00377510
0.00368950
0.00412350
0.00375920
0.00365990
0.00357020
0.00356620
0.00355360
0.00350150
0.00350630
0.00408510
0.00380910
0.00383680
0.00420600
0.00370620
0.00359180
0.00366060
0.00374660
0.00368390
0.00405290
0.00388670
0.00381250
0.00375930
0.00379840
0.00399600
0.00363350
0.00355910
0.00356160
0.00356800
0.00361050
0.00354560
0.00385040
0.00357490
0.00361490
0.00357020
0.00365090
0.00382740
0.00389380
0.00379790
0.00433540
0.00404460
0.00387400
0.00379850
0.00370150
0.00364400
0.00360550
0.00357820
0.00353810
0.00361690
0.00355830
0.00356200
0.00367110
0.00394020
0.00390040
0.00474050
0.00445180
0.00438030
0.00425430
0.00420320
0.00401650
0.00446600
0.00612260
