0.22609820
0.00508570
0.00469730
0.00455180
0.00506460
0.00477020
0.00478160
0.00461990
0.00428560
0.00474600
0.00479550
0.00452360
0.00447430
0.00490120
0.00530320
0.00522700
0.00472240
0.00450870
0.00427500
0.00452040
0.00451920
0.00469160
0.00490220
0.00444840
0.00441610
0.00447730
0.00436420
0.00465010
0.00459310
0.00438760
0.00456950
0.00457520
0.00462210
0.00503540
0.00462130
0.00483280
0.00512920
0.00506320
0.00503160
0.00490840
0.00435720
0.00452040
0.00458510
0.00444930
0.00477880
0.00473670
0.00477330
0.00440910
0.00494360
0.00464580
0.00461330
0.00434390
0.00458670
0.00459990
0.00479270
0.00509480
0.00465540
0.00446910
0.00492500
0.00465420
0.00452370
0.00437680
0.00445970
0.00481820
0.00470000
0.00494790
0.00487950
0.00481980
0.00475490
0.00473340
0.00501650
0.00477280
0.00476060
0.00491810
0.00494940
0.00461710
0.00466240
0.00490480
0.00476760
0.00492810
0.00475460
0.00478820
0.00485200
0.00488030
0.00440220
0.00437660
0.00429220
0.00443330
0.00437980
0.00498780
0.00486430
0.00444240
0.00441870
0.00494650
0.00455690
0.00435870
0.00513930
0.00489800
0.00496260
0.00476600
0.00481950
0.00435380
0.00437240
0.00423880
0.00421600
0.00426480
0.00466190
0.00457410
0.00495740
0.00501370
0.00465910
0.00428780
0.00424360
0.00455820
0.00456490
0.00474010
0.00478410
0.00464730
0.00463890
0.00465410
0.00563920
0.00511930
0.00473360
0.00459390
0.00449800
0.00469880
0.00576560
0.00565260
0.00561640
0.00562510
0.00571300
0.00576540
0.00582700
0.00574600
0.00605540
0.00570310
0.00658980
0.00600850
0.00594630
0.00599520
0.00580460
0.00591660
0.00593340
0.00567910
0.00599190
0.00558780
0.00569650
0.00604300
0.00571010
0.00578660
0.00579000
0.00579290
0.00572530
0.00597740
0.00594010
0.00594540
0.00619320
0.00601340
0.00601000
0.00608290
0.00603700
0.00602670
0.00599400
0.00586410
0.00583400
0.00577460
0.00583070
0.00631540
0.00564910
0.00559790
0.00570090
0.00572430
0.00601160
0.00609770
0.00546480
0.00590470
0.00580070
0.00567310
0.00579830
0.00591360
0.00555400
0.00594940
0.00574300
0.00577490
0.00598240
0.00596780
0.00610700
0.00601880
0.00612490
0.00579870
0.00587570
0.00582460
0.00599340
0.00569110
0.00556230
0.00610830
0.00596390
0.00558900
0.00649460
0.00605800
0.00590020
0.00586220
0.00591740
0.00602750
0.00584170
0.00600650
0.00603340
0.00571580
0.00572920
0.00658580
0.00593600
0.00622000
0.00644150
0.00592360
0.00592300
0.00600130
0.00582570
0.00614570
0.00618010
0.00609340
0.00620980
0.00614330
0.00612280
0.00630920
0.00637290
0.00630390
0.00626490
0.00608970
0.00630980
0.00638170
0.00605730
0.00573320
0.00574320
0.00637730
0.00615230
0.00612650
0.00629450
0.00585670
0.00632480
0.00624520
0.00649550
0.00594420
0.00605250
0.00573660
0.00616250
0.00618910
0.00624700
0.00616080
0.00667340
0.00636840
0.00625960
0.00622350
0.00590170
0.00587890
0.00624690
0.00596210
0.00584210
0.00595400
0.00641860
0.00608270
0.00603740
0.00656270
0.00635060
0.00652500
0.00667240
0.00617750
0.00653500
0.00660540
0.00651930
0.00662710
0.00651100
0.00660260
0.00639340
0.00646050
0.00677220
0.00671320
0.00616950
0.00642010
0.00660140
0.00627570
0.00625310
0.00633950
0.00647090
0.00638620
0.00657950
0.00652940
0.00650030
0.00680320
0.00669310
0.00652230
0.00677820
0.00645410
0.00658040
0.00641970
0.00644490
0.00686170
0.00656220
0.00676420
0.00660990
0.00658460
0.00641720
0.00654820
0.00656120
0.00647280
0.00649400
0.00671780
0.00658290
0.00657580
0.00653220
0.00640720
0.00613280
0.00655410
0.00676150
0.00682810
0.00664750
0.00669260
0.00666310
0.00678740
0.00657730
0.00715330
0.00681100
0.00653390
0.00684060
0.00681530
0.00657980
0.00661390
0.00639800
0.00649600
0.00648120
0.00666060
0.00632110
0.00629650
0.00649650
0.00613650
0.00658930
0.00672050
0.00658700
0.00673610
0.00659960
0.00666630
0.00654890
0.00657560
0.00619090
0.00682340
0.00700500
0.00704940
0.00673330
0.00650470
0.00708360
0.00711020
0.00668410
0.00691800
0.00666880
0.00646360
0.00681930
0.00673320
0.00678310
0.00703380
0.00717110
0.00703800
0.00649410
0.00667170
0.00678140
0.00666010
0.00673130
0.00670070
0.00680210
0.00642680
0.00696630
0.00692350
0.00668370
0.00694070
0.00679980
0.00682830
0.00685430
0.00696800
0.00679200
0.00679390
0.00674720
0.00659160
0.00687560
0.00684450
0.00706050
0.00695160
0.00661710
0.00677500
0.00699990
0.00671590
0.00686100
0.00683240
0.00654060
0.00645140
0.00640880
0.00652670
0.00688450
0.00692310
0.00685000
0.00677380
0.00687190
0.00645300
0.00643380
0.00712570
0.00654920
0.00705190
0.00669210
0.00670540
0.00678270
0.00644090
0.00642040
0.00642720
0.00701480
0.00678580
0.00670160
0.00707310
0.00694900
0.00691770
0.00691600
0.00679480
0.00700780
0.00692640
0.00687250
0.00758780
0.00705010
0.00661310
0.00703970
0.00696290
0.00658330
0.00667820
0.00709090
0.00703260
0.00698140
0.00708480
0.00682840
0.00692680
0.00691290
0.00710800
0.00710100
0.00694910
0.00686160
0.00686240
0.00701570
0.00660580
0.00671380
0.00705090
0.00701750
0.00697610
0.00719180
0.00708280
0.00708480
0.00686040
0.00668550
0.00712780
0.00678920
0.00716830
0.00717650
0.00741550
0.00690680
0.00665480
0.00686130
0.00688030
0.00702010
0.00711750
0.00707650
0.00664370
0.00666820
0.00692260
0.00726720
0.00737670
0.00736650
0.00715410
0.00699230
0.00690900
0.00696540
0.00653990
0.00699890
0.00695100
0.00710280
0.00740020
0.00685450
0.00675060
0.00695000
0.00717890
0.00697290
0.00727410
0.00702960
0.00714540
0.00722070
0.00687510
0.00719960
0.00750860
0.00691980
0.00676650
0.00688120
0.00748520
0.00716970
0.00704320
0.00698530
0.00701820
0.00700480
0.00715230
0.00702240
0.00682140
0.00682100
0.00733140
0.00705900
0.00710460
0.00710970
0.00697680
0.00702890
0.00685830
0.00704120
0.00703320
0.00690620
0.00696610
0.00694500
0.00698970
0.00694190
0.00728760
0.00715000
0.00709570
0.00697720
0.00710600
0.00697930
0.00713840
0.00705250
0.00709330
0.00709370
0.00711470
0.00719650
0.00692770
0.00681290
0.00696850
0.00697910
0.00678910
0.00746870
0.00711320
0.00737100
0.00759690
0.00718640
0.00730400
0.00714780
0.00727100
0.00730710
0.00743180
0.00733840
0.00731230
0.00704860
0.00686280
0.00726680
0.00729140
0.00697330
0.00695630
0.00747220
0.00725830
0.00729270
0.00693150
0.00706340
0.00706500
