0.22644580
0.00522640
0.00453970
0.00461450
0.00445670
0.00518010
0.00502500
0.00511410
0.00496170
0.00514000
0.00517560
0.00535590
0.00542590
0.23569140
0.23275980
0.23710480
0.23537150
0.22038660
0.00611710
0.00599590
0.00600670
0.00608840
0.00598950
0.00610000
0.00611390
0.00587720
0.00619180
0.00600520
0.00614220
0.00598610
0.00588280
0.00618060
0.00572650
0.00578590
0.00607080
0.00583880
0.00564190
0.00592210
0.00597400
0.00599150
0.00524280
0.00523120
0.00522730
0.00501730
0.00473760
0.00477590
0.00499540
0.00482480
0.00472700
0.00480850
0.00480450
0.00482520
0.00494980
0.00501830
0.00508560
0.00515670
0.00531740
0.00475430
0.00450200
0.00486100
0.00497990
0.00462560
0.00460250
0.00481460
0.00515220
0.00464220
0.00503020
0.00496940
0.00506180
0.00473600
0.00461090
0.00484120
0.00468640
0.00435840
0.00478980
0.00461540
0.00495670
0.00458990
0.00436580
0.00440080
0.00487880
0.00468640
0.00459590
0.00483450
0.00484490
0.21938080
0.22332340
0.00413530
0.00422050
0.00434060
0.00430620
0.00453330
0.00437560
0.00448480
0.00517880
0.00471550
0.00525380
0.00500170
0.00549970
0.00535970
0.00477790
0.00451600
0.00547370
0.00512600
0.24516620
0.23488840
0.22710580
0.00444500
0.22936480
0.00449940
0.00460080
0.00444820
0.00427770
0.00423350
0.00415370
0.00433830
0.00406160
0.00410190
0.00489140
0.00477450
0.00456590
0.00476790
0.00435370
0.00432780
0.00405610
0.00415340
0.00454940
0.00527680
0.00519440
0.00587470
0.00500500
0.00548530
0.00558400
0.00541840
0.00582940
0.00576740
0.00532430
0.00486990
0.00506570
0.00498530
0.00553270
0.00432770
0.00433100
0.00423180
0.00412100
0.00434410
0.00427250
0.00425620
0.00416400
0.00447260
0.00502480
0.00502380
0.00571590
0.00609300
0.00551660
0.00547140
0.22736160
0.22432020
