0.22588950
0.00959630
0.00916210
0.00795110
0.00802360
0.00819040
0.00754690
0.00772300
0.00847870
0.00756000
0.00890270
0.00849080
0.00753510
0.00757880
0.00735980
0.00814260
0.00769140
0.00737040
0.00702270
0.00810480
0.00722380
0.00697110
0.00793740
0.00817900
0.00824340
0.00812680
0.00721660
0.00820000
0.00784350
0.00757090
0.00684370
0.00677220
0.00712560
0.00695270
0.00658590
0.00676050
0.00741500
0.00652200
0.00726150
0.00729500
0.00740360
0.00729110
0.00676950
0.00747570
0.00752300
0.00752800
0.00669340
0.00695860
0.00734110
0.00744670
0.00653200
0.00693740
0.00795350
0.00773000
0.00772480
0.00754810
0.00753310
0.00785880
0.00811570
0.00816720
0.00822990
