0.21316850
0.00621020
0.00645680
0.00590150
0.00604030
0.00597060
0.00582410
0.00578120
0.00597360
0.00588060
0.00600780
0.00553470
0.00647520
0.00542360
0.00615960
0.00511010
0.00514700
0.00544010
0.00508810
0.00491740
0.00492070
0.00506420
0.00503680
0.00502620
0.00555990
0.00507390
0.00494520
0.00527240
0.00494410
0.00502990
0.00514950
0.00501420
0.00487020
0.00483970
0.00498240
0.00498990
0.00511860
0.00488920
0.00453910
0.00444540
0.00518980
0.00501770
0.00498710
0.00495130
0.00461920
0.00476040
0.00475180
0.00463440
0.00453590
0.00479450
0.00500040
0.00461680
0.00455050
0.00448810
0.00454360
0.00455090
0.00455740
0.00451670
0.00469400
0.00466430
0.00481660
0.00455070
0.00488450
0.00478840
0.00470810
0.00461640
0.00476800
0.00457970
0.00459250
0.00448700
0.00467720
0.00469610
0.00495070
0.00481760
0.00543800
0.00474020
0.00490320
0.00469170
0.00469160
0.00489550
0.00490770
0.00513280
0.00479220
0.00484810
0.00488450
0.00492560
0.00502160
0.00508680
0.00503040
0.00487330
0.00473830
0.00474820
0.00465740
0.00466310
0.00475380
0.00465190
0.00492080
0.00458500
0.00452780
0.00457040
0.00460630
0.00443730
0.00440360
0.00463070
0.00455100
0.00511550
0.00505000
0.00527580
0.00541490
0.00506960
0.00483030
0.00493370
0.00510050
0.00527220
0.00504340
0.00499980
0.00451410
0.00480410
0.00494830
0.00500740
0.00507460
0.00536260
0.00505330
0.00465950
0.00462220
0.00508100
0.00493320
0.00457670
0.00453420
0.00449330
0.00425490
0.00428850
0.00461660
0.00445610
0.00442940
0.00462300
0.00451390
0.00461130
0.00453250
0.00457220
0.00477960
0.00434510
0.00473320
0.00441640
0.00438930
0.00456740
0.00447310
0.00426330
0.00449050
0.00442160
0.00451510
0.00444150
0.00436100
0.00438870
0.00422880
0.00434200
0.00430720
0.00426970
0.00436530
0.00455350
0.00432040
0.00459260
0.00490690
0.00436410
