0.21802110
0.00451750
0.00440670
0.00414490
0.00401530
0.00398430
0.00402860
0.00443400
0.00422530
0.00442410
0.00413150
0.00429850
0.00422980
0.00408720
0.00404300
0.00403360
0.00408840
0.00402340
0.00423250
0.00400810
0.00399880
0.00399630
0.00397370
0.00408390
0.00459160
0.00431560
0.00445900
0.00421080
0.00409120
0.00396990
0.00395270
0.00396080
0.00392750
0.00411090
0.00401230
0.00398110
0.00412010
0.00402010
0.00402130
0.00399640
0.00402290
0.00435240
0.00428540
0.00428300
0.00427240
0.00399570
0.00404010
0.00404330
0.00407560
0.00428630
0.00427850
0.00427540
0.00422130
0.00421110
0.00376450
0.00370000
0.00378010
0.00369330
0.00390800
0.00412360
0.00412850
0.00407490
0.00419330
0.00414030
0.00392220
0.00370740
0.00371420
0.00365420
0.00378370
0.00384320
0.00370630
0.00369510
0.00436050
0.00407030
0.00413770
0.00389670
0.00388460
0.00367590
0.00406660
0.00390930
0.00401440
0.00399010
0.00437220
0.00394100
0.00396690
0.00383760
0.00403040
0.00390840
0.00376100
0.00364680
0.00375070
0.00365540
0.00373320
0.00376190
0.00399700
0.00395920
0.00377200
0.00406080
0.00423650
0.00405870
0.00378620
0.00393580
0.00420610
0.00389890
0.00387510
0.00388070
0.00388000
0.00379080
0.00385810
0.00380620
0.00380070
0.00387340
0.00362020
0.00361140
0.00380550
0.00365900
0.00426310
0.00386370
0.00385860
0.00425320
0.00396850
0.00426970
0.00403910
0.00388060
0.00407390
0.00401760
0.00391990
0.00433960
0.00394600
0.00395790
0.00366520
0.00366020
0.00393120
0.00382110
0.00382720
0.00364430
0.00403940
0.00367520
0.00365490
0.00368890
0.00402380
0.00385670
0.00361230
0.00352400
0.00356710
0.00378630
0.00375580
0.00375070
0.00378330
0.00373510
0.00396880
0.00384060
0.00388100
0.00364300
0.00360510
0.00363280
0.00356950
0.00374060
0.00415630
0.00467390
0.00430350
0.00416160
0.00404530
0.00411090
0.00373270
0.00367030
0.00457400
0.00385740
0.00407590
0.00424050
0.00412660
0.00377870
0.00390830
0.00387190
0.00389620
0.00389280
0.00374970
0.00392300
0.00393730
0.00390130
0.00390680
0.00392740
0.00376280
0.00381100
0.00368910
0.00359320
0.00356770
0.00380210
0.00368520
0.00382770
0.00360130
0.00356050
0.00370860
0.00392410
0.00377190
0.00390430
0.00375900
0.00393670
0.00380180
0.00394280
0.00380910
0.00389910
0.00392910
0.00393170
0.00380040
0.00372440
0.00424080
0.00426490
0.00398620
0.00398880
0.00403020
0.00398570
0.00362580
0.00421870
0.00461140
0.00398150
0.00393450
0.00387790
0.00392540
0.00391860
0.00394510
0.00397170
0.00400340
0.00401780
0.00429900
0.00400730
0.00419540
0.00426410
0.00387390
0.00375420
0.00378080
0.00388410
0.00410760
0.00401820
0.00380300
0.00373590
0.00358470
0.00354890
0.00395010
0.00352050
0.00367710
0.00405400
0.00397750
0.00385420
0.00404650
0.00403530
0.00405080
0.00393390
0.00411750
0.00380460
0.00381470
0.00393260
0.00415150
0.00408620
0.00391760
0.00385770
0.00387970
0.00392220
0.00392520
0.00411030
0.00413440
0.00406690
0.00393500
0.00381600
0.00386760
0.00382170
0.00382880
0.00392720
0.00390820
0.00392480
0.00391630
0.00382710
0.00367430
0.00361340
0.00357190
0.00366720
0.00364320
0.00365090
0.00372610
0.00373390
0.00415040
0.00390070
0.00387140
0.00403990
0.00391040
0.00386860
0.00385360
0.00381440
0.00383530
0.00402560
0.00394810
0.00403180
0.00393610
0.00377430
0.00382590
0.00378360
0.00380580
0.00402510
0.00384840
0.00392950
0.00388790
0.00390160
0.00394800
0.00385700
0.00403370
0.00402130
0.00381890
0.00399580
0.00405990
0.00383080
0.00377570
0.00376730
0.00359690
0.00363270
0.00380240
0.00408750
0.00409030
0.00395090
0.00400980
0.00392560
0.00398220
0.00387700
0.00384220
0.00361570
0.00359620
0.00356790
0.00361780
0.00362640
0.00392800
0.00397080
0.00408820
0.00423450
0.00398500
0.00415320
0.00397900
0.00419610
0.00396430
0.00369940
0.00420310
0.00400250
0.00369600
0.00377360
0.00362180
0.00390730
0.00407400
0.00395980
0.00388190
0.00380330
0.00399520
0.00363660
0.00396160
0.00382350
0.00383770
0.00372920
0.00378600
0.00359940
0.00389430
0.00382670
0.00384810
0.00363960
0.00383010
0.00385120
0.00406320
0.00390260
0.00397110
0.00394990
