0.22926100
0.01038580
0.00958140
0.00929120
0.00938250
0.00935200
0.00903300
0.00898810
0.00903230
0.00925620
0.00909810
0.00909480
0.00913220
0.00944590
0.00905470
0.00735770
0.00705790
0.00692850
0.00737210
0.00760300
0.00730040
0.00739630
0.00689110
0.00675190
0.00686090
0.00728210
0.00749130
0.00785030
0.00741840
0.00731770
0.00741470
0.00794180
0.00806790
0.00801830
0.00812250
0.00804470
0.00806810
0.00791310
0.00678930
0.00653840
0.00596640
0.00644790
0.00604160
0.00608510
0.00673250
0.00673230
0.00668240
0.00640000
0.00589450
0.00599870
0.00655950
0.00667470
0.00670180
0.00672890
0.00655710
0.00639940
0.00626290
0.00629990
0.00624120
0.00654460
0.00648190
0.00601240
0.00621450
0.00629850
0.00628570
0.00637340
0.00572650
0.00582640
0.00579820
0.00584050
0.00630040
0.00629750
0.00640600
0.00596110
0.00571130
0.00587130
0.00568100
0.00610250
0.00607080
0.00581480
0.00569760
0.00567330
0.00552120
0.00546530
0.00519280
0.00545650
0.00567860
0.00599450
0.00601680
0.00621530
0.00609590
0.00630260
0.00617160
0.00607270
0.00725770
0.00544290
0.00541180
0.00600610
0.00540910
0.00559800
0.00555160
0.00592610
0.00604260
0.00609090
0.00592240
0.00656300
0.00646950
0.00529130
0.00532160
0.00524630
0.00540210
0.00634030
0.00599150
0.00534190
0.00540820
0.00599060
0.00598920
0.00665540
0.00528930
0.00522130
0.00547960
0.00593200
0.00541920
0.00607790
0.00605470
0.00636450
0.00627030
0.00607150
0.00607810
0.00601600
0.00584840
0.00592960
0.00585710
0.00569300
0.00594500
0.00527340
0.00573340
0.00568640
0.00575220
0.00572100
0.00583630
0.00582970
0.00571670
0.00557640
0.00561250
0.00565390
0.00523840
0.00595850
0.00607590
0.00621520
0.00644210
0.00669220
0.00553940
0.00608840
0.00614730
0.00586210
0.00594190
0.00596810
0.00618600
0.00593680
0.00548420
0.00530230
0.00598430
0.00634600
0.00673690
0.00606080
0.00670500
0.00638320
0.00622210
0.00595210
0.00630480
0.00640670
0.00641870
0.00652970
0.00607640
0.00588110
0.00671790
0.00671180
0.00662120
0.00634450
0.00577090
0.00563470
0.00561920
0.00587530
0.00565970
0.00572040
0.00646180
0.00590250
0.00575190
0.00614420
0.00622450
0.00653980
0.00619340
0.00654750
0.00660370
0.00651840
0.00638610
0.00620810
0.00588250
0.00602450
0.00586860
