0.21349280
0.00563380
0.00550490
0.00550890
0.00575250
0.00587800
0.00555120
0.00546640
0.00581930
0.00578710
0.00560280
0.00638900
0.00569120
0.00607580
0.00603120
0.00609250
0.00591250
0.00581450
0.00588110
0.00591300
0.00576830
0.00592890
0.00622560
0.00638480
0.00590370
0.00639530
0.00609470
0.00619050
0.00595320
0.00632230
0.00640960
0.00644390
0.00623850
0.00705140
0.00657880
0.00706400
0.00723310
0.00699400
0.00739420
0.00759090
0.00724620
0.00755810
0.00724530
0.00757630
0.00706960
0.00778540
0.00758630
0.00758050
0.00711220
0.00733380
0.00816870
0.00748700
0.00831720
0.00829920
0.00833720
0.00852410
0.00871100
0.00888910
0.00842160
0.00916180
0.00992920
0.00937000
0.00938390
0.00843100
0.00965410
0.00890570
0.00921180
0.00958030
0.00987330
0.01030090
0.01090210
0.01046060
0.00889770
0.01052180
0.01048030
0.00953650
0.00967830
0.01069180
0.01062430
0.01095020
0.01070760
0.01080950
0.01081360
0.01199770
0.01255190
0.01221640
0.01070170
0.01154250
0.01197610
0.01111900
0.01118820
0.01146050
0.01242730
0.01123700
0.01353490
0.01289790
0.01354990
0.01362870
0.01176910
0.01284410
0.01410230
0.01356970
0.01252420
0.01113840
0.01139300
0.01108210
0.01025980
0.01057910
0.00976740
0.00900060
0.00984250
0.01017280
0.00946240
0.00835390
0.00897760
0.00807040
0.00781520
0.00753060
0.00809520
0.00799880
0.00783410
0.00725190
0.00736390
0.00668260
0.00674870
0.00711660
0.00699850
0.00700250
0.00680400
0.00645990
0.00644630
