0.25706700
0.00682970
0.00671880
0.00629370
0.00657230
0.00647790
0.00660530
0.00584640
0.00579570
0.00592600
0.00597900
0.00633390
0.00581100
0.00585500
0.00674320
0.00622170
0.00576800
0.00555020
0.00582570
0.00597150
0.00532550
0.00523330
0.00503150
0.00541410
0.00563450
0.00599510
0.00584040
0.00536540
0.00572110
0.00658760
0.00585570
0.00565470
0.00597730
0.00555600
0.00548660
0.00567320
0.00541230
0.00556440
0.00586590
0.00567050
0.00512820
0.00500450
0.00568220
0.00513560
0.00521210
0.00505100
0.00527020
0.00615710
0.00561940
0.00572700
0.00552830
0.00576490
0.00618520
0.00570880
0.00574250
0.00604230
0.00566290
0.00590760
0.00593140
0.00617900
0.00572550
0.00635250
0.24860630
0.25344490
0.25854970
0.26112230
0.25513100
0.24609350
0.24982280
0.00788950
0.00749170
0.00725380
0.00766300
0.00814870
0.00789510
0.00713340
0.00793380
0.00732340
0.00793010
0.00772300
0.00721480
0.00747830
0.00755690
0.00715690
0.00729080
0.00694670
0.00722990
0.00695700
0.00728750
0.00695610
0.00695030
0.00713130
0.00710540
0.00707490
0.00679080
0.00645440
0.00678500
0.00704370
0.00736900
0.00642200
0.00679830
0.00651600
0.00702910
0.00683670
0.00728910
0.00625780
0.00682330
0.00678280
0.00662740
0.00665910
0.00811810
0.00727840
0.00616310
0.00643220
0.00670820
0.00768800
0.00655650
0.00655570
0.00631680
0.00630850
0.00627200
0.00641100
0.00679450
0.00686890
0.00672660
0.00669220
0.00690650
0.00633700
0.00646550
0.00626010
0.00683970
0.00662960
0.00594840
0.00573420
0.00585170
0.00600500
0.00594390
0.00597980
0.00545790
0.00577790
0.00621280
0.00584780
0.00600740
0.00629480
0.00577440
0.00532500
0.00526050
0.00540330
0.00503590
0.00519090
0.00534460
