0.22698260
0.00437790
0.00449320
0.00457630
0.00432360
0.00481840
0.00407180
0.00465180
0.00462510
0.00481940
0.00451480
0.00453490
0.00465970
0.00465250
0.00477170
0.00416410
0.00456210
0.00401460
0.00417290
0.00398270
0.00416100
0.00442050
0.00422770
0.00440330
0.00463260
0.00464850
0.00437940
0.00415640
0.00397030
0.00427470
0.00425740
0.00439270
0.00446950
0.00470680
0.00475430
0.00466890
0.00397890
0.00438610
0.00401740
0.00409570
0.00458390
0.00514940
0.00460610
0.00459320
0.00399040
0.00444070
0.00447990
0.00436300
0.00457960
0.00448680
0.00431260
0.00457990
0.00431800
0.00422080
0.00459060
0.00420880
0.00466310
0.00451410
0.00447540
0.00492910
0.00471130
0.00456470
0.00418790
0.00447160
0.00462980
0.00442010
0.00522650
0.00481310
0.00000000
0.00000000
0.00000000
0.00000000
0.22297710
0.00498110
0.00481860
0.00510560
0.00515270
0.00517660
0.00523990
0.00463950
0.00483050
0.00000000
0.00000000
0.00000000
0.00000000
0.22524530
0.00515050
0.00501170
0.00508320
0.00502980
0.00445110
0.00539050
0.00519310
0.00529830
0.00488010
0.00535830
0.00514630
0.00533110
0.00521820
0.00522170
0.00534200
0.00491560
0.00495080
0.00532510
0.00512260
