0.21337720
0.00471970
0.00469450
0.00466790
0.00460750
0.00494120
0.00483680
0.00491390
0.00528700
0.00530300
0.00559290
0.00533930
0.00573000
0.00479740
0.00480230
0.00487290
0.00495290
0.00505230
0.00559670
0.00549710
0.00611440
0.00579630
0.00513010
0.00547970
0.00537880
0.00532530
0.00544000
0.00556720
0.00578210
0.00604510
0.00615830
0.00598340
0.00615650
0.00556570
0.00674590
0.00560260
0.00547770
0.00614370
0.00591580
0.00529010
0.00549600
0.00560530
0.00605320
0.00593000
0.00589730
0.00524280
0.00525950
0.00576860
0.00653050
0.00518210
0.00512820
0.00504490
0.00503730
0.00494330
0.00547230
0.00481730
0.00505490
0.00570100
0.00573060
0.00534480
0.00522430
0.00557320
0.00550440
0.00644800
0.00532040
0.00513770
0.00497940
0.00581910
0.00553100
0.00526570
0.00540720
0.00544060
0.00538710
0.00508600
0.00634440
0.00488730
0.00463530
0.00460520
0.00462670
0.00471150
0.00541960
0.00550790
0.00541730
0.00543520
0.00513920
0.00514930
0.00527070
0.00528680
0.00477710
0.00451050
0.00454390
0.00455140
0.00458250
0.00540280
0.00538120
0.00554720
0.00568670
0.00542900
0.00504410
0.00495590
0.00511200
0.00506780
0.00512270
0.00475710
0.00472140
0.00514560
0.00546260
0.00524860
0.00539740
0.00524140
0.00543020
0.00526250
0.00550710
0.00528500
0.00498050
0.00529470
0.00467810
0.00500640
0.00568630
0.00501060
0.00475260
0.00468670
0.00478060
0.00467350
0.00502950
0.00510670
0.00480380
0.00461970
0.00481410
0.00485040
0.00497040
0.00483690
0.00473320
0.00602040
0.00547480
0.00500090
0.00500530
0.00490000
0.00469270
0.00468390
0.00465950
0.00545390
0.00495150
0.00482430
0.00563160
0.00476290
0.00513150
0.00508240
0.00537670
0.00521050
0.00520270
0.00568180
0.00489220
0.00517360
0.00535870
0.00533180
0.00544100
0.00523430
0.00543360
0.00515530
0.00539040
0.00505780
0.00507100
0.00505700
0.00495480
0.00483520
0.00545930
0.00541830
0.00498600
0.00522480
0.00526350
0.00529530
0.00527150
0.00523590
0.00563610
0.00516020
0.00502570
0.00499080
0.00594270
0.00583270
0.00594160
0.00555850
0.00549890
0.00609680
0.00581420
0.00510100
0.00497410
0.00501270
0.00503010
0.00556530
0.00549400
0.00516710
0.00599810
0.00590890
0.00634400
0.00613140
0.00541640
0.00522750
0.00524710
0.00544250
0.00547640
0.00536390
0.00534130
0.00562200
0.00530680
0.00523740
0.00535960
0.00540150
0.00523950
0.00512140
0.00547220
0.00517390
0.00533760
0.00474200
0.00473450
0.00495970
0.00514440
0.00554820
0.00502570
0.00454640
0.00467000
0.00466490
0.00461870
0.00461690
0.00441070
0.00460310
0.00478810
0.00437390
0.00436810
0.00452000
0.00457580
0.00455210
0.00424740
0.00459710
0.00481280
0.00490980
0.00475160
0.00465120
0.00462350
0.00503140
0.00450010
0.00437170
0.00436050
0.00462130
0.00451100
0.00434110
0.00433720
0.00464850
0.00429810
0.00471430
0.00448900
0.00416710
0.00441700
0.00473820
0.00453480
0.00475930
0.00423290
0.00415640
0.00413180
0.00438760
0.00444040
0.00448920
0.00460090
0.00443870
0.00465020
0.00459140
0.00444090
0.00460260
0.00457000
0.00464500
0.00467830
0.00483250
0.00488930
0.00486090
0.00473430
0.00487710
0.00462340
0.00458650
0.00448350
0.00457980
0.00482010
0.00478360
0.00460780
0.00462940
0.00447940
0.00455940
0.00431150
0.00462140
0.00466560
0.00469670
0.00539830
0.00558490
