0.21421430
0.00405360
0.00386540
0.00399460
0.00436950
0.00430600
0.00394500
0.00398630
0.00398450
0.00410830
0.00426440
0.00403350
0.00432270
0.00413050
0.00427910
0.00433530
0.00452640
0.00428770
0.00387670
0.00430370
0.00467030
0.00452520
0.00423980
0.00427690
0.00432100
0.00399220
0.00425640
0.00449620
0.00422120
0.00439380
0.00449970
0.00396190
0.00414300
0.00421720
0.00395170
0.00429830
0.00424800
0.00425960
0.00430590
0.00423570
0.00436970
0.00440780
0.00427470
0.00495510
0.00419620
0.00423140
0.00458220
0.00420220
0.00416650
0.00425400
0.00416650
0.00415030
0.00422500
0.00446010
0.00473080
0.00466390
0.00454900
0.00414800
0.00457770
0.00422480
0.00437500
0.00426180
0.00426750
0.00445320
0.00406540
0.00430540
0.00407950
0.00435680
0.00422170
0.00408900
0.00410860
0.00430020
0.00436440
0.00411490
0.00427920
0.00439500
0.00395190
0.00438530
0.00457600
0.00411090
0.00426140
0.00403130
0.00439420
0.00391940
0.00435210
0.00416010
0.00399700
0.00428550
0.00435720
0.00393440
0.00418930
0.00422240
0.00396010
0.00392930
0.00431520
0.00429950
0.00440190
0.00437450
0.00434820
0.00440130
0.00435880
0.00453370
0.00398960
0.00416820
0.00454660
0.00432510
0.00400140
0.00436280
0.00438700
0.00425120
0.00412280
0.00432880
0.00410100
0.00407600
0.00404970
0.00427720
0.00431530
0.00423720
0.00442240
0.00398210
0.00405150
0.00405120
0.00394260
0.00407540
0.00419450
0.00411310
0.00415910
0.00426840
0.00430670
0.00399550
0.00438090
0.00432620
0.00435230
0.00430350
0.00429190
0.00403000
0.00414590
0.00468460
0.00428070
0.00418020
0.00430840
0.00420020
0.00412560
0.00409740
0.00427980
0.00430660
0.00424880
0.00449140
0.00406850
0.00443510
0.00425430
0.00459800
0.00417020
0.00429120
0.00432550
0.00436820
0.00404480
0.00417500
0.00432970
0.00418620
0.00425150
0.00439500
0.00414430
0.00431670
0.00432090
0.00432670
0.00405240
0.00400570
0.00411010
0.00406230
0.00441150
0.00425150
0.00425700
0.00420750
0.00435910
0.00423070
0.00433760
0.00438560
0.00451440
0.00411800
0.00445100
0.00429510
0.00418400
0.00444340
0.00447290
0.00483710
0.00406000
0.00424940
0.00455280
0.00433280
0.00436200
0.00420670
0.00415110
0.00385270
0.00429560
0.00395400
0.00420200
0.00437800
0.00441520
0.00425630
0.00455910
0.00460130
0.00421820
0.00447780
0.00451240
0.00438180
0.00417660
0.00431550
0.00436870
0.00443460
0.00436960
0.00430890
0.00429320
0.00431780
0.00428650
0.00438520
0.00447940
0.00456230
0.00429450
0.00436400
0.00386560
0.00433600
0.00384030
0.00415320
0.00418470
0.00425320
0.00458900
0.00429140
0.00421050
0.00418770
0.00423040
0.00439550
0.00401810
0.00406210
0.00414790
0.00429880
0.00429030
0.00414390
0.00425610
0.00430120
0.00414840
0.00418520
0.00414030
0.00463250
0.00444680
0.00424920
0.00408840
0.00440650
0.00410750
0.00414330
0.00436840
0.00386320
0.00390180
0.00442220
0.00424840
0.00405040
0.00405380
0.00460250
0.00423600
0.00447570
0.00414910
0.00417210
0.00424770
0.00442820
0.00437990
0.00417290
0.00427560
0.00439250
0.00431720
0.00437340
0.00416250
0.00423960
0.00444840
0.00396980
0.00418150
0.00412300
0.00472090
0.00410620
0.00420450
0.00409720
0.00409590
0.00401320
0.00433320
0.00420810
0.00405040
0.00425190
0.00418310
0.00427970
0.00447780
0.00430620
0.00408310
0.00473910
0.00413060
0.00452910
0.00434490
0.00422750
0.00430750
0.00419940
0.00410900
0.00424660
0.00437650
0.00396340
0.00450060
0.00403770
0.00413940
0.00396130
0.00413840
0.00437180
0.00431900
0.00401070
0.00407620
0.00395330
0.00417780
0.00411430
0.00425200
0.00418830
0.00413920
0.00431040
0.00437630
0.00417690
0.00436150
0.00389190
0.00431400
0.00409440
0.00441490
0.00427200
0.00401420
0.00497000
0.00442850
0.00443380
0.00431180
0.00414550
0.00442750
0.00410720
0.00422300
0.00426260
0.00398080
0.00429290
0.00447500
0.00416840
0.00389500
