0.21620690
0.00665600
0.00664270
0.00660510
0.00689000
0.00648950
0.00613590
0.00629660
0.00636380
0.00675230
0.00661490
0.00648200
0.00641280
0.00633020
0.00651690
0.00678900
0.00651200
0.00635640
0.00658740
0.00659090
0.00654570
0.00530590
0.00540490
0.00595820
0.00550760
0.00511740
0.00534270
0.00537020
0.00498680
0.00488550
0.00483330
0.00483750
0.00539500
0.00530680
0.00526680
0.00556390
0.00512380
0.00513760
0.00463140
0.00480840
0.00449570
0.00511810
0.00517650
0.00483940
0.00463590
0.00461150
0.00502140
0.00476050
0.00417720
0.00496530
0.00491220
0.00485030
0.00487160
0.00449680
0.00451540
0.00448960
0.00455420
0.00452240
0.00439960
0.00424600
0.00448940
0.00467100
0.00467210
0.00462640
0.00473270
0.00451690
0.00472580
0.00434300
0.00470910
0.00412790
0.00477290
0.00453460
0.00422990
0.00481740
0.00487980
0.00465970
0.00475990
0.00460700
0.00427760
0.00439040
0.00401980
0.00468560
0.00454860
0.00444180
0.00449440
0.00422200
0.00421160
0.00476580
0.00444670
0.00421770
0.00411040
0.00440600
0.00443320
0.00412740
0.00448590
0.00438060
0.00417810
0.00407490
0.00402490
0.00451370
0.00419820
0.00453920
0.00436260
0.00446320
0.00399860
0.00431560
0.00413580
0.00460070
0.00437890
0.00456510
0.00432110
0.00423620
0.00461320
0.00470590
0.00451400
0.00548980
0.00446470
0.00426600
0.00468540
0.00425530
0.00470550
0.00451480
0.00481950
0.00451800
0.00439240
0.00469730
0.00467800
0.00461240
0.00461870
0.00458060
0.00428090
0.00479920
0.00460860
0.00477010
0.00445520
0.00407540
0.00448640
0.00459370
0.00450070
0.00464230
0.00473980
0.00462830
0.00422650
0.00496690
0.00460740
0.00472070
0.00435290
0.00435900
0.00470400
0.00447170
0.00486370
0.00445820
0.00456930
0.00470000
0.00485810
0.00481810
0.00464490
0.00426070
0.00459440
0.00445830
0.00460490
0.00485330
0.00427140
0.00455020
0.00435350
0.00412340
0.00490260
0.00555610
0.00498280
0.00461560
0.00462380
0.00472150
0.00435940
0.00466740
0.00476940
0.00484270
0.00474440
0.00451640
0.00465310
0.00444780
0.00454030
0.00488850
0.00443150
0.00429740
0.00436100
0.00416930
0.00458720
0.00466260
0.00470460
0.00421030
0.00471250
0.00482570
0.00474780
0.00478760
0.00452660
0.00431100
0.00448540
0.00477400
0.00412450
0.00475470
0.00445020
0.00450620
0.00494280
0.00438500
0.00424120
0.00460000
0.00473560
0.00509130
0.00478900
0.00452790
0.00471690
0.00468320
0.00463700
0.00441150
0.00482450
0.00469770
0.00483180
0.00415290
0.00481060
0.00469160
0.00463460
0.00475790
0.00498330
0.00432570
0.00451470
0.00450840
0.00447860
0.00457410
0.00469580
0.00497060
0.00431020
0.00435990
0.00424430
0.00421900
0.00462890
0.00460180
0.00478080
0.00454110
0.00472250
0.00459550
0.00450900
0.00449150
0.00441770
0.00507790
0.00440990
0.00435200
0.00491500
0.00473870
0.00464760
0.00446040
0.00471790
0.00471030
0.00440150
0.00448220
0.00470330
0.00473060
0.00431320
0.00464230
0.00410190
0.00458470
0.00492120
0.00449340
0.00456940
0.00472140
0.00443600
0.00461290
0.00468780
0.00472270
0.00466250
0.00434390
0.00474250
0.00471590
0.00469810
0.00431220
0.00438420
0.00466150
0.00466710
0.00428040
0.00433930
0.00403330
0.00462990
0.00452590
0.00465990
0.00434090
0.00441670
0.00418000
0.00436810
0.00418290
0.00417110
0.00463140
0.00456150
0.00462320
0.00442210
0.00445860
0.00441590
0.00445580
0.00422690
0.00418120
0.00412060
0.00438860
0.00497520
0.00399910
0.00451870
0.00412150
0.00418540
0.00411490
0.00429090
0.00421780
0.00432010
0.00434340
0.00433320
0.00446940
