0.21047530
0.00515890
0.00551310
0.00536770
0.00505640
0.00472510
0.00464050
0.00464880
0.00473850
0.00534380
0.00457510
0.00448060
0.00476080
0.00445050
0.00465760
0.00449700
0.00433080
0.00452430
0.00445290
0.00445330
0.00440120
0.00416290
0.00432380
0.00458190
0.00515190
0.00458030
0.00461780
0.00430050
0.00426980
0.00463330
0.00482490
0.00464680
0.00466200
0.00466230
0.00469450
0.00463810
0.00466190
0.00479630
0.00468780
0.00465870
0.00456350
0.00432230
0.00439180
0.00449420
0.00458320
0.00464560
0.00462230
0.00462180
0.00441660
0.00470500
0.00434430
0.00426130
0.00431330
0.00423110
0.00463760
0.00471920
0.00431180
0.00452410
0.00432820
0.00456400
0.00450620
0.00473040
0.00471160
0.00452390
0.00458530
0.00437360
0.00460730
0.00476460
0.00481930
0.00445660
0.00458910
0.00458520
0.00451180
0.00417880
0.00435320
0.00451780
0.00421460
0.00505870
0.00569170
0.00540590
0.00529260
0.00502270
0.00515730
0.00528810
0.00579020
0.00563780
0.00531980
0.00485770
0.00488630
0.00484510
0.00502990
0.00607810
0.00563650
0.00487650
0.00554000
0.00568140
0.00550980
0.00529520
0.00480160
0.00475790
0.00498660
0.00508390
0.00494030
0.00500210
0.00517270
0.00489890
0.00473500
0.00483440
0.00507820
0.00500650
0.00429720
0.00458540
0.00462110
0.00461400
0.00466770
0.00440710
0.00441560
0.00471130
0.00481700
0.00506250
0.00480750
0.00499180
0.00489050
0.00472920
0.00525270
0.00500270
0.00489440
0.00479280
0.00473190
0.00450280
0.00460510
0.00506500
0.00512890
0.00526560
0.00519740
0.00519870
0.00537920
0.00545260
0.00468570
0.00454030
0.00475340
0.00457210
0.00455140
0.00477050
0.00493330
0.00472980
0.00474010
0.00464990
0.00481320
0.00465780
0.00484630
0.00482000
0.00476550
0.00442480
0.00518430
0.00501500
0.00468560
0.00462660
0.00465590
0.00457270
0.00437130
0.00465270
0.00452420
0.00441880
0.00426040
0.00419640
0.00436450
0.00435840
0.00461220
0.00461880
0.00471450
0.00449260
0.00453540
0.00453050
0.00468770
0.00491640
0.00545580
0.00509790
0.00491950
0.00493640
0.00493590
0.00462990
0.00476560
0.00476180
0.00487190
0.00490840
0.00465840
0.00455790
0.00476830
0.00484880
0.00494370
0.00480620
0.00515620
0.00469550
0.00475190
0.00498820
0.00488150
0.00481590
0.00470380
0.00463530
0.00453570
0.00481180
0.00545050
0.00477530
0.00502420
0.00505070
0.00481660
0.00483130
0.00489710
0.00492280
0.00501000
0.00559330
0.00501840
0.00446310
0.00439330
0.00439520
0.00485240
0.00493760
0.00490430
0.00448760
0.00436700
0.00440540
0.00473610
0.00476690
0.00471350
0.00488010
0.00467580
0.00468270
0.00465060
0.00476360
0.00468460
0.00483050
0.00504550
0.00486160
0.00506930
0.00458470
0.00461380
0.00449950
0.00488320
0.00497410
0.00560890
0.00515530
0.00514990
0.00499940
0.00500990
0.00501100
0.00507250
0.00514830
0.00506780
0.00488280
0.00482670
0.00449630
0.00464180
0.00459280
0.00431500
0.00427680
0.00452090
0.00468050
0.00487420
0.00463960
0.00464780
0.00506320
0.00473190
0.00435900
0.00445630
0.00447890
0.00448340
0.00564820
0.00499830
0.00474340
0.00464610
0.00563250
0.00525570
0.00517460
0.00513390
0.00490360
0.00495470
0.00486540
0.00514130
0.00524250
0.00514130
0.00527890
0.00505310
0.00484100
0.00498600
0.00551610
0.00517360
0.00517390
0.00486310
0.00546730
0.00512580
0.00544800
0.00526360
0.00511690
0.00520720
0.00540920
0.00554140
0.00529070
0.00524270
0.00492630
0.00477900
0.00519930
0.00503920
0.00516870
0.00525820
0.00485230
0.00483540
0.00518070
0.00556590
0.00531430
0.00512890
0.00528480
0.00519050
0.00551160
0.00521130
0.00480890
0.00492980
0.00551460
0.00527690
0.00519580
0.00524930
0.00509810
0.00515790
0.00553150
0.00528790
0.00515170
0.00520810
0.00492990
0.00502610
0.00506120
0.00506940
0.00518760
0.00505080
0.00499930
0.00515550
0.00522020
0.00515940
0.00501960
0.00474820
0.00456380
0.00448510
0.00469690
0.00484260
0.00491830
0.00502810
0.00476780
0.00524810
0.00563600
0.00515560
0.00531030
0.00517590
0.00524320
0.00527830
0.00507100
0.00557530
0.00556380
0.00529140
0.00540160
0.00529540
0.00524040
0.00520900
0.00548510
0.00563370
0.00540740
0.00517990
