0.22407780
0.00501870
0.00471450
0.00490950
0.00476600
0.00476680
0.00484250
0.00495120
0.00563860
0.00480280
0.00489870
0.00486480
0.00492390
0.00461260
0.00443960
0.00442650
0.00490440
0.00485520
0.00498450
0.00514140
0.00477940
0.00475950
0.00492940
0.00487260
0.00491320
0.00469870
0.00444530
0.00440230
0.00441180
0.00440360
0.00452900
0.00484000
0.00491960
0.00446520
0.00472340
0.00462970
0.00490160
0.00484740
0.00449640
0.00445420
0.00441880
0.00442260
0.00470560
0.00461040
0.00446640
0.00449070
0.00465140
0.00488680
0.00476930
0.00469030
0.00442580
0.00464140
0.00441150
0.00439180
0.00434620
0.00407160
0.00415290
0.00482420
0.00417350
0.00499710
0.00458370
0.00417180
0.00433550
0.00439690
0.00452870
0.00427430
0.00443410
0.00446540
0.00441120
0.00431610
0.00428820
0.00418500
0.00439720
0.00432220
0.00448490
0.00439400
0.00413720
0.00418740
0.00446760
0.00443400
0.00411830
0.00409310
0.00448550
0.00452150
0.00454850
0.00433940
0.00433660
0.00427960
0.00429680
0.00438180
0.00444630
0.00433180
0.00403400
0.00408750
0.00455040
0.00444140
0.00436630
0.00437190
0.00433400
0.00423840
0.00428150
0.00414180
0.00410270
0.00415080
0.00444210
0.00440430
0.00440650
0.00435030
0.00433210
0.00431840
0.00458870
0.00466460
0.00471260
0.00480990
0.00503790
0.00434400
0.00432250
0.00409930
0.00412240
0.00424810
0.00427770
0.00434840
0.00467520
0.00410120
0.00426800
0.00452070
0.00450280
0.00446860
0.00479230
0.00444980
0.00436710
0.00423700
0.00435750
0.00424790
0.00424800
0.00415350
0.00408110
0.00409950
0.00408990
0.00416870
0.00442420
0.00451950
0.00444500
0.00450190
0.00447220
0.00402790
0.00396360
0.00395770
0.00417870
0.00414190
0.00418640
0.00400890
0.00400660
0.00000000
0.00000000
0.00000000
0.00000000
0.20224020
0.00439400
0.00428660
0.00421180
0.00424220
0.00430080
0.00416510
0.00434450
0.00452440
0.00438880
0.00444150
0.00418680
0.00431290
0.00437080
0.00431350
0.00436420
0.00424020
0.00000000
0.00000000
0.00000000
0.00000000
0.21667920
0.00435910
0.00434420
0.00425110
0.00434890
0.00428350
0.00411880
0.00406050
0.00455390
0.00402170
0.00395150
0.00442560
0.00447710
0.00420590
0.00405230
0.00451740
0.00437550
0.00430760
0.00438580
0.00418830
0.00414050
0.00404990
0.00405660
0.00431240
0.00421410
0.00404540
0.00429680
0.00427410
0.00454630
0.00441710
0.00441960
0.00456100
0.00452180
0.00451750
0.00429550
0.00419010
0.00403510
0.00410230
0.00452430
0.00440630
0.00452330
0.00409120
0.00415260
0.00409720
0.00442090
0.00460220
0.00454230
0.00413700
0.00406480
0.00436040
0.00434100
0.00432290
0.00415850
0.00411920
0.00437150
0.00488580
0.00445560
0.00473780
0.00444040
0.00437350
0.00444600
0.00460680
0.00453790
0.00459150
0.00435920
0.00454470
0.00445110
0.00446550
0.00445310
0.00440360
0.00441930
0.00555410
0.00471270
0.00435920
0.00418260
0.00414470
0.00416700
0.00430710
0.00441830
0.00443730
0.00437030
0.00443050
0.00438760
0.00467690
0.00439840
0.00462850
0.00438470
0.00000000
0.00000000
0.00000000
0.00000000
0.20253220
0.00426490
0.00418070
0.00455110
0.00431470
0.00412720
0.00435340
0.00404440
0.00402160
0.00402780
0.00417580
0.00437480
0.00411960
0.00423820
0.00432660
0.00475600
0.00470410
0.00450600
0.00422740
0.00445820
0.00443910
0.00417940
0.00416060
0.00000000
0.00000000
0.00000000
0.00000000
0.20218880
0.00422750
0.00411290
0.00469050
0.00440170
0.00428050
0.00421000
0.00420760
0.00424990
0.00432090
0.00432570
0.00438940
0.00431740
0.00414690
0.00413470
0.00409890
0.00408810
0.00430020
0.00436240
0.00420820
0.00404130
0.00416180
0.00482140
0.00487450
0.00437330
0.00428900
0.00434450
0.00425660
0.00404820
0.00400460
0.00399830
0.00394120
0.00392190
0.00426160
0.00399350
0.00403680
0.00424710
0.00412540
0.00404470
0.00414000
0.00412420
0.00424560
0.00431460
0.00420380
0.00477000
0.00414750
0.00424360
0.00462840
0.00448720
0.00449620
0.00446950
0.00428120
0.00467470
0.00419840
0.00416710
0.00424570
0.00483770
0.00478810
0.00456600
0.00446940
0.00448000
0.00455570
0.00439900
0.00423590
0.00422250
0.00421660
0.00418210
0.00414610
0.00423980
0.00435880
