0.21839340
0.00601300
0.00620650
0.00629280
0.00659570
0.00624300
0.00626570
0.00638880
0.00640240
0.00653350
0.00649330
0.00648330
0.00627770
0.00614910
0.00595670
0.00552660
0.00552160
0.00513860
0.00521680
0.00557700
0.00535500
0.00544430
0.00577270
0.00567990
0.00555070
0.00564960
0.00572370
0.00536220
0.00533340
0.00531160
0.00517430
0.00511380
0.00506680
0.00507460
0.00525290
0.00535540
0.00551360
0.00516400
0.00490350
0.00503890
0.00505800
0.00493110
0.00473840
0.00489190
0.00462840
0.00458110
0.00478130
0.00468180
0.00484880
0.00531100
0.00555670
0.00551300
0.00522610
0.00498220
0.00490870
0.00527130
0.00520050
0.00515630
0.00511570
0.00455840
0.00461260
0.00477690
0.00480290
0.00473600
0.00451990
0.00480180
0.00478080
0.00491150
0.00485870
0.00487260
0.00471060
0.00461660
0.00482620
0.00485360
0.00503730
0.00490880
0.00483690
0.00499430
0.00512230
0.00463490
0.00459060
0.00502300
0.00508230
0.00488870
0.00497270
0.00484770
0.00501200
0.00514710
0.00551580
0.00467360
0.00496840
0.00503000
0.00510150
0.00505000
0.00539030
0.00526220
0.00480400
0.00470230
0.00505820
0.00476720
0.00474160
0.00476150
0.00488840
0.00488560
0.00493360
0.00506410
0.00535040
0.00514910
0.00471290
0.00443080
0.00451040
0.00471870
0.00496540
0.00505290
0.00511710
0.00482880
0.00478430
0.00513080
0.00495240
0.00493100
0.00491130
0.00497150
0.00510310
0.00487980
0.00462040
0.00440320
0.00434700
0.00435410
0.00446140
0.00505840
0.00495300
0.00480550
0.00472850
0.00451370
0.00439460
0.00452290
0.00489440
0.00463900
0.00457050
0.00447840
0.00453530
0.00449010
0.00439190
0.00435810
0.00445500
0.00447900
0.00467280
0.00450220
0.00432630
0.00443090
0.00450930
0.00394390
0.00391310
0.00388980
0.00413420
0.00412520
0.00426850
0.00433820
0.00423830
0.00400690
0.00395330
0.00407520
0.00404590
0.00426030
