0.22874870
0.00461280
0.00458960
0.00447500
0.00488920
0.00457880
0.00465110
0.00471540
0.00467380
0.00471150
0.00453790
0.00410300
0.00450820
0.00473080
0.00446500
0.00473980
0.00470840
0.00466010
0.00449060
0.00424760
0.00474890
0.00436890
0.00448200
0.00453300
0.00442270
0.00478690
0.00454770
0.00459410
0.00437720
0.00460630
0.00498080
0.00484560
0.00470900
0.00458190
0.00454340
0.00430540
0.00424930
0.00476860
0.00443140
0.00472570
0.00452480
0.00498110
0.00461930
0.00451440
0.00453430
0.00484880
0.00000000
0.00000000
0.00000000
0.00000000
0.23328870
0.00564510
0.00545270
0.00546350
0.00591450
0.00541270
0.00569040
0.00572310
0.00576190
0.00576040
0.00551400
0.00577710
0.00574060
0.00615800
0.00570980
0.00569300
0.00585350
0.00570320
0.00542720
0.00571340
0.00575180
0.00547130
0.00549920
0.00579010
0.00558090
0.00576190
0.00546400
0.00559050
0.00543030
0.00548060
0.00567730
0.00571600
0.00573780
0.00575080
0.00563580
0.00596990
0.00599040
0.00553850
0.00582950
0.00637080
0.00593730
0.00599840
0.00610690
0.00591800
0.00548080
0.00605980
0.00632290
0.00597690
0.00630030
0.00583200
0.00586880
0.00597500
0.00593360
0.00604380
0.00612970
0.00587820
0.00591510
0.00576280
0.00624080
0.00598570
0.00582420
0.00608820
0.00578640
0.00567100
0.00586190
0.00602100
0.00644530
0.00629190
0.00628350
0.00590590
0.00609600
0.00577050
0.00572810
0.00578800
0.00629780
0.00572560
0.00622830
0.00636710
0.00633950
