0.22030890
0.00443740
0.00454800
0.00436630
0.00432820
0.00425300
0.00449330
0.00383670
0.00388300
0.00419830
0.00427450
0.00455080
0.00451920
0.00445640
0.00409060
0.00425870
0.00387420
0.00418240
0.00412180
0.00431930
0.00427660
0.00407380
0.00432060
0.00429300
0.00431660
0.00451550
0.00396380
0.00442800
0.00454730
0.00433840
0.00408180
0.00409190
0.00424120
0.00424110
0.00409180
0.00418790
0.00426320
0.00433360
0.00419340
0.00415630
0.00426210
0.00425750
0.00444630
0.00420840
0.00452890
0.00454680
0.00435270
0.00427290
0.00453390
0.00472230
0.00424560
0.00452920
0.00430160
0.00458280
0.00434410
0.00407540
0.00420250
0.00421790
0.00448790
0.00437430
0.00410700
0.00444870
0.00451740
0.00461160
0.00406420
0.00436530
0.00458610
0.00435630
0.00419010
0.00418400
0.00423280
0.00449860
0.00436570
0.00436150
0.00426490
0.00421940
0.00434060
0.00428290
0.00429040
0.00381070
0.00416960
0.00439160
0.00481370
0.00437980
0.00445630
0.00434960
0.00428850
0.00436000
0.00404870
0.00410080
0.00446790
0.00432770
0.00437570
0.00446800
0.00471140
0.00440820
0.00413120
0.00434120
0.00430890
0.00431780
0.00439610
0.00443450
0.00447870
0.00427840
0.00425380
0.00412720
0.00419810
0.00456930
0.00441970
0.00430620
0.00423870
0.00421290
0.00405860
0.00481640
0.00450020
0.00429090
0.00456220
0.00429290
0.00421310
0.00410820
0.00416320
0.00454880
0.00423490
0.00447460
0.00431050
0.00406870
0.00424580
0.00424480
0.00419140
0.00422840
0.00455860
0.00405200
0.00435140
0.00437680
0.00395280
0.00418540
0.00443980
0.00430670
0.00404570
0.00408310
0.00436820
0.00427810
0.00410150
0.00395050
0.00425740
0.00444510
0.00401260
0.00426010
0.00433540
0.00421220
0.00428770
0.00434060
0.00420970
0.00448840
0.00422260
0.00398590
0.00435580
0.00452710
0.00403430
0.00420970
0.00417070
0.00429470
0.00383760
0.00416120
0.00423360
0.00417610
0.00405210
0.00413830
0.00439400
0.00451190
0.00434630
0.00438020
0.00427390
0.00411450
0.00457720
0.00449180
0.00436990
0.00450400
0.00403090
0.00430850
0.00392870
0.00408170
0.00445440
0.00428470
0.00453670
0.00432050
0.00439500
0.00436300
0.00402350
0.00448530
0.00429360
0.00445070
0.00404270
0.00431280
0.00436970
0.00458600
0.00410560
0.00440460
0.00446340
0.00419460
0.00418640
0.00442610
0.00455770
0.00382870
0.00425140
0.00442160
0.00420300
0.00400060
0.00424140
0.00392730
0.00439890
0.00393800
0.00451170
0.00413990
0.00428310
0.00409930
0.00396850
0.00432270
0.00393240
0.00495410
0.00416980
0.00409480
0.00451650
0.00512900
0.00436920
0.00412370
0.00406800
0.00418600
0.00428240
0.00416650
0.00428140
0.00463290
0.00527030
0.00444590
0.00409730
0.00450360
0.00441120
0.00453310
0.00407090
0.00451660
0.00448500
0.00423250
0.00429290
0.00402780
0.00412890
0.00397160
0.00425530
0.00397800
0.00390440
0.00433890
0.00432590
0.00426190
0.00422120
0.00400000
0.00400450
0.00402410
0.00416220
0.00421810
0.00398520
0.00427200
0.00410760
0.00410400
0.00441040
0.00414430
0.00409550
0.00441300
0.00471250
0.00465040
0.00435060
0.00448250
0.00447920
0.00447640
0.00399020
0.00418180
0.00415830
0.00439490
0.00431790
0.00428680
0.00413180
0.00420040
0.00402100
0.00429370
0.00411160
0.00425340
0.00444160
0.00468930
0.00450780
0.00443230
0.00422610
0.00413650
0.00397900
0.00394260
0.00398490
0.00437960
0.00413700
0.00452500
0.00461200
0.00422860
0.00434140
0.00414610
0.00425010
0.00432190
0.00425470
0.00441600
0.00444570
0.00444250
0.00418780
0.00428680
0.00428240
0.00407720
0.00393620
0.00436790
0.00442880
0.00432210
0.00444790
0.00418960
0.00437450
0.00436540
0.00430870
0.00425980
0.00438490
0.00473930
0.00438260
0.00430370
0.00424860
0.00449360
0.00425920
0.00415180
0.00412830
0.00414490
0.00434950
0.00424220
0.00449910
0.00449530
0.00431160
0.00409420
0.00408160
0.00463760
0.00431620
0.00438840
0.00441810
0.00436490
0.00459700
0.00419360
0.00444700
0.00401580
0.00421650
0.00422170
0.00412630
0.00450530
0.00428440
0.00431120
0.00427960
0.00388080
0.00420300
0.00440490
0.00419500
0.00431600
0.00479040
0.00435070
0.00417200
0.00427560
0.00402280
0.00414330
0.00387990
0.00404840
0.00449230
0.00430150
0.00434490
0.00424940
0.00424890
0.00428910
0.00413560
0.00432050
0.00424090
0.00399880
0.00402550
0.00417570
0.00442090
0.00441940
0.00429110
0.00417820
0.00411560
0.00436370
0.00419110
0.00451950
0.00460550
0.00431510
0.00425250
0.00415890
0.00422840
0.00427300
0.00437700
0.00417780
0.00440510
0.00456220
0.00395350
0.00444750
0.00467770
0.00450940
0.00406670
0.00443000
0.00445240
0.00463110
0.00441520
0.00427430
0.00459360
0.00444560
0.00452030
0.00428370
0.00445830
0.00434860
0.00412310
0.00429530
0.00442110
0.00436960
0.00412390
0.00428010
0.00451290
0.00428240
0.00435540
0.00445900
0.00442420
0.00459380
0.00444740
0.00446070
0.00481550
0.00473700
0.00459350
0.00465140
0.00512000
0.00493120
0.00422010
0.00512740
0.00501850
0.00465210
0.00454660
0.00481490
0.00452090
0.00434760
0.00484610
0.00437650
0.00471210
0.00419030
0.00468660
0.00418120
0.00416760
0.00466320
0.00417450
0.00476640
0.00448470
0.00445340
0.00429780
0.00439260
0.00407900
0.00439180
0.00499690
0.00439090
0.00472380
0.00510530
0.00462670
0.00527750
0.00446850
0.00424530
0.00447470
0.00434630
0.00544720
0.00483570
0.00440450
0.00446510
0.00440600
0.00446020
0.00428240
0.00409920
0.00387750
0.00456640
0.00456690
0.00421730
0.00440500
0.00396490
0.00402610
0.00402620
0.00419780
0.00439660
0.00438130
0.00404380
0.00422860
0.00440540
0.00409350
0.00430700
0.00395520
0.00471950
0.00483830
0.00527800
0.00418240
0.00526420
0.00490750
0.00502110
0.00457100
0.00525480
0.00448340
0.00434380
0.00432620
0.00465980
0.00454010
0.00439560
0.00401260
0.00432410
0.00420070
0.00408490
0.00429280
0.00439350
0.00428750
0.00417980
0.00431140
0.00463110
0.00431790
0.00446160
0.00428660
0.00435690
0.00463740
0.00444880
0.00415110
0.00437750
0.00444450
0.00442890
0.00463740
0.00440390
0.00422000
0.00435900
0.00443570
0.00416240
0.00406100
0.00421530
0.00431450
0.00449370
0.00445110
0.00452720
0.00408200
0.00420420
0.00434390
0.00425450
0.00463970
0.00464020
0.00459230
0.00444520
0.00554620
0.00481980
0.00436600
0.00522440
0.00459310
0.00455430
0.00454500
0.00464020
0.00463860
0.00511470
0.00476040
0.00483820
0.00452670
0.00433520
0.00433550
0.00425590
0.00422840
0.00426450
0.00416700
0.00444020
0.00441330
0.00421040
0.00417310
0.00417090
0.00435740
0.00433550
0.00405740
0.00430640
0.00427290
0.00430190
0.00446830
0.00434240
0.00415280
0.00440670
0.00422190
0.00448960
0.00443050
0.00431390
0.00433000
0.00430510
0.00416670
0.00414920
0.00435410
0.00425520
0.00452580
0.00447830
0.00437020
0.00463210
0.00420810
0.00439550
0.00450580
0.00429240
0.00440240
0.00429530
0.00483080
0.00456920
0.00434480
0.00422600
0.00406650
0.00427550
0.00428610
0.00414050
0.00418600
0.00447340
0.00438050
0.00419030
0.00420750
0.00427460
0.00424750
0.00432250
0.00454590
0.00426680
0.00444130
0.00459140
0.00432710
0.00439400
0.00465030
0.00436580
0.00455620
0.00445400
0.00481200
0.00439220
0.00447630
0.00404130
0.00442230
0.00472420
0.00436490
0.00430840
0.00449930
0.00472090
0.00465510
0.00477210
0.00448340
0.00474240
0.00517480
0.00491270
0.00480880
0.00489110
0.00471610
0.00469780
0.00494560
0.00463930
0.00479490
0.00448400
0.00464640
0.00441860
0.00473680
0.00457190
0.00490940
0.00465990
0.00473050
0.00473820
0.00443050
0.00491150
0.00490690
0.00472340
0.00463540
0.00482310
0.00480720
0.00479210
0.00451370
0.00470750
0.00452940
0.00439910
0.00461580
0.00472280
0.00474770
0.00472120
0.00492920
0.00446220
0.00426190
0.00448160
0.00442140
0.00475330
0.00472410
0.00452350
0.00448940
0.00503800
0.00466810
0.00471440
0.00442250
0.00415540
0.00453720
0.00452460
0.00440390
0.00448070
0.00459510
0.00461340
0.00484310
0.00450330
0.00511400
0.00480350
0.00445320
0.00480310
0.00520370
0.00429250
0.00517450
0.21948120
0.00488190
0.00427500
0.00436260
0.00461980
0.00431580
0.00415970
0.00409610
0.00425680
0.00400750
