0.21702120
0.00447740
0.00428050
0.00494330
0.00516390
0.00455670
0.00452300
0.00439430
0.00439640
0.00468190
0.00453700
0.00422990
0.00470370
0.00476010
0.00489490
0.00457180
0.00456040
0.00479180
0.00484020
0.00451340
0.00465570
0.00472290
0.00526640
0.00501780
0.00525290
0.00480730
0.00487520
0.00492080
0.00473650
0.00481040
0.00484370
0.00573720
0.00592220
0.00584690
0.00591880
0.00574020
0.00594490
0.00515370
0.00459930
0.00438830
0.00481720
0.00463110
0.00473380
0.00524890
0.00558680
0.00493660
0.00500410
0.00434240
0.00513710
0.00478800
0.00485730
0.00486830
0.00470180
0.00468080
0.00469830
0.00473080
0.00485540
0.00485540
0.00487150
0.00485760
0.00441500
0.00459490
0.00474470
0.00539450
0.00578530
0.00641880
0.00536850
0.00500110
0.00506730
0.00497340
0.00553550
0.00531260
0.00615310
0.00518170
0.00492530
0.00468170
0.00446400
0.00437040
0.00468320
0.00473300
0.00472970
0.00436900
0.00437160
0.00468360
0.00463330
0.00453810
0.00474120
0.00444920
0.00446490
0.00439120
0.00460530
0.00442670
0.00444660
0.00437330
0.00452930
0.00469440
0.00485030
0.00469100
0.00469390
0.00462760
0.00465210
0.00519440
0.00593290
0.00593460
0.00544880
0.00451140
0.00490150
0.00509040
0.00525660
0.00590490
0.00548350
0.00524600
0.00452860
0.00478460
0.00473890
0.00506430
0.00484380
0.00442940
0.00441080
0.00458330
0.00483770
0.00457280
0.00456070
0.00459960
0.00475490
0.00460200
0.00469500
0.00545550
0.00555400
0.00457030
0.00484590
0.00482030
0.00486990
0.00487170
0.00525110
0.00499460
0.00455940
0.00464980
0.00435830
0.00414020
0.00410220
0.00432150
0.00462110
0.00475090
0.00455150
0.00435340
0.00435510
0.00422170
0.00447500
0.00459460
0.00425790
0.00448340
0.00473880
0.00438340
0.00448680
0.00436960
0.00437580
0.00443990
0.00428480
0.00502310
0.00478690
0.00458220
0.00465740
0.00430550
0.00414770
0.00495880
0.00477450
0.00501860
0.00525980
0.00503470
0.00502290
0.00454930
0.00455980
0.00464190
0.00451650
0.00454660
0.00431800
0.00439070
0.00432370
0.00412240
0.00486440
0.00435080
0.00518400
0.00479780
0.00426400
0.00433030
0.00457730
0.00462720
0.00428540
0.00439590
0.00479100
0.00445280
0.00449600
0.00472260
0.00462990
0.00439680
0.00458960
0.00455790
0.00447320
0.00508330
0.00498290
0.00486060
0.00497820
0.00462830
0.00457580
0.00458770
0.00463530
0.00447380
0.00476690
0.00452430
0.00454670
0.00455950
0.00459650
0.00429370
0.00430790
0.00432230
0.00426570
0.00460490
0.00460780
0.00440030
0.00429060
0.00423750
0.00428070
0.00456700
0.00439970
0.00451210
0.00446650
0.00431560
0.00435540
0.00427400
0.00423040
0.00416790
0.00439750
0.00434670
0.00423010
0.00435750
0.00454280
0.00437770
0.00414770
0.00454550
0.00427780
0.00440570
0.00426600
0.00475070
0.00511750
0.00433400
0.00402950
0.00427600
0.00416150
0.00421470
0.00431210
0.00440140
0.00440050
0.00422470
0.00442630
0.00467830
0.00448000
0.00446060
0.00442310
0.00432730
0.00439880
0.00400260
0.00406710
0.00408050
0.00412610
0.00463430
0.00452360
0.00449150
0.00454280
0.00502150
0.00513250
0.00454500
0.00423220
0.00403810
0.00421200
0.00418630
0.00422380
0.00455280
0.00465870
0.00451020
0.00467010
0.00468710
0.00470980
0.00462980
0.00458530
0.00479950
0.00487220
0.00501660
0.00457130
0.00476260
0.00477770
0.00471970
0.00452700
0.00434350
0.00449630
0.00473160
0.00474640
0.00441980
0.00508490
0.00465410
0.00475250
0.00453000
0.00489210
0.00474500
0.00480300
0.00461540
0.00470490
0.00467740
0.00468120
0.00435970
0.00447520
0.00453780
0.00479310
0.00547020
0.00537180
0.00424870
0.00415080
0.00408560
0.00470730
0.00462370
0.00470330
0.00435290
0.00491550
0.00518420
0.00502280
0.00447730
0.00426200
0.00393380
0.00393690
0.00399860
0.00498420
0.00521170
0.00477310
0.00419470
0.00412010
0.00439800
0.00430040
0.00418580
0.00393140
0.00425840
0.00456230
0.00426020
0.00423360
0.00395720
0.00392870
0.00407480
0.00425480
0.00414290
0.00401040
0.00410300
0.00427530
0.00404910
0.00431690
0.00418890
0.00411420
0.00446790
0.00408850
0.00420300
0.00436990
0.00516740
0.00625560
0.00530610
0.00521910
0.00644290
0.00513970
0.00416870
0.00407050
0.00423930
0.00404990
0.00395160
0.00419570
0.00421360
0.00411330
0.00414370
0.00418190
0.00430200
0.00413580
0.00418470
0.00423980
0.00412050
0.00410800
0.00452110
0.00522110
0.00448290
0.00469620
0.00440910
0.00417400
0.00402220
0.00412840
0.00441070
0.00438880
0.00413890
0.00424040
0.00454430
0.00434500
0.00424820
0.00434960
0.00417510
0.00442910
0.00459620
0.00499450
0.00481770
0.00474230
0.00456060
0.00490060
0.00479610
0.00522290
0.00468630
0.00439570
0.00420920
0.00415180
0.00410630
0.00410880
0.00393130
0.00508920
0.00617990
0.00450360
0.00407740
0.00396170
0.00421700
0.00436810
0.00417150
0.00419690
0.00462800
0.00430280
0.00413370
0.00399640
0.00398380
0.00406100
0.00394740
0.00398530
0.00408830
0.00407890
0.00418880
0.00417740
0.00422620
0.00428430
0.00415710
0.00442770
0.00510640
0.00529860
0.00456130
0.00439240
0.00427760
0.00478540
0.00599640
0.00516130
0.00445620
0.00430780
0.00439820
0.00453910
0.00444620
0.00466680
0.00434530
0.00453870
0.00509550
0.00468760
0.00494560
0.00508340
0.00577450
0.00491220
0.00461100
0.00432170
0.00466670
0.00531240
0.00427090
0.00438760
0.00424530
0.00451530
0.00445550
0.00452240
0.00405790
0.00404870
0.00408620
0.00435960
0.00540490
0.00543290
0.00426690
0.00471570
0.00454060
0.00428880
0.00450980
0.00442670
0.00489030
0.00418970
0.00441460
0.00440650
0.00440970
0.00489580
0.00414360
0.00442970
0.00460860
0.00459260
0.00434780
0.00442140
0.00445820
0.00459710
0.00437650
0.00456800
0.00440910
0.00474060
0.00436260
0.00450760
0.00459620
0.00474120
0.00471920
0.00488850
0.00460420
0.00454520
0.00453570
0.00449610
0.00452570
0.00493940
0.00494480
0.00486590
0.00501740
0.00550860
0.00474570
0.00456550
0.00471200
0.00436670
0.00499890
0.00462950
0.00476400
0.00437630
0.00470550
0.00483750
0.00524790
0.00482210
0.00510700
0.00464180
0.00433930
0.00426180
0.00428020
0.00447110
0.00449230
0.00450880
0.00442990
0.00427500
0.00430360
0.00449310
0.00441880
0.00432800
0.00418490
0.00472410
0.00473570
0.00421050
0.00409810
0.00419910
0.00463070
0.00446260
0.00448800
0.00455570
0.00430650
0.00426130
0.00426270
0.00396450
0.00444740
0.00437070
0.00433250
0.00451640
0.00429520
0.00428500
0.00431020
0.00428030
0.00435410
0.00439250
0.00501170
0.00447780
0.00463240
0.00406270
0.00400400
0.00412900
0.00436840
0.00411580
0.00442210
0.00439730
0.00424950
0.00413180
0.00410550
0.00436680
0.00452630
0.00446730
0.00461300
0.00430410
0.00458830
0.00444830
0.00448110
0.00421750
0.00412470
0.00405980
0.00399870
0.00408800
0.00421670
0.00432350
0.00428260
0.00450680
0.00449890
0.00462370
0.00403870
0.00445940
0.00427560
0.00430380
0.00436280
0.00425000
0.00428620
0.00434390
0.00435270
0.00433500
0.00439380
0.00434910
0.00417420
0.00433230
0.00425080
0.00405230
0.00445080
0.00427500
0.00417450
0.00440790
0.00565290
0.00494050
0.00429410
0.00439010
0.00422800
0.00419620
0.00438110
0.00414170
0.00417140
0.00484900
0.00445420
0.00466570
0.00438240
0.00456680
0.00438890
0.00394310
0.00390590
0.00393630
0.00396350
0.00395250
0.00389310
0.00393420
0.00408580
0.00453850
0.00413170
0.00422860
0.00390540
0.00435610
0.00434970
0.00428520
0.00427580
0.00431160
0.00440580
0.00423070
0.00433120
0.00445140
0.00397160
0.00391560
0.00390570
0.00439170
0.00443590
0.00436990
0.00428510
0.00425320
0.00503420
0.00545740
0.00424510
0.00412140
0.00400450
0.00411520
0.00424620
0.00429800
0.00522400
0.00509560
0.00464180
0.00429120
0.00444280
0.00420490
0.00462010
0.00464450
0.00407800
0.00402470
0.00394770
0.00393190
0.00411690
0.00434010
0.00389030
0.00443430
0.00451050
0.00511960
0.00481210
0.00421150
0.00422190
0.00427820
0.00426310
0.00445040
0.00431800
0.00422020
0.00415340
0.00397450
0.00393330
0.00390430
0.00406750
0.00400710
0.00411610
0.00450930
0.00513340
0.00483550
0.00538430
0.00527860
0.00494350
0.00502340
0.00579680
0.00454310
0.00405410
0.00398320
0.00419870
0.00420910
0.00492220
0.00472540
0.00460860
0.00435720
0.00401750
0.00453740
0.00422970
0.00412890
