0.21163240
0.00448360
0.00386100
0.00381300
0.00382010
0.00400160
0.00406290
0.00395550
0.00390600
0.00388530
0.00423770
0.00422130
0.00436450
0.00419120
0.00419940
0.00437410
0.00456030
0.00421110
0.00413940
0.00419620
0.00416880
0.00419120
0.00422800
0.00426090
0.00401620
0.00404770
0.00377590
0.00378370
0.00378840
0.00380340
0.00374630
0.00385960
0.00417640
0.00447340
0.00428970
0.00419010
0.00413740
0.00409470
0.00396130
0.00395710
0.00403830
0.00415260
0.00415600
0.00415300
0.00415430
0.00414230
0.00411580
0.00396070
0.00385740
0.00385940
0.00386690
0.00388140
0.00391970
0.00396350
0.00441290
0.00434640
0.00421140
0.00401880
0.00407700
0.00424450
0.00412230
0.00421840
0.00404320
0.00416600
0.00416860
0.00416610
0.00392200
0.00390960
0.00395880
0.00378390
0.00369510
0.00373210
0.00369200
0.00369690
0.00409520
0.00392690
0.00411360
0.00413040
0.00403490
0.00406150
0.00397390
0.00402290
0.00494820
0.00412900
0.00426880
0.00422940
0.00399420
0.00399770
0.00399240
0.00398140
0.00392270
0.00401740
0.00392540
0.00384730
0.00398630
0.00415740
0.00395110
0.00413580
0.00414650
0.00391880
0.00404870
0.00411180
0.00424140
0.00402710
0.00387830
0.00404600
0.00401050
0.00401790
0.00399550
0.00403210
0.00396260
0.00392230
0.00412610
0.00395070
0.00389090
0.00387600
0.00418960
0.00416480
0.00377130
0.00397240
0.00405470
0.00388920
0.00389830
0.00403460
0.00398020
0.00390160
0.00377790
0.00376800
0.00368420
0.00372690
0.00366650
0.00372160
0.00394030
0.00402360
0.00403230
0.00398360
0.00387150
0.00419070
0.00403650
0.00427880
0.00427630
0.00409890
0.00440210
0.00430460
0.00418030
0.00413950
0.00412060
0.00385250
0.00383710
0.00396020
0.00396880
0.00471230
0.00433700
0.00420790
0.00414170
0.00415660
0.00415720
0.00390680
0.00398840
0.00412470
0.00432700
0.00450300
0.00453920
0.00470300
0.00512020
0.00390560
0.00384420
0.00405900
0.00396860
0.00448170
0.00371510
0.00394010
0.00390970
0.00411210
0.00412260
0.00393800
0.00393970
0.00388220
0.00402300
0.00391150
0.00416510
0.00485990
0.00433720
0.00426580
0.00428650
0.00421860
0.00409540
0.00446460
0.00438910
0.00411950
0.00464900
0.00440390
0.00429830
0.00403650
0.00434670
0.00450480
0.00474450
0.00384000
0.00373430
0.00372790
0.00397300
0.00409120
0.00436160
0.00408870
0.00399240
0.00398570
0.00396950
0.00401510
0.00409950
0.00412450
0.00426940
0.00421380
0.00400570
0.00410080
0.00408850
0.00417480
0.00375080
0.00376330
0.00370520
0.00386330
0.00386620
0.00391980
0.00414140
0.00425210
0.00419860
0.00393960
0.00380570
0.00371580
0.00369670
0.00376180
0.00401430
0.00407720
0.00408160
0.00400610
0.00393690
0.00511210
0.00409320
0.00389420
0.00392820
0.00397890
0.00388490
0.00386190
0.00371500
0.00376560
0.00392540
0.00383720
0.00374390
0.00381730
0.00410100
0.00423280
0.00410650
0.00400090
0.00397920
0.00399550
0.00388300
0.00402480
0.00412180
0.00401260
0.00377340
0.00379580
0.00380030
0.00377630
0.00388450
0.00394600
0.00400020
0.00374810
0.00394830
0.00396750
0.00373010
0.00408390
0.00405350
0.00403870
0.00417470
0.00375370
0.00367870
0.00365390
0.00362830
0.00377450
0.00407550
0.00401780
0.00396920
0.00401530
0.00396280
0.00397680
0.00375480
0.00405590
0.00450300
0.00411810
0.00416580
0.00410340
0.00402000
0.00397450
0.00409770
0.00368870
0.00364650
0.00371740
0.00374490
0.00375270
0.00387170
0.00399400
0.00413710
0.00387220
0.00417420
0.00422310
0.00410150
0.00394660
0.00389550
0.00390020
0.00428810
0.00404550
0.00383070
0.00408720
0.00428900
0.00400930
0.00403340
0.00398870
0.00401360
0.00408130
0.00383660
0.00402610
0.00403260
0.00406700
0.00390670
0.00400560
0.00395560
0.00402170
0.00402810
0.00385800
0.00406930
0.00410580
0.00396920
0.00396950
0.00392470
0.00383220
0.00373620
0.00395000
0.00378710
0.00373560
0.00381000
0.00381800
0.00374790
0.00374000
0.00390850
0.00385660
0.00396370
0.00428290
0.00389080
0.00372150
0.00374650
0.00387870
0.00369990
0.00401990
0.00398260
0.00398670
0.00394160
0.00393010
0.00392040
0.00397650
0.00382350
0.00398610
0.00395130
0.00384740
0.00412590
0.00389680
0.00390990
0.00387360
0.00387450
0.00395160
0.00378100
0.00381990
0.00374050
0.00377840
0.00462040
0.00443320
0.00421580
0.00382420
0.00369890
0.00364410
0.00366200
0.00360770
0.00365870
0.00364450
0.00368410
0.00398970
0.00435810
0.00383220
0.00395380
0.00408220
0.00429440
0.00401580
0.00382240
0.00396320
0.00379860
0.00393080
0.00394230
0.00393660
0.00409920
0.00377850
0.00359210
0.00353970
0.00354080
0.00356490
0.00354060
0.00371330
0.00431310
0.00405700
0.00371360
0.00361840
0.00379970
0.00378760
0.00388040
0.00371710
0.00374160
0.00377910
0.00379450
0.00376220
0.00395510
0.00393510
0.00409140
0.00403080
0.00404840
0.00392500
0.00387960
0.00385660
0.00382130
0.00379460
0.00394260
0.00395820
0.00391310
0.00385650
0.00391510
0.00396480
0.00387200
0.00404670
0.00399610
0.00380960
0.00384880
0.00382700
0.00392450
0.00411040
0.00407250
0.00390610
0.00385060
0.00374930
0.00352310
0.00365530
0.00381410
0.00377050
0.00390160
0.00379810
0.00380450
0.00380760
0.00401320
0.00391810
0.00373200
0.00393730
0.00409630
0.00383870
0.00381030
0.00375940
0.00383640
0.00367020
0.00386580
0.00401940
0.00398010
0.00399020
0.00385410
0.00382190
0.00384080
0.00400280
0.00378170
0.00387060
0.00384000
0.00393310
0.00407350
0.00415130
0.00385940
0.00378760
0.00374770
0.00393620
0.00404700
0.00403720
0.00393840
0.00374450
0.00363410
0.00359760
0.00373470
0.00429820
0.00401310
0.00412800
0.00445050
0.00371440
0.00359930
0.00354510
0.00353730
0.00352670
0.00352970
0.00358140
0.00371540
0.00390420
0.00403400
0.00389850
0.00391910
0.00389110
0.00379770
0.00377950
0.00410360
0.00390420
0.00396220
0.00387710
0.00381820
0.00393200
0.00370780
0.00376320
0.00376490
0.00391010
0.00364190
0.00364130
0.00358420
0.00359090
0.00358700
0.00361380
0.00362780
0.00362630
0.00355990
0.00361850
0.00414330
0.00413010
0.00409990
0.00412160
0.00366610
0.00374220
0.00402090
0.00365810
0.00386040
0.00362060
0.00359250
0.00356140
0.00359620
0.00366310
0.00404420
0.00418260
0.00398720
0.00388890
0.00378920
0.00384580
0.00378450
0.00380520
0.00392210
0.00381010
0.00369160
0.00378460
0.00399310
0.00399920
0.00398920
0.00391520
0.00390870
0.00399690
0.00402180
0.00403650
0.00387350
0.00360530
0.00353360
0.00353220
0.00380020
0.00381760
0.00381550
