0.21992670
0.00522430
0.00498640
0.00522030
0.00516820
0.00569180
0.00562060
0.00543190
0.00527570
0.00529580
0.00496980
0.00550980
0.00575600
0.00545730
0.00552600
0.00578230
0.00580470
0.00524270
0.00552010
0.00520960
0.00568460
0.00524620
0.00520820
0.00553920
0.00528270
0.00534850
0.00562590
0.00559540
0.00557740
0.00572670
0.00528470
0.00544600
0.00561130
0.00519190
0.00516550
0.00498440
0.00531380
0.00509720
0.00543330
0.00524130
0.00554510
0.00545310
0.00524470
0.00552380
0.00511080
0.00542010
0.00571960
0.00520750
0.00497680
0.00481390
0.00487460
0.00494640
0.00545150
0.00566770
0.00556310
0.00546120
0.00532370
0.00521000
0.00538760
0.00525780
0.00503240
0.00506250
0.00519610
0.00491700
0.00504380
0.00536380
0.00504520
0.00509590
0.00502370
0.00506790
0.00533480
0.00526920
0.00530050
0.00504710
0.00489920
0.00525810
0.00511420
0.00507620
0.00486840
0.00519520
0.00514640
0.00538750
0.00523500
0.00538270
0.00512700
0.00509830
0.00535390
0.00520650
0.00517460
0.00501440
0.00492840
0.00509240
0.00523650
0.00509830
0.00587150
0.00517980
0.00517640
0.00526700
0.00573560
0.00526730
0.00568700
0.00537970
0.00521640
0.00549310
0.00541930
0.00541590
0.00548910
0.22103410
0.00556690
0.00547530
0.00510900
0.00521290
0.00530270
0.00545420
0.00535830
0.00520390
0.00526860
0.00530240
0.00527000
0.00527260
0.00559860
0.00558580
0.00534350
0.00554480
0.00518530
0.00534120
0.00501240
0.00537020
0.00520410
0.00541950
0.00521630
0.00534870
0.00515580
0.00512240
0.00516520
0.00524870
0.00511800
0.00489350
0.21862520
0.00517760
0.00479410
0.00480320
0.00563770
0.00489600
0.00521580
0.00508950
0.00515550
0.00544190
0.00544500
0.00525680
0.00548040
0.00527540
0.00494160
0.00466320
0.00526410
0.00537660
0.00542110
0.00536600
0.00495220
0.00536000
0.00511570
0.00522360
0.00491520
0.00519790
0.00516130
0.00552260
0.00489600
0.00530480
0.00516520
0.00537800
0.00499270
0.00501420
0.00508570
0.00588180
0.00547270
0.00538330
0.00553470
0.00487010
0.00466920
0.00499320
0.00514460
0.00528510
0.00515110
0.00510180
0.00525960
0.00515480
0.00496780
0.00508080
0.00486570
0.00502990
0.00522270
0.00556810
0.00498580
0.00481510
0.00518660
0.00501880
0.00515100
0.00520410
0.00523040
0.00528490
0.00510100
0.00521820
0.00516480
0.00516200
0.00519060
0.00518350
0.00497260
0.00531210
0.00509340
0.00530880
0.00521220
0.00520690
0.00481160
0.00526600
0.00516840
0.00535550
0.00539240
0.00524280
0.00474830
0.00510500
0.00523850
0.00505600
0.20193570
0.00495540
0.00501200
0.00515590
0.00523900
0.00511090
0.00500690
0.00496750
0.00479200
0.00476340
0.00489680
0.00504980
0.00510220
0.21556200
0.22249860
0.00504850
0.00511470
0.00485380
0.21992860
0.00606320
0.00591350
0.00590960
0.00591840
0.00584280
0.00578040
0.00567590
0.00598550
0.00595170
0.00596850
0.00571690
0.00578690
0.00570560
0.00607770
0.00590110
0.00573560
0.00639190
0.00599200
0.00577050
0.00611570
0.00619320
0.00612110
0.00563120
0.00589600
0.00617660
0.00568980
0.00591130
0.00603680
0.00587760
0.00591910
0.00588450
0.00582900
0.00606890
0.00608180
0.00590570
0.00592700
0.21101440
0.00530010
0.00566790
0.00544760
0.00536300
0.00568970
0.00551910
0.00575240
0.00552830
0.00567990
0.00547170
0.00547290
0.00549290
0.00547980
0.00553830
0.00551250
0.00554260
0.00509500
0.00509490
0.00538480
0.00555220
0.00549760
0.00540830
0.00536680
0.00539710
0.00524810
0.21330760
0.00526240
0.00536710
0.00526850
0.00538560
0.00546490
0.00531760
0.00531000
0.00552200
0.00522620
0.00562900
0.00562920
0.00530490
0.00529800
0.00558480
0.00558220
0.00551740
0.00547070
0.00542250
0.00543940
0.00585310
0.00543180
0.00561300
0.00534580
0.00547100
0.00559620
0.00559660
0.00542170
0.00528240
0.00529670
0.00532000
0.00501220
0.00528380
0.00484780
0.00544780
0.00538100
0.00520870
0.00539070
0.00537530
0.00540490
0.00523110
0.00534080
0.22243650
0.00497030
0.00530340
0.00503580
0.00529650
0.00524550
0.00524790
0.00512110
0.00497270
0.00551660
0.21420270
0.00521670
0.00509210
0.00476790
0.00474490
0.00502270
0.00506200
0.00487970
0.00517680
0.20600460
0.00538970
