0.23385240
0.00634410
0.00648370
0.00678680
0.00651240
0.00664480
0.00635230
0.00675820
0.00649240
0.00678580
0.00657850
0.00681630
0.00651530
0.00678050
0.00662530
0.00630800
0.00640650
0.00693100
0.00681590
0.00670140
0.00674280
0.00557750
0.00523520
0.00564210
0.00518300
0.00576820
0.00538090
0.00538040
0.00570120
0.00542560
0.00519390
0.21456350
0.00523450
0.00550800
0.00566530
0.00546070
0.00557720
0.00546780
0.00573990
0.00546960
0.00551500
0.00616130
0.00630030
0.00601130
0.00535850
0.00580040
0.00586630
0.00517190
0.00543070
0.00558100
0.00487720
0.00498930
0.00508420
0.00501740
0.00492970
0.00491950
0.00527440
0.00527340
0.00516050
0.00524390
0.00509680
0.00525140
0.00545690
0.00518770
0.22356370
0.21754290
0.23083100
0.22490830
0.21737720
0.20997750
0.21507410
0.25364520
0.21887240
0.21780210
0.25518690
0.27190260
0.26991700
0.25024810
0.27771840
0.22367380
0.21207150
0.21717760
0.22653840
0.22198000
0.20962150
0.21648050
0.22256510
0.26841550
0.25584350
0.26362530
0.27670520
0.26908800
0.26221710
0.28292930
0.27024980
0.21075060
0.23210060
0.22250490
0.21935960
0.20908140
0.21233370
0.00605900
0.22490300
0.21770650
0.26751350
0.25762690
0.27026450
0.27129500
0.25956830
0.27862060
0.27417870
0.26405300
0.20976090
0.22862810
0.22464630
0.00578140
0.00594600
0.00606250
0.00627720
0.00584370
0.21220670
0.20813340
0.22379990
0.22190680
0.00692390
0.00630310
0.00592870
0.00574480
0.00595380
0.00633440
0.00592000
0.00607310
0.00624290
0.00592220
0.00596150
0.00614270
0.00593920
0.00539710
0.00567760
0.00549390
0.00542920
0.00553680
0.00505910
0.00543600
0.00519950
0.00539940
0.00526630
0.00544880
0.00539640
0.00523080
0.00482790
0.00517040
0.00531190
0.00511640
0.00507040
0.00503860
0.00498270
0.00450450
0.21791940
0.00486910
0.00472780
0.00486490
0.00484680
0.00505390
0.00457470
0.00495130
0.00561450
0.00513490
0.00459350
0.00496610
0.00525080
0.00487390
0.00479020
0.00442980
0.00436010
0.00443460
0.00461150
0.00455170
0.00495880
0.00499070
0.00458430
0.00454440
0.00470290
0.00485430
0.00483390
0.00504750
0.00548380
0.00490890
0.00477780
0.00509410
0.00440060
0.00442790
0.00490240
0.00521560
0.00470110
0.00465750
0.00530460
0.00498090
0.00481000
0.00456770
0.00491360
0.00475090
0.00487920
0.00469590
0.00461200
0.00454120
0.00449190
0.00451220
0.00452190
0.00476800
0.00495160
0.00494520
0.00505590
0.00474610
0.00447190
0.00474470
0.00443450
0.00484720
0.00451560
0.00489240
0.00506690
0.00467460
0.00469990
0.00481480
0.00468570
0.00434790
0.00424450
0.00408570
0.00487080
0.00510180
0.00469450
0.00437750
0.00522490
0.00488650
0.00432750
0.00498910
0.00434340
0.00489960
0.00498930
0.00465590
0.00475900
0.00479640
0.00481800
0.00426710
0.00470930
0.00448800
0.00462450
0.00482480
0.00443860
0.00496950
0.00489110
0.00478900
0.00417730
0.00455910
0.00467990
0.00487780
0.00438160
0.00449990
0.00454700
0.00473840
0.00479620
0.00507400
0.00512430
0.21389550
0.00500100
0.00451360
0.00422600
0.00478850
0.00465380
0.00448880
0.00443650
0.00405130
0.00417460
0.00473660
0.00412920
0.00475170
0.00506010
0.00482620
0.00448150
0.00458100
0.00448720
0.00453070
0.00479310
0.00456180
0.00471250
0.00523100
0.00463030
0.00448860
0.00487300
0.00471740
0.00448630
0.00475070
0.00464010
0.00470380
0.00476260
0.00481590
0.00465950
0.00478800
0.00471430
0.00462360
0.00491970
0.00476360
0.00485040
0.00479950
0.00476150
0.00452980
0.00475390
0.00463610
0.00485380
0.00448300
0.00476330
0.00485470
0.00517040
0.00477730
0.00504560
0.00501330
0.00442740
0.00500360
0.00486520
0.00491120
0.00515130
0.00492530
0.00496360
0.00503280
0.00491110
0.00486950
0.22124990
0.00515170
0.00456440
0.00443610
0.00490210
0.00448730
0.00462360
0.00440580
0.00439020
0.20198040
0.21322000
0.00482980
0.00449130
0.00441740
0.22075790
0.00449960
0.00558490
0.00493560
0.00456120
0.00487770
0.00469150
0.00486370
0.00468150
0.00439860
0.00450530
0.00474750
0.00534070
0.00466530
0.00476330
0.00456270
0.00452400
0.00460350
0.00500350
0.00447480
0.00437740
0.00445730
0.00459280
0.00436870
0.00423780
0.00424650
0.00474350
0.00470300
0.00470270
0.00440060
0.00475740
0.00428330
0.00439520
0.00472420
0.00405810
0.00429580
0.00451850
0.00409630
0.00432080
0.00450310
0.00429060
0.00417310
0.00436260
0.00422300
0.00442840
0.00405150
0.00448710
0.21826910
0.24166830
0.23961360
0.22620780
0.21581370
0.21805680
0.21893120
0.21581240
0.21239470
0.21950850
0.22403320
0.22107300
0.26237390
0.01502520
0.27326470
0.22165910
0.22114110
0.19429130
0.20293240
0.22825260
0.22706030
0.21010070
0.21098710
0.27469070
0.27064160
0.01481650
0.01523960
0.01482170
0.20924780
0.00493280
0.00531960
0.00504650
0.00479690
0.00493940
0.00502930
0.00510030
0.00492770
0.22086410
0.00506460
0.00504040
0.00542760
0.00528800
0.00512920
0.00473590
0.00500180
0.00548000
0.00468920
0.00494500
0.00502180
0.00477410
0.00482750
0.00515310
0.00538640
0.00482960
0.00513430
0.00525690
0.00485180
0.00521500
0.00483440
0.00506740
0.00470180
0.21083100
0.00471450
0.00453760
0.00455950
0.20868210
0.00455910
0.00464390
0.22176890
0.22216660
0.22205200
0.20293170
0.20777980
0.00475700
0.00494570
0.22081430
0.00666190
0.00689780
0.00693750
0.00661240
0.00751100
0.00721100
0.00695050
0.00706320
0.00726830
0.00615300
0.00627160
0.22074960
0.20381930
0.20685850
0.21794920
0.22491130
0.20726880
0.20838350
0.21416970
0.00583750
0.01533220
0.01527270
0.01552320
0.01569890
0.01506010
0.01522430
0.00655700
0.00490960
0.00519670
0.00507050
0.00517300
0.00531340
0.00484130
0.00472430
0.00492750
0.00495260
0.00490630
0.00457040
0.00502630
0.00485530
0.00493660
0.00535100
0.00492360
0.00495100
0.00501970
0.00464080
0.00434490
0.00488050
0.00475980
0.00463630
0.00461060
0.00450240
0.00485740
0.00445410
0.00424560
0.00440970
0.00465030
0.00464610
0.00433680
0.00473490
0.00428650
0.00474340
0.00452710
0.21500810
0.00471970
0.00459790
0.00423280
0.29063430
0.23690420
0.21675430
0.21573790
0.21992710
0.22477680
0.22905060
0.20194570
0.21055220
0.22827470
0.22713790
0.21817870
0.25904660
0.27102910
0.01552270
0.01518670
0.22432600
0.20383980
0.20941310
0.23318000
0.23729470
0.21503880
0.21238360
0.22321550
0.26812050
0.26893910
0.01536700
0.25672370
0.27041850
0.26630570
0.25958110
0.22210380
0.22323120
0.22757550
0.20827020
0.21651680
0.22480920
0.21871250
0.00559200
0.00564410
0.00588390
0.00600990
0.24926380
0.27349220
0.26635320
0.25663790
0.25424900
0.27471170
0.21890950
0.20968070
0.21823740
0.22174630
0.22290300
0.21655430
0.20413120
0.21767600
0.27655240
0.26854310
0.25941630
0.27068300
0.28141930
0.26259750
0.27486160
0.27366560
0.01446700
0.01307090
0.00532880
0.00575840
0.00544000
0.00529540
0.00505640
0.00533370
0.21565230
0.20289680
0.21054770
0.22291540
0.21622920
0.20363070
0.22812210
0.26352180
0.27517660
0.25434160
0.27615070
0.26682720
0.01530640
0.01440590
0.01475160
0.00799600
0.00448360
0.00463400
0.00463030
0.00462930
0.00447570
0.00481190
0.00453490
0.00449860
0.00472580
0.00471030
0.00468050
0.00444590
0.00478370
0.00475030
0.00503590
0.00466620
0.20723310
0.21466890
0.22419130
0.21531390
0.20145720
0.21919970
0.00434750
0.00499230
0.00497350
0.21789450
0.00433370
0.00444020
0.00502200
0.00445280
0.00425150
0.00479950
0.00450660
0.00458570
0.00430420
0.00453330
0.00494600
0.00479630
0.00463900
0.00474210
0.20652380
0.20921230
0.22512800
0.22428920
0.22163180
0.00602010
0.00557870
0.00569750
0.00560720
0.00594030
0.00600340
0.23161900
0.21850830
0.00612130
0.01388630
0.01407240
0.01402730
0.01427160
0.01424590
0.01399770
0.01387730
0.00465590
0.00500640
0.00477610
0.00491790
0.00513270
0.20762850
0.00459160
0.00441520
0.00500430
0.00467130
0.00460390
0.00425450
0.00437050
0.00459340
0.00445970
0.00425220
0.00469910
0.00466050
0.00445490
0.00480960
0.00435510
0.00509170
0.21273140
0.21727820
0.22228750
0.21586690
0.22153060
0.21941530
0.22204160
0.21831340
0.21410640
0.22063450
0.22889500
0.22750530
0.21824480
0.21947490
0.22012810
0.26809340
0.26246280
0.27135030
0.26616080
0.27281910
0.27172990
0.27065440
0.21999200
0.21101730
