0.21956020
0.00544630
0.00573860
0.00544820
0.00526570
0.00550140
0.00547940
0.00525450
0.00523510
0.00538950
0.00508660
0.00519880
0.00581810
0.00587760
0.00569860
0.00561550
0.00556200
0.00544570
0.00571030
0.00570740
0.00572500
0.00523050
0.00559900
0.00512880
0.00556280
0.00569930
0.00505960
0.00566680
0.00562880
0.00510820
0.00556620
0.00547860
0.00505020
0.00547510
0.00539840
0.00518890
0.00517770
0.00543330
0.00500200
0.00543450
0.00539510
0.00533900
0.00513930
0.00513980
0.00629460
0.00565130
0.00559900
0.00547490
0.00514880
0.00526060
0.00543420
0.00501870
0.00498560
0.00543310
0.00478560
0.00524700
0.00527770
0.00520300
0.00562770
0.00513040
0.00568180
0.00515730
0.00440200
0.00475840
0.00458970
0.00464390
0.00492920
0.00497760
0.00481690
0.00492380
0.00486840
0.00464580
0.00499920
0.00493340
0.00476880
0.00496490
0.00513480
0.00512050
0.00524950
0.00522190
0.00514830
0.00494970
0.00525330
0.00543680
0.00516280
0.00476160
0.00501200
0.00502000
0.00491970
0.00461700
0.00463510
0.00446470
0.00525630
0.00459660
0.00489450
0.00456220
0.00511660
0.00496720
0.00511710
0.00498430
0.00487030
0.00483060
0.00471660
0.00507520
0.00465810
0.00511030
0.00508520
0.00493900
0.00449720
0.00499010
0.00514470
0.00485950
0.00516020
0.00526100
0.00531530
0.00578400
0.00558800
0.00554440
0.00550980
0.00478640
0.00491850
0.00502900
0.00535440
0.00529640
0.00515850
0.00482290
0.00531810
0.00509370
0.00568900
0.00534880
0.00519350
0.00548540
0.00557470
0.00540890
0.00506930
0.00491600
0.00502580
0.00508260
0.00460490
0.00533010
0.00508450
0.00501310
0.00486650
0.00499510
0.00494650
0.00473620
0.00470870
0.00449170
0.00472320
0.00462240
0.00425660
0.00485450
0.00461430
0.00436830
0.00480100
0.00528520
0.00482540
0.00420720
0.00481310
0.00490350
0.00514790
0.00512090
0.00468990
0.00452920
0.00480940
0.00466930
0.00514300
0.00465870
0.00470400
0.00510650
0.00437870
0.00460410
0.00502760
0.00475370
0.00463130
0.00485510
0.00524120
0.00520390
0.00515130
0.00447980
0.00509170
0.00507040
0.00492260
0.00502150
0.00460710
0.00504890
0.00512790
0.00544070
0.00549920
0.00520210
0.00560460
0.00525010
0.00531130
0.00522850
0.00489020
0.00491260
0.00470840
0.00519860
0.00558700
0.00501970
0.00542630
0.00509220
0.00502400
0.00489260
0.00522540
0.00533600
0.00527530
0.00545380
0.00538150
0.00557270
0.00547740
0.00562570
0.00550290
0.00535680
0.00534710
0.00580820
0.00530330
0.00583700
0.00511280
0.00519180
0.00556280
0.00505120
0.00526630
0.00494500
0.00489020
0.00488340
0.00526570
0.00518460
0.00523200
0.00475800
0.00532760
0.00512370
0.00531830
0.00534380
0.00542560
0.00475840
0.00503440
0.00516280
0.00579970
0.00480860
0.00542910
0.00555600
0.00548000
0.00479200
0.00492940
0.00535750
0.00529340
0.00496980
0.00470960
0.00558160
0.00560580
0.00568430
0.00536020
0.00514450
0.00522260
0.00515710
0.00490030
0.00480450
0.00492150
0.00490220
0.00488560
0.00497450
0.00453410
0.00531580
0.00520950
0.00503910
0.00471340
0.00495120
0.00532670
0.00519440
0.00483650
0.00540550
0.00525800
0.00492690
0.00517260
0.00526800
0.00488760
0.00521460
0.00505690
0.00468690
0.00504920
0.00499700
0.00520700
0.00454090
0.00463920
0.00477640
0.00470920
0.00511400
0.00460330
0.00463510
0.00507170
0.00546710
0.00485240
0.00459220
0.00505730
0.00533070
0.00564170
0.00542250
0.00494930
0.00513250
0.00472440
0.00525090
0.00473760
0.00490920
0.00454790
0.00491500
0.00479030
0.00441600
0.00512140
0.00528870
0.00514030
0.00464080
0.00521650
0.00487350
0.00501860
0.00512670
0.00507960
0.00498690
0.00511930
0.00501920
0.00495820
0.00467890
0.00506990
0.00511870
0.00513550
0.00537610
0.00482320
0.00499430
0.00508280
0.00488600
0.00473270
0.00509960
0.00479720
0.00465310
0.00455840
0.00510280
0.00511620
0.00500700
0.00478990
0.00476210
0.00469590
0.00506940
0.00501720
0.00476040
0.00510190
0.00507260
0.00462610
0.00483610
0.00482590
0.00453670
0.00484510
0.00463270
0.00481150
0.00492680
0.00453610
0.00523420
0.00504910
0.00487540
0.00457230
0.00507760
0.00516560
0.00474890
0.00499950
0.00529100
0.00535820
0.00531020
0.00449820
0.00459910
0.00481070
0.00481300
0.00492130
0.00476680
0.00475430
0.00507750
0.00444450
0.00470930
0.00483570
0.00464840
0.00448160
0.00476360
0.00483570
0.00536060
0.00471340
0.00441720
0.00456070
0.00484710
0.00475050
0.00497930
0.00483110
0.00481200
0.00486350
0.00495880
0.00497600
0.00479840
0.00444280
0.00475460
0.00448190
0.00494410
0.00486190
0.00497130
0.00463590
0.00471200
0.00485760
0.00478920
0.00483430
0.00532300
0.00477060
0.22307330
0.00478460
0.00473230
0.00500230
0.00496920
0.00468800
0.00517570
0.00510850
0.00485090
0.00479930
0.00443640
0.00471060
0.00512900
0.00493940
0.00455940
0.00495950
0.00493230
0.00501450
0.00507250
0.00429760
0.00449760
0.00473880
0.00441230
0.00484200
0.00459390
0.00479980
0.00542870
0.00472470
0.00449340
0.00470270
0.00554890
0.00441520
0.00428920
0.00474720
0.00446390
0.00456320
0.00458500
0.00469190
0.00482670
0.00488570
0.00472060
0.00504260
0.00464830
0.00419520
0.00491930
0.00504060
0.00485780
0.00450650
0.00465130
0.00454030
0.00428940
0.00448420
0.00442140
0.00476940
0.00519270
0.00490770
0.00476420
0.00611960
0.00518690
0.00513670
0.00452830
0.00449040
0.00534280
0.00517130
0.00488350
0.00498830
0.00494540
0.00440420
0.00511990
0.00535330
0.00479680
0.00505220
0.00482820
0.00492790
0.00532760
0.00512490
0.00515000
0.00501950
0.00529300
0.00496420
0.00485900
0.00440170
0.00480410
0.00484720
0.00430930
0.00439470
0.00506010
0.00454040
0.00476570
0.00480390
0.00486750
0.00471050
0.00491570
0.00468170
0.00453220
0.00433120
0.00472460
0.00490380
0.00517850
0.00507000
0.00469890
0.00490820
0.00473280
0.00481950
0.00487720
0.00487110
0.00509870
0.00461850
0.00406520
0.00460500
0.00460600
0.00418180
0.00409690
0.00470670
0.00447890
0.00432150
0.00472450
0.00484870
0.00488650
0.00475230
0.00455380
0.00463340
0.00462500
0.00446450
0.00476170
0.00456080
0.00463260
0.00481610
0.00466170
0.00465040
0.00485330
0.00481460
0.00460910
0.00444050
0.00487530
0.00482420
0.00489670
0.00468860
0.00497590
0.00489600
0.00466540
0.00440280
0.00469690
0.00477750
0.00504290
0.00501510
0.00444170
0.00531700
0.00517280
0.00509260
0.00511640
0.00498370
0.00478010
0.00501660
0.00447910
0.00486880
0.00447190
0.00541960
0.00513090
0.00522430
0.00519250
0.00452740
0.00521950
0.00500170
0.00535690
0.00490580
0.00499340
0.00443660
0.21882930
0.00550210
0.00498920
0.00462800
0.00467170
0.00462670
0.00484400
0.00460940
0.00442870
0.00462590
0.00466840
0.00450720
0.00455280
0.00505150
0.00455190
0.00437990
0.00470390
0.00482250
0.00572800
0.00512130
0.00493300
0.00470260
0.00514400
0.00476260
0.00700920
0.00499640
0.00436190
0.00481670
0.00496790
0.00452340
0.00453460
0.00493400
0.00488460
0.00472530
0.00480360
0.00494780
0.00495430
0.00490810
0.00458550
0.00449960
0.00440950
0.00474880
0.00483360
0.00477160
0.00475430
0.00471990
0.00450190
0.00490870
0.00440750
0.00436600
0.00462290
0.00515690
0.00549310
0.00451380
0.00466450
0.00485640
0.00483330
0.00452430
0.00464340
0.00409680
0.00419120
0.00460840
0.00427670
0.00469870
0.00481580
0.00435680
0.00464970
0.00469790
0.00484290
0.00418790
0.00494530
0.00446450
0.00456450
0.00445910
0.00449060
0.00445310
0.00418790
0.00449720
0.00444520
0.00426020
0.00423850
0.00451600
0.00447020
0.00465070
0.00437230
0.00466720
0.00470440
0.00430360
0.00458120
0.00423830
0.00460590
0.00462280
0.00437820
0.00427560
0.00440490
0.00399630
0.00450790
0.00433070
0.00415450
0.00402900
0.00392390
0.00432690
0.00438750
0.00403760
0.00424780
0.00435680
0.00415130
0.00422040
0.00401580
0.00447750
0.00450620
0.00415450
0.00426710
0.00443140
0.00431980
0.00453980
0.00477720
0.00420220
0.00465580
0.00444160
0.00486020
0.00447880
0.00423390
0.00407600
0.00442770
0.00447470
0.00409100
0.00420990
0.00479640
0.00426930
0.00463640
0.00422230
