0.25638170
0.00632050
0.00471320
0.00467650
0.00481060
0.00508940
0.00547860
0.00465310
0.00517480
0.00546400
0.00527850
0.00481990
0.00502650
0.00522480
0.00516080
0.00470310
0.00471910
0.00452280
0.00528600
0.00535380
0.00519070
0.00496390
0.00449620
0.00459610
0.00462890
0.00433670
0.00477790
0.00484330
0.00520920
0.00489450
0.00475390
0.00592420
0.00457350
0.00479620
0.00501840
0.00483820
0.00531220
0.00465150
0.00435500
0.00453520
0.00505700
0.00459550
0.00476980
0.00476180
0.00466860
0.00469110
0.00480030
0.00489160
0.00478300
0.00478870
0.00572020
0.00518930
0.00570710
0.00519510
0.00480470
0.26349820
0.00500390
0.00514490
0.00493280
0.00478030
0.00469700
0.00454980
0.00401240
0.00455790
0.00471070
0.00465530
0.00465700
0.00454580
0.00471050
0.00448780
0.00486930
0.00494880
0.00518500
0.00471940
0.00471300
0.25306930
0.00482880
0.00467510
0.00522730
0.00482860
0.00526040
0.00498150
0.00483840
0.00466450
0.00491790
0.00509670
0.00487430
0.00510790
0.00511320
0.00464140
0.00513750
0.00468660
0.00481340
0.00487370
0.00504920
0.00478040
0.00485580
0.00500630
0.00498140
0.00536420
0.00470350
0.00495550
0.00536060
0.00462190
0.00549580
0.00521880
0.00577820
0.00527240
0.00518220
0.00512900
0.00521360
0.00486440
0.00500500
0.00552380
0.00511520
0.00508140
0.00541090
0.00561550
0.00499560
0.00529600
0.00543180
0.00605470
0.00504480
0.00629010
0.00476810
0.00495720
0.00558490
0.00534260
0.00529220
0.00517660
0.00530870
0.00508830
0.00489890
0.00473920
0.00448350
0.00460810
0.00492010
0.00540590
0.00511000
0.00513080
0.00534160
0.00471540
0.00518750
0.00532310
0.00560020
0.00534890
0.00492740
0.00489730
0.00515310
0.00532550
0.00498370
0.00523390
0.00517630
0.00530290
0.00513620
0.00495240
0.00487770
0.00515960
0.00526530
0.00576680
0.00536760
0.00522960
0.00510460
0.00595370
0.00545790
0.00539460
0.00537600
0.00494330
0.00518900
0.00550430
0.00505550
0.00561320
0.00604050
0.00664710
0.00548590
