0.20375550
0.00732880
0.00693520
0.00694600
0.00700640
0.00681190
0.00672290
0.00662880
0.00655070
0.00663590
0.00659330
0.00662290
0.00693980
0.00713460
0.00702330
0.00686280
0.00695250
0.00702770
0.00606180
0.00577090
0.00567310
0.00586660
0.00577960
0.00582070
0.00587110
0.00597530
0.00580030
0.00575020
0.00567110
0.00566820
0.00592590
0.00582020
0.00575660
0.00584390
0.00543190
0.00556250
0.00583140
0.00597860
0.00585440
0.00584090
0.00579150
0.00570820
0.00549180
0.00560640
0.00533680
0.00526460
0.00543920
0.00558070
0.00506890
0.00508620
0.00580860
0.00550060
0.00553370
0.00530670
0.00558690
0.00523410
0.00530160
0.00552380
0.00561820
0.00565590
0.00553660
0.00575140
0.00623410
0.00609900
0.00565930
0.00567500
0.00606140
0.00615760
0.00518260
0.00526580
0.00535700
0.00563750
0.00545610
0.00523000
0.00522640
0.00526730
0.00517240
0.00491830
0.00488780
0.00492760
0.00486720
0.00492470
0.00496140
0.00518480
0.00558340
0.00551260
0.00529660
0.00544930
0.00544520
0.00547010
0.00534800
0.00538390
0.00526710
0.00522420
0.00528140
0.00497860
0.00510980
0.00523300
0.00499510
0.00485810
