0.26573630
0.00697440
0.00699720
0.00636770
0.00703410
0.00620420
0.00639150
0.00641630
0.00658520
0.00742120
0.00782800
0.00692430
0.00696290
0.00722790
0.00724270
0.00709940
0.00709840
0.00725950
0.00779380
0.00744530
0.00820300
0.00766210
0.00793100
0.00940330
0.00864150
0.00780920
0.00856060
0.00878050
0.00831940
0.00867060
0.00922960
0.00797340
0.00781670
0.00792400
0.00835730
0.00760410
0.00862560
0.00823850
0.00958970
0.00777530
0.00792520
0.00752770
0.00859940
0.00803510
0.00762880
0.00824750
0.00765620
0.00805130
0.00984620
0.00802500
0.00797180
0.00780750
0.00756380
0.00763040
0.00727050
0.01277530
0.00678830
0.00674740
0.00698340
0.00728120
0.00733370
0.01053610
0.00724070
0.00742850
0.00844470
0.00828320
0.00842210
0.00846090
0.00722040
0.00708540
0.00734500
0.00734170
0.00710290
0.00887250
0.00693580
0.00733930
0.00767180
0.00756670
0.00612820
0.00730210
0.00739830
0.00679310
0.00935980
0.00815060
0.00805260
0.00733470
0.00737360
0.00706410
0.00689720
0.00679940
0.00746440
0.00689060
0.00740840
0.00722420
0.00671170
0.00727170
0.00662570
0.00691580
0.00641870
0.00711030
0.00772230
0.00808650
0.00687470
0.00688460
0.00750580
0.00704870
0.00743400
0.00706900
0.00734350
0.00732410
0.00735860
0.00765820
0.00795400
0.01266490
0.00751400
0.00755010
0.00816550
0.00882480
0.00814910
0.00752910
0.00685500
0.00719810
0.00727290
0.00710230
0.00692120
0.00718530
0.00740050
0.00721150
0.01003290
0.00936010
0.00905600
0.00776140
0.00788180
0.00823400
0.00762380
0.00704330
0.00781300
0.00744120
0.00734290
0.00749400
0.00734110
0.00797750
0.00785150
0.00788290
0.00751970
0.00644450
0.00812990
0.00699880
0.00796710
0.00752210
0.00847330
0.00739250
0.00763440
0.00815980
0.00705860
0.00735130
0.00716120
0.00749410
0.00724610
0.00762520
0.00767700
0.00924870
0.00788810
0.00724340
0.01261620
0.00724580
0.00771580
0.00750980
0.00852380
0.00734700
0.00753440
0.00770900
0.00744030
0.00931990
0.00752910
0.00726750
0.00827870
0.00794080
0.00719760
0.00768880
0.00764920
0.00700070
0.00747770
0.00749320
0.00690690
0.00712160
0.00751990
0.00742890
0.00685190
0.00846750
0.00965830
0.00729160
0.00819970
0.00831910
0.00797350
0.00773850
0.00711710
0.00756990
0.00836170
0.00778590
0.00710130
0.00718740
0.00686020
0.00733460
0.00760080
0.01136690
0.00917000
0.00825810
0.00839450
0.00879500
0.00934860
0.00699730
0.00841170
0.00776830
0.00709070
0.00719770
0.00705650
0.00628580
0.00652450
0.00709300
0.00634710
0.00666750
0.00827650
0.00665600
0.00723040
0.00694520
0.00671530
0.00654200
0.01168420
0.01293480
0.00677390
0.00688460
0.00822910
0.00877290
0.00758810
0.00757020
0.00641240
0.00710070
0.00703300
0.00659420
0.00730530
0.00709620
0.00688440
0.00628750
0.00645360
0.00570710
0.00602350
0.00623970
0.00589890
0.00674640
0.00710320
0.00670040
0.00592120
0.00629720
0.00546410
0.00670300
0.00605400
0.00611210
0.00620400
0.00551500
0.00626570
0.00537120
0.00554320
0.00661600
0.00651800
0.00863300
0.01162190
0.00634420
0.01368500
0.00651420
0.00615310
0.00594160
0.00611770
0.00607380
0.00610100
0.00613650
0.00601940
0.00637370
0.00632130
0.00704130
0.00608670
0.00591870
0.00600050
0.00752860
0.00806500
0.00700890
0.00623670
0.00556950
0.00565070
0.00666520
0.00654050
0.00739560
