0.22495220
0.00424030
0.00407570
0.00392360
0.00439270
0.00455500
0.00434870
0.00409670
0.00384520
0.00422830
0.00389520
0.00360540
0.00389320
0.00414880
0.00456940
0.00474260
0.00401580
0.00359830
0.00368340
0.00418800
0.00398110
0.00362990
0.00376170
0.00378260
0.00380290
0.00387190
0.00381970
0.00370070
0.00364400
0.00432490
0.00459840
0.00459330
0.00435240
0.00451210
0.00446440
0.00450110
0.00454770
0.00445000
0.00477410
0.00468180
0.00471720
0.00490570
0.00466600
0.00453410
0.00469500
0.00432850
0.00513200
0.00459760
0.00465700
0.00447760
0.00452780
0.00450570
0.00451580
0.00423230
0.00463020
0.00462960
0.00437430
0.00443860
0.00479490
0.00488810
0.00465370
0.00437070
0.00424110
0.00435440
0.00440890
0.00455020
0.00459640
0.00448120
0.00487670
0.00459100
0.00486310
0.00456380
0.00465180
0.00436770
0.00431300
0.00424350
0.00447520
0.00426480
0.00444400
0.00427280
0.00440800
0.00452980
0.00480440
0.00472340
0.00453930
0.00461200
0.00463900
0.00448480
0.00424340
0.00429330
0.00437080
0.00430300
0.00464400
0.00465160
0.00464460
0.00484170
0.00483690
0.00478570
0.00441090
0.00437490
0.00440920
0.00435840
0.00435670
0.00440660
0.00432200
0.00430470
0.00476590
0.00510780
0.00493350
0.00453290
0.00465100
0.00462540
0.00450490
0.00464150
0.00455310
0.00451440
0.00455100
0.00456060
0.00502790
0.00468930
0.00448530
0.00464220
0.00439230
0.00469160
0.00442460
0.00430330
0.00456170
0.00474430
0.00473330
0.00454740
0.00448410
0.00455150
0.00466490
0.00488170
0.00473340
0.00457990
0.00449310
0.00447690
0.00435250
0.00425190
0.00449650
0.00453130
0.00478980
0.00485920
0.00460890
0.00475690
0.00450550
0.00485600
0.00472090
0.00452920
0.00428590
0.00435820
0.00438030
0.00441030
0.00452740
0.00468180
0.00471000
0.00464740
0.00477480
0.00469920
0.00491550
0.00475850
0.00456750
0.00470710
0.00520770
0.00481070
0.00491660
0.00554620
0.00568500
0.00512080
0.00513090
0.00496300
0.00516420
0.00644130
0.00572300
0.00648120
0.00636910
0.00541010
0.00582540
0.00494750
0.00476420
0.00504940
0.00556790
0.00539680
0.00551120
0.00508010
0.00514680
0.00521940
0.00518750
0.00539890
0.00506790
0.00600410
0.00514280
0.00502600
0.00495490
0.00452220
0.00531450
0.00486150
0.00493410
0.00566230
0.00534770
0.00505620
0.00531010
0.00494620
0.00484260
0.00502630
0.00497130
0.00522320
0.00533020
0.00510430
0.00531090
0.00551150
0.00549440
0.00588180
0.00550640
0.00546460
0.00525560
0.00472900
0.00478860
0.00471170
0.00515180
0.00496300
0.00486210
0.00500930
0.00501290
0.00494360
0.00481840
0.00491110
0.00472620
0.00470670
0.00472810
0.00468690
0.00463710
0.00477200
0.00457010
0.00484940
0.00465060
0.00458700
0.00448140
0.00450290
0.00450300
0.00467560
0.00494320
0.00473130
0.00453520
0.00467290
0.00446540
0.00446810
0.00491500
0.00493630
0.00520770
0.00500370
0.00528570
0.00471310
0.00503010
0.00485910
0.00506520
0.01261580
0.01385850
0.00696250
0.00538340
0.00495790
0.00494170
0.00534750
0.00520810
0.00596240
0.00584370
0.00611470
0.00545580
0.00618500
0.00536190
0.00631800
0.00721830
0.00706530
0.00677980
0.00709540
0.00679650
0.00660090
0.00576170
0.00577860
0.00633210
0.00562840
0.00504850
0.00551970
0.00510350
0.00480410
0.00458440
0.00463050
0.00480690
0.00460500
0.00454990
0.00488450
0.00574180
0.00526890
0.00547350
0.00557730
0.00506060
0.00531150
0.00510920
0.00549110
0.00528010
0.00564500
0.00522470
0.00544830
0.00552040
0.00509120
0.00489600
0.00481450
0.00458780
0.00473170
0.00455770
0.00456730
0.00463860
0.00477430
0.00484320
0.00497650
0.00578180
0.00497130
0.00472980
0.00468960
0.00463370
0.00468130
0.00465710
0.00495060
0.00508900
0.00484450
0.00492170
0.00497750
0.00503080
0.00481340
0.00485760
0.00463190
0.00469500
0.00482240
0.00483750
0.00472550
0.00508100
0.00493540
0.00517420
0.00507690
0.00490940
0.00490760
0.00510760
0.00470080
0.00493520
0.00543550
0.00519080
0.00499850
0.00542440
0.00549550
