0.27467670
0.00467730
0.00458450
0.00430150
0.00421140
0.00540570
0.00865780
0.00516750
0.00529190
0.00609140
0.00459920
0.00450390
0.00460970
0.00455010
0.00451240
0.00465070
0.00486490
0.00454440
0.00462360
0.00448460
0.00451960
0.00460990
0.00478110
0.00469450
0.00436600
0.00417580
0.00424560
0.00418470
0.00459590
0.00444700
0.00433100
0.00480970
0.00429420
0.00417740
0.00470460
0.00433520
0.00424420
0.00441810
0.00391270
0.00402060
0.00402110
0.00402970
0.00549290
0.00438810
0.00481170
0.00454050
0.00479040
0.00486730
0.00442550
0.00423040
0.00436210
0.00411870
0.00431480
0.00457320
0.00469420
0.00442800
0.00482630
0.00460180
0.00481370
0.00463740
0.00485320
0.00456640
0.00453690
0.00474660
0.00456950
0.00477870
0.00463420
0.00434630
0.00433860
0.00441720
0.00450120
0.00466880
0.00458870
0.00445440
0.00456480
0.00479210
0.00478390
0.00464520
0.00458560
0.00470450
0.00517480
0.00458040
0.00526860
0.00551340
0.00525350
0.00490170
0.00490000
0.00530490
0.00507670
0.00480000
0.00508510
0.00517440
0.00527290
0.00518400
0.00522310
0.00505840
0.00521680
0.00500780
0.00519750
0.00502010
0.00499520
0.00507390
0.00513090
0.00493200
0.00517440
