0.43122580
0.02194130
0.01556460
0.01554990
0.00689720
0.00650020
0.00732510
0.00702290
0.00878180
0.00656410
0.00672190
0.00633900
0.00646380
0.00721250
0.00686810
0.00707630
0.00674020
0.00591790
0.00609590
0.00816720
0.00681480
0.00604190
0.00593870
0.00977130
0.00764010
0.00769870
0.00789760
0.00708250
0.00776100
0.00676840
0.00717690
0.00571510
0.00566030
0.00573710
0.00766980
0.00652270
0.00606760
0.00535110
0.00586420
0.00520620
0.00578810
0.00579580
0.00567490
0.00575550
0.00565600
0.00631650
0.00526450
0.00556630
0.00555890
0.00560250
0.00559200
0.00620850
0.00583540
0.00545410
0.00593460
0.00541480
0.00546830
0.00587380
0.00547110
0.00507640
0.00508780
0.00542050
0.00507830
0.00519140
0.00566710
0.00545010
0.00543590
0.00564090
0.00558670
0.00501500
0.00516800
0.00488720
0.00715080
0.00511390
0.00527510
0.00563970
0.00523710
0.00540860
0.00497450
0.00636740
0.00639130
0.00610690
0.00681240
0.00670980
0.00817850
0.00907970
0.00514920
0.00552970
0.00523080
0.00523890
0.00501640
0.00573760
0.00478350
0.00475180
0.00535430
0.00513550
0.00485270
0.00574420
0.00621950
0.00670980
0.00509790
0.00511060
0.00498400
0.00492380
0.00490700
0.00482490
0.00523450
0.00479900
0.00522760
0.00596170
0.00546060
0.00548160
0.00532770
0.00699540
0.00609910
0.00527030
0.32002820
0.00796160
0.00897130
0.00566960
0.00848420
0.00704040
0.00502280
0.00476850
0.00499970
0.00490600
0.00492480
0.00496970
0.00468760
0.00473720
0.00443270
0.00463960
0.00551000
0.00499380
0.00515580
0.00510620
0.32002130
0.00895780
0.00636160
0.00509660
0.00539380
0.00634140
0.00527980
0.00521980
0.00494860
0.00570870
0.00461350
0.00838070
0.00597310
0.00628520
0.00777110
0.00454310
0.00538180
0.00541500
0.00529360
0.00456820
0.00457300
0.00474860
0.00848510
0.00794430
0.00694660
0.00616330
0.00593370
0.00483970
0.00501770
0.35692680
0.00640440
0.00506000
0.00446140
0.00557450
0.00584740
0.00531420
0.00511290
0.00540900
0.00557430
0.00538540
0.00597240
0.00735030
0.00534650
0.00478590
0.00598780
0.00494790
0.00570080
0.00506040
0.00530230
0.00509810
0.00522280
0.00513940
0.00501060
0.00484220
0.00459090
0.00468920
0.00542000
0.00630810
0.00484160
0.00498650
0.00476370
0.00518870
0.00644880
0.00754860
0.00480260
0.00454530
0.00463810
0.00466000
0.00487530
0.00438130
0.00496830
0.00479290
0.00565940
0.00528900
0.00560050
0.00488200
0.00469770
0.00589740
0.00460680
0.00661260
0.00525510
0.00470660
0.00506070
0.00440340
0.00489610
0.00541160
0.00474060
0.00466230
0.00600110
0.00504680
0.00484760
0.00489890
0.00452350
0.00478240
0.00476170
0.00472300
0.00445530
0.00479100
0.00513330
0.00487810
0.00468780
0.00486890
0.00466150
0.00473810
0.00523820
0.00485580
0.00459690
0.00486230
0.00484330
0.00470880
0.00492350
0.00494090
0.00447130
0.00469450
0.00448560
0.00462590
0.00459370
0.00448930
0.00450770
0.00449360
0.00458220
0.00454990
0.00452250
0.00441380
0.00449430
0.00452640
0.00500510
0.00437280
0.00437760
0.00475160
0.00479170
0.00602680
0.00456190
0.00472230
0.00428500
0.00476690
0.00598120
0.00616030
0.00489300
0.00520970
0.00878160
0.00629240
0.00508590
0.00469500
0.00454260
0.00452220
0.00464020
0.00454910
0.00460820
0.00426200
0.00463590
0.00466020
0.00781990
0.00488780
0.00470550
0.00428300
0.00476250
0.00631020
0.00481390
0.00493750
0.00468420
0.00701660
0.00442070
0.00711710
0.00476760
0.00440060
0.00459720
0.00708070
0.00445860
0.00449190
0.00474150
0.00467950
0.00456150
0.00446260
0.00426620
0.00469020
0.00474260
0.00509030
0.00475540
0.00679910
0.00478350
0.00460280
0.00463570
0.00451230
0.00464550
0.00439930
0.00642500
0.00496580
0.00452280
0.00470000
0.00492210
0.00467120
0.00455660
0.00452930
0.00512810
0.00487040
0.00441980
0.00424480
0.00551520
0.00641960
0.00673440
0.00520310
0.00569730
0.00461290
0.00475370
0.00490830
0.00482640
0.00459960
0.00474180
0.00731800
0.00468590
0.00455380
0.00484770
0.00753810
0.00597370
0.00848940
0.00663990
0.00661150
0.00729550
0.00566710
0.00462710
0.00434290
0.00542070
0.00564720
0.00699720
0.00504000
0.00470660
0.00575540
0.00469690
0.00680700
0.00487460
0.00452720
0.00475970
0.00457600
0.00451470
0.00548650
0.00445510
0.00439410
0.00569880
0.00469000
0.00655960
0.00448440
0.00703060
0.00649120
0.00453330
0.00755210
0.00477590
0.00702540
0.00507380
0.00453650
0.00473230
0.00533350
0.00462800
0.00730620
0.00462120
0.00443230
0.00448450
0.00457500
0.00480290
0.00454160
0.00490540
0.00674910
0.00491550
0.00455520
0.00525800
0.00476850
0.00553850
0.00455040
0.00469760
0.00466640
0.00535960
0.38754310
0.00577430
0.00482670
0.00444540
0.00543830
0.00765670
0.00590990
0.00480230
0.00541440
0.00583990
0.00485120
0.00592610
0.00506650
0.00460270
0.00476540
0.00490820
0.00868660
0.00694990
0.00433220
0.00534650
0.00604060
0.00643540
0.00683790
0.00495230
0.00454140
0.00452380
0.00460070
0.00459860
0.00542650
0.00428110
0.00432220
0.00443080
0.00441380
0.00469850
0.00463300
0.00567260
0.00750140
0.00675970
0.00839250
0.00544180
0.00445040
0.00438430
0.00449500
0.00422480
0.00471770
0.00449270
0.00465330
0.00465680
0.00422810
0.00454920
0.00472800
0.00418140
0.00466090
0.00460610
0.00465210
0.00497390
0.00443130
0.00456660
0.00477780
0.00469830
0.00449440
0.00422920
0.00464420
0.00533780
0.00468650
0.00720300
0.00489910
0.00440470
0.00476550
0.00463660
0.00436630
0.00457820
0.00470740
0.00485990
0.00420140
0.00471780
0.00471900
0.00443580
0.00450620
0.00788860
0.00546360
0.00473610
0.00484390
0.00524210
0.00546540
0.00727660
0.00441930
0.00435160
0.00589670
0.00467500
0.00461190
0.00465710
0.00845530
0.00524210
0.00715540
0.00464610
0.00478980
0.00465820
0.00465560
0.00468390
0.00460450
0.00435350
0.00533490
0.00460420
0.00480930
0.00469490
0.00522250
0.00434950
0.00474010
0.00460940
0.00469420
0.00609490
0.00434850
0.00415860
0.00473940
0.00511650
0.00497220
0.00546610
0.00451110
0.00452810
0.00737010
0.00499610
0.00518790
0.00472610
0.00464620
0.00464090
0.00567400
0.00520120
0.00471330
0.00452060
0.00478860
0.00538930
0.00509200
0.00572820
0.00542950
0.00499890
0.00463460
0.00468990
0.00462770
0.00436220
0.00455610
0.00485350
0.00446390
0.00402970
0.00572380
0.00402190
0.00533300
0.00523680
0.00519890
0.00473460
0.00456570
0.00471580
0.00493800
0.00428440
0.00451590
0.00584380
0.00469740
0.00478010
0.00486570
0.00529450
