0.22142540
0.00463750
0.00457380
0.00444090
0.00448090
0.00451320
0.00435400
0.00459690
0.00495040
0.00440670
0.00422970
0.00416700
0.00411060
0.00415930
0.00416690
0.00474350
0.00448310
0.00458690
0.00467320
0.00486450
0.00430050
0.00411620
0.00484670
0.00492190
0.00576770
0.00638700
0.00636420
0.00630310
0.00613550
0.00651030
0.00648150
0.00670960
0.00633670
0.00657690
0.00622970
0.00672210
0.00601680
0.00590310
0.00643080
0.00678110
0.00673090
0.00645210
0.00654100
0.00615660
0.00614660
0.00645630
0.00659910
0.00643670
0.00671170
0.00655350
0.00636490
0.00615270
0.00632200
0.00664190
0.00661350
0.00680750
0.00680420
0.00654370
0.00705180
0.00679540
0.00652620
0.00645610
0.00685740
0.00701810
0.00643210
0.00646620
0.00626620
0.00633860
0.00703140
0.00677930
0.00677200
0.00685950
0.00681470
0.00709530
0.00657280
0.00682150
0.00646430
0.00643520
0.00652040
0.00675510
0.00694240
0.00677380
0.00703610
0.00587160
0.00571720
0.00597850
0.00594410
0.00598690
0.00617940
0.00642420
0.00643710
0.00636000
0.00633860
0.00648320
0.00709970
0.00676080
0.00684060
0.00709670
0.00645390
0.00637100
0.00639030
0.00685910
0.00643350
0.00637610
0.00793120
0.00657200
0.00642420
0.00682810
0.00682290
0.00705010
0.00660360
0.00682280
0.00679840
0.00701780
0.00694000
0.00662860
0.00661140
0.00663330
0.00665790
0.00665870
0.00688240
0.00711460
0.00723600
0.00724730
0.00709300
0.00717860
0.00701920
0.00686050
0.00733570
0.00704920
0.00743000
0.00702150
0.00730520
0.00682040
0.00700610
0.00651850
0.00684370
0.00603000
0.00630060
0.00590610
0.00654460
0.00627030
0.00611240
0.00627720
0.00638670
0.00659950
0.00627080
0.00613550
0.00635130
0.00629210
0.00613860
0.00608540
0.00672120
0.00663200
0.00625080
0.00666290
0.00628100
0.00621020
0.00659630
0.00647710
0.00639300
0.00606700
0.00679060
0.00665000
0.00728450
0.00613440
0.00642050
0.00643160
0.00634200
0.00624790
0.00659190
0.00661800
0.00629120
0.00733390
0.00649760
0.00632040
0.00663310
0.00629210
0.00610320
0.00611450
0.00610440
0.00654700
0.00647490
0.00651140
0.00665660
0.00653760
0.00663600
0.00618800
0.00605020
0.00621110
0.00650930
0.00654180
0.00628090
0.00633660
0.00665090
0.00665470
0.00696400
0.00682190
0.00660050
0.00690260
0.00670110
