0.21508020
0.00617860
0.00566130
0.00608890
0.00602960
0.00613990
0.00602140
0.00613260
0.00608850
0.00614080
0.00572760
0.00588130
0.00608980
0.00601660
0.00608920
0.00597260
0.00665790
0.00603300
0.00597670
0.00614430
0.00603730
0.00595570
0.00604670
0.00604740
0.00622820
0.00615430
0.00588400
0.00615410
0.00603880
0.00609660
0.00600750
0.00626610
0.00623790
0.00569810
0.00614600
0.00596890
0.00615380
0.00589040
0.00579940
0.00588290
0.00595940
0.00609330
0.00600300
0.00580090
0.00594340
0.00604910
0.00603350
0.00610300
0.00626330
0.00601170
0.00613250
0.00626920
0.00638180
0.00596510
0.00620110
0.00623190
0.00651540
0.00612360
0.00662740
0.00667650
0.00576090
0.00614730
0.00604220
0.00604450
0.00612940
0.00607140
0.00623500
0.00618030
0.00631520
0.00625690
0.00636760
0.00616660
0.00622820
0.00620540
0.00609780
0.00638840
0.00605390
0.00629050
0.00617930
0.00617270
0.00622740
0.00623350
0.00657430
0.00628490
0.00621040
0.00602810
0.00634000
0.00639060
0.00620230
0.00625470
0.00622610
0.00633850
0.00632350
0.00630990
0.00599740
0.00640050
0.00620680
0.00593330
0.00629780
0.00651790
0.00588290
0.00653260
0.00670810
0.00603810
0.00628060
0.00595880
0.00605700
0.00637980
0.00646990
0.00627580
0.00633410
0.00615880
0.00622170
0.00628520
0.00621120
0.00616750
0.00585570
0.00623050
0.00619670
0.00663610
0.00592700
0.00596110
0.00623160
0.00637940
0.00614730
0.00617750
0.00636540
0.00628170
0.00624550
0.00624600
0.00636350
0.00601950
0.00637310
0.00602390
0.00619490
0.00667960
0.00655100
0.00643640
0.00632970
0.00603390
0.00630830
0.00632450
0.00656170
0.00622610
0.00673770
0.00632010
0.00631240
0.00591870
0.00628160
0.00661440
0.00636100
0.00617480
0.00643100
0.00633270
0.00656920
0.00637590
0.00635040
0.00656870
0.00624230
0.00634950
0.00628630
0.00623150
0.00630800
0.00607190
0.00638720
0.00657490
0.00641930
0.00630490
0.00650270
0.00619130
0.00607710
0.00626160
0.00619550
0.00601870
0.00599990
0.00624320
0.00606680
0.00629130
0.00665640
0.00655190
0.00638280
0.00641150
0.00616690
0.00666670
0.00611200
0.00592370
0.00593490
0.00646900
0.00648600
0.00663760
0.00615070
