0.20591770
0.00463100
0.00451030
0.00430680
0.00422150
0.00429520
0.00409900
0.00388240
0.00442110
0.00441760
0.00417550
0.00417860
0.00411820
0.00443380
0.00435550
0.00429660
0.00422800
0.00426680
0.00431320
0.00411550
0.00417520
0.00433360
0.00429060
0.00414270
0.00433690
0.00409040
0.00386740
0.00394390
0.00410840
0.00415610
0.00389500
0.00397220
0.00431790
0.00445890
0.00412370
0.00405720
0.00430520
0.00429730
0.00421730
0.00404000
0.00391900
0.00392900
0.00395930
0.00387950
0.00375460
0.00370500
0.00385170
0.00403520
0.00385410
0.00415190
0.00421930
0.00420570
0.00397670
0.00370700
0.00360780
0.00393810
0.00370270
0.00381990
0.00389570
0.00374730
0.00355910
0.00364320
0.00406000
0.00402650
0.00395250
0.00470480
0.00412690
0.00417380
0.00394940
0.00419590
0.00437930
0.00439250
0.00412010
0.00391460
0.00373600
0.00377360
0.00390200
0.00376740
0.00377690
0.00373250
0.00370750
0.00356250
0.00384810
0.00399940
0.00390160
0.00393060
0.00410730
0.00362320
0.00376560
0.00380960
0.00407870
0.00391360
0.00381020
0.00389510
0.00361390
0.00360590
0.00390560
0.00389850
0.00379780
0.00376310
0.00374380
0.00370500
0.00366850
0.00368210
0.00370100
0.00367560
0.00351160
0.00368170
0.00366110
0.00387390
0.00411050
0.00409860
0.00391850
0.00392690
0.00384140
0.00396210
0.00397460
0.00384420
0.00388830
0.00377290
0.00379050
0.00398760
0.00379740
0.00384840
0.00402770
0.00390900
0.00367570
0.00375220
0.00397810
0.00359290
0.00375960
0.00380890
0.00410310
0.00401820
0.00383990
0.00393080
0.00382230
0.00368220
0.00396830
0.00406400
0.00404190
0.00398710
0.00390480
0.00388950
0.00380330
0.00442490
0.00407510
0.00407840
0.00387530
0.00437510
0.00429400
0.00416090
0.00370630
0.00353140
0.00354170
0.00355690
0.00364290
0.00438440
0.00428240
0.00405150
0.00371450
0.00357240
0.00360530
0.00366160
0.00382420
0.00388050
0.00400930
0.00410880
0.00410060
0.00397970
0.00402150
0.00387790
0.00366360
0.00357050
0.00358380
0.00357250
0.00395480
0.00381550
0.00410840
0.00396560
0.00382420
0.00397000
0.00401690
0.00418810
0.00375300
0.00373390
0.00391890
0.00387620
0.00377520
0.00372550
0.00391020
0.00392190
0.00391520
0.00383170
0.00382810
0.00390960
0.00388950
0.00387480
0.00412070
0.00405710
0.00390670
0.00410900
0.00398590
0.00400080
0.00388590
0.00400480
0.00411430
0.00392500
0.00375980
0.00391140
0.00393470
0.00400330
0.00404150
0.00379360
0.00393580
0.00398000
0.00397890
0.00426060
0.00469910
0.00448050
0.00434800
0.00424980
0.00402950
0.00403440
0.00425730
0.00387480
0.00381610
0.00383590
0.00400680
0.00406850
0.00442530
0.00415130
0.00413810
0.00412750
0.00418000
0.00417700
0.00423730
0.00446730
0.00439120
0.00425910
0.00388640
0.00389160
0.00391010
0.00391750
0.00397270
0.00438070
0.00430770
0.00516390
0.00448290
0.00437100
0.00431800
