0.21914870
0.00659160
0.00664450
0.00634410
0.00645820
0.00632290
0.00638810
0.00679020
0.00668860
0.00661010
0.00656100
0.00670680
0.00668350
0.00627450
0.00655630
0.00686370
0.00667140
0.00656570
0.00675520
0.00669130
0.00687000
0.00675870
0.00704660
0.00704560
0.00697530
0.00596040
0.00585640
0.00611850
0.00595970
0.00639950
0.00604780
0.00585550
0.00621500
0.00595020
0.00576340
0.00597020
0.00578990
0.00591780
0.00569720
0.00569390
0.00586490
0.00579820
0.00600790
0.00604530
0.00618660
0.00663110
0.00691560
0.04508600
0.23723530
0.00596360
0.00596140
0.00622390
0.00588420
0.00574810
0.00561330
0.00582830
0.00571150
0.00570000
0.00600990
0.22629530
0.21888610
0.21976780
0.00591450
0.00564050
0.00602500
0.00583870
0.00560160
0.00557000
0.00634270
0.00633850
0.00627830
0.00680480
0.00744740
0.00666410
0.00631670
0.00747610
0.00625510
0.00715840
0.00643480
0.00641650
0.00732610
0.00619150
0.00591430
0.00546200
0.00590100
0.00586860
0.00595960
0.00573370
0.00567420
0.00580770
0.00603010
0.00604010
0.00607420
0.00610850
0.00537740
0.00549670
0.00584550
0.00549640
0.00559910
0.00619290
0.00620830
0.00655360
0.00683270
0.24705030
0.23680010
0.26865440
0.27032150
0.26516070
0.00617770
0.00684330
0.00708790
0.00654820
0.00718300
0.00696210
0.00622620
0.21426200
0.21695620
0.00565640
0.00652590
0.01476400
0.01445860
0.01428730
0.01468640
0.01446340
0.01447160
0.01453160
0.01459620
0.01449950
0.01435400
0.01423470
0.01478700
0.01038580
0.00567340
0.00654300
0.00634540
0.00571580
0.00583430
0.00560490
0.00564830
0.00569980
0.00586720
0.00562540
0.00540490
0.00557860
0.00543180
0.00584110
0.00571430
0.00575650
0.00566370
0.00578850
0.00584750
0.00568590
0.00519910
0.00543710
0.00526170
0.00582820
0.21198350
0.00581240
0.00531300
0.00573030
0.00571580
0.00525830
0.00527900
0.00548040
0.00550080
0.00588050
0.00578220
0.00557920
0.00518770
0.00538850
0.00535620
0.00564850
0.00539790
0.00543260
0.00537110
0.00524270
0.00567290
0.00585610
0.00649600
0.00539650
0.00539350
0.00546020
0.00608020
0.00603100
0.00618980
0.00585670
0.00620080
0.00609800
0.00613580
0.00601700
0.00596510
0.00622540
0.00614260
0.00618920
0.00609550
0.00636940
0.00622720
0.00644560
0.00694990
0.00605260
0.00566220
0.00596240
0.00586910
0.00593290
0.00580820
0.00596500
0.00540610
0.00667640
0.00588400
0.00562840
0.00553210
0.00510940
0.00586880
0.00575740
0.00577260
0.00565540
0.00552600
0.00567150
0.00560130
0.00586950
0.00584580
0.00560870
0.00597640
0.00547750
0.00586640
0.00555070
0.00546360
0.00620260
0.00555380
0.00583300
0.00511070
0.00608990
0.00563040
0.00545380
0.00587890
0.00540910
0.00549040
0.00521580
0.00522200
0.00547650
0.00513480
0.00512330
0.00539770
0.00521000
0.00544410
0.00538140
0.00550180
0.00579350
0.00562190
0.00594090
0.00552620
0.00559720
0.00599280
0.00563330
0.00531420
0.00566840
0.00567790
0.00609680
0.00562150
0.00527430
0.00548130
0.00539090
0.00544910
0.00567510
0.00566940
0.00584370
0.00554000
0.00567300
0.00554380
0.00588540
0.00567830
0.00550850
0.00545020
0.00496730
0.00588480
0.00556990
0.00548430
0.00551030
0.00536730
0.00499890
0.00560340
0.00533080
0.00545270
0.00567100
0.00566460
0.00580360
0.00589590
0.00567360
0.00578940
0.00598090
0.00557760
0.00566990
0.00601090
0.00563530
0.00630500
0.00597220
0.00590290
0.00591900
0.00757820
0.00691630
0.00780240
0.00775490
0.00745270
0.00772350
0.00847520
0.00696030
0.00697940
0.00728190
0.00834890
0.00828250
0.00636360
0.00596440
0.00621440
0.00606500
0.00635680
0.00557740
0.00545810
0.00566860
0.00621460
0.00596940
0.00617820
0.00596820
0.00648540
0.00633880
0.00625080
0.00609570
0.00675820
0.00605390
0.00623090
0.00605200
0.00670170
0.00878040
0.00627340
0.00770970
0.00618650
0.00795570
0.00814300
0.00780350
0.00882190
0.28581530
0.00924910
0.01041200
0.01047300
0.00958590
0.00882880
0.00892470
0.00910810
0.00787170
0.00882360
0.00743110
0.00791330
0.00669600
0.00759360
0.00694310
0.00811160
0.00826150
0.00799310
0.00660580
0.00727230
0.00719020
0.00801770
0.00670890
0.00640770
0.00734020
0.00740020
0.00713710
0.00748730
0.00722850
0.00726490
0.00677010
0.00753880
0.00647080
0.00779570
0.00679800
0.00732260
0.00804130
0.00738630
0.00631490
0.00582400
0.00587940
0.00619890
0.00608270
0.00585590
0.00597880
0.00587130
0.00607820
0.00574450
0.00576700
0.00608570
0.00584700
0.00629960
0.00590540
