0.20527850
0.00401890
0.00415530
0.00439980
0.00403800
0.00455060
0.00430090
0.00429950
0.00434830
0.00402680
0.00451360
0.00425380
0.00453810
0.00423040
0.00436660
0.00426580
0.00498530
0.00432400
0.00454860
0.00434400
0.00447800
0.00405760
0.00414960
0.00414880
0.00412740
0.00406200
0.00425620
0.00444310
0.00422730
0.00424260
0.00443400
0.00425740
0.00435130
0.00482950
0.00452220
0.00480260
0.00462110
0.00419420
0.00407950
0.00433970
0.00441680
0.00471180
0.00449610
0.00435230
0.00447410
0.00433000
0.00424550
0.00461420
0.00461090
0.00452160
0.00464800
0.00444200
0.00437610
0.00494300
0.00436550
0.00424160
0.00395930
0.00411620
0.00412760
0.00433430
0.00435510
0.00443310
0.00433400
0.00458390
0.00486480
0.00445530
0.00426760
0.00450700
0.00464620
0.00449370
0.00480040
0.00432070
0.00422300
0.00505860
0.00478320
0.00423290
0.00414580
0.00445460
0.00412580
0.00413420
0.00407460
0.00417210
0.00455970
0.00413800
0.00436230
0.00440510
0.00459290
0.00444350
0.00442790
0.00457420
0.00404940
0.00432880
0.00462150
0.00426880
0.00414640
0.00399190
0.00411010
0.00492240
0.00495050
0.00433880
0.00405390
0.00449110
0.00432290
0.00460340
0.00442210
0.00419640
0.00473200
0.00463050
0.00435440
0.00406930
0.00431850
0.00445330
0.00467830
0.00486070
0.00448420
0.00423560
0.00432580
0.00441090
0.00474040
0.00423470
0.00439350
0.00467760
0.00409030
0.00397050
0.00426980
0.00439700
0.00408640
0.00565860
0.00521850
0.00790570
0.00524650
0.00520340
0.00547690
0.00539330
0.00541620
0.00525310
0.00537550
0.00527120
0.00551430
0.00558990
0.00532580
0.00563730
0.00540800
0.00499220
0.00511980
0.00550820
0.00558840
0.00562680
0.00511320
0.00563180
0.00596510
0.00543970
0.00571410
0.00562010
0.00567430
0.00568700
0.00525280
0.00519140
0.00529380
0.00520670
0.00516840
0.00513410
0.00552130
0.00551420
0.00514960
0.00514370
0.00549200
0.00543620
0.00534990
0.00514990
0.00533680
0.00519770
0.00563180
0.00551280
0.00569160
0.00572040
0.00570970
0.00532750
0.00567290
0.00576350
0.00000000
0.00000000
0.00000000
0.00000000
0.21659060
0.00822640
0.00815920
0.00966850
0.00805260
0.00870030
0.00887140
0.00881280
0.00803010
0.00856730
0.00759070
0.00816540
0.00784320
0.00801750
0.00720850
0.00745080
0.00787470
0.00753300
0.00730140
0.00745870
0.00746420
0.00758780
0.00819410
0.00835780
0.00776300
0.00870300
0.00762370
0.00882920
0.00841620
0.00881430
0.00887580
0.00779780
0.00870150
0.00898590
0.00786700
0.00916360
0.00930440
0.00912630
0.00850990
0.00930110
0.01010470
0.00866640
0.00893960
0.00885990
0.00936110
0.00995370
0.01046590
0.00905620
0.00993650
0.00989620
0.00982380
0.00919320
0.01000840
0.01000250
0.01014390
0.01046630
