0.23240820
0.00471470
0.00478360
0.00442420
0.00457220
0.00455480
0.00448600
0.00460550
0.00483180
0.00491330
0.00492310
0.00427800
0.00456380
0.00449520
0.00448640
0.00423160
0.00457480
0.00459710
0.00460170
0.22043200
0.00469160
0.00450680
0.00460920
0.00429630
0.00460100
0.00459230
0.00426510
0.00446930
0.00473510
0.00462430
0.00484270
0.00461650
0.00460440
0.00454470
0.00459800
0.00459780
0.00449890
0.00444510
0.00458510
0.00500500
0.00491170
0.00460740
0.22327320
0.22370650
0.00548050
0.00530840
0.00531810
0.00514840
0.00559600
0.00548880
0.00582230
0.00507180
0.00549030
0.00554640
0.00568980
0.00521760
0.00553540
0.00559330
0.00522760
0.00549420
0.00560510
0.00563120
0.00515130
0.00546210
0.00545760
0.00513590
0.00561800
0.00557260
0.00553540
0.00569140
0.00528910
0.00540520
0.00558770
0.00530840
0.00568720
0.00564830
0.00574080
0.00578340
0.00542560
0.00571230
0.00522630
0.00544770
0.00584100
0.00551600
0.00604310
0.00545180
0.00586750
0.00558220
0.00579720
0.00553690
0.00547190
0.00540070
0.00554290
0.00548870
0.00554950
0.00584320
0.00566710
0.00556970
0.00557220
0.00566920
0.00537460
0.00579420
0.00538850
0.00576100
0.00575190
0.00558250
0.00589120
0.00587230
0.00544560
0.00547220
0.00592970
0.00575210
0.00554080
0.00574600
0.00604720
0.00571310
0.00568260
0.00584630
0.00581080
0.00574850
0.00566840
0.00578110
0.00566600
0.00557970
0.00583680
0.00562200
0.00559680
0.00572840
0.00580160
0.00574780
0.00586850
0.00589800
0.00607530
0.00555010
0.00554400
0.00562320
0.00587980
0.00559020
0.00573540
0.00536090
0.00537510
0.00549620
0.00540850
0.00569710
0.00538330
0.00563650
0.00567960
0.00574610
0.00581470
0.00583480
0.00569680
0.00545580
0.00575780
0.00561580
0.00570720
0.00570190
0.00559790
0.00580230
0.00539430
0.00570220
0.00555580
0.00555430
0.00539330
0.00579330
0.00607030
0.00592730
0.00573950
0.00580360
0.00593780
0.00597850
0.00596060
0.00585930
0.00567230
0.00549650
0.00564160
0.00573690
0.00601120
0.00595210
0.00596500
0.00594190
0.00606740
0.00607380
0.00551970
0.00599060
0.00583240
0.00580300
0.00576460
0.00596320
0.00578690
0.00573220
0.00601820
0.00609530
0.00615450
0.00598490
0.00561040
0.00588130
0.00581970
0.00579870
0.00574060
0.00568450
0.00609730
0.00609190
0.00591510
0.00617150
0.00610120
0.00568480
0.00563920
0.00568460
0.00575280
0.00554370
0.00561290
0.00545720
0.00555100
0.00575910
0.00578150
0.00570290
0.00550580
0.00576440
0.00581300
0.00594280
0.00609790
0.00573400
0.00577390
0.00829340
0.01774240
0.00752170
0.00586780
0.00604250
0.00608800
0.00603540
0.00590790
0.00571610
0.00592920
0.00584170
0.00589460
0.00574130
0.00558600
0.00596110
0.00600040
0.00590100
0.00554830
0.00596760
0.00593180
0.00617430
0.00636860
0.00554030
0.00598330
0.00598920
0.00604460
0.00601580
0.00631130
0.00583600
0.00598980
0.00591160
0.00582190
0.00587280
0.00609730
0.00584500
0.00618490
0.00612240
0.00579200
0.00624880
0.00626920
0.00596520
0.00613630
0.00606440
0.00599230
0.00608390
0.00585510
0.00625220
0.00608610
0.00558310
0.00602740
0.00612380
0.00577790
0.00609180
0.00582010
0.00595200
0.00616240
0.00606240
0.00574160
0.00606470
0.00599180
0.00584780
0.00589910
0.00625640
0.00599730
0.00633600
0.00619060
0.00588850
0.00624190
0.00640370
0.00604970
0.00587150
0.00620920
0.00592080
0.00615090
0.00596810
0.00620760
0.00581840
0.00575850
0.00618920
0.00604390
0.00602440
0.00570470
0.00609410
0.00620050
0.00605750
0.00570720
0.00572530
0.00598590
0.00639510
0.00584520
0.00571390
0.00636570
0.00600350
0.00614480
0.00614620
0.00616740
0.00577110
0.00591000
0.00645970
0.00635000
0.00614350
0.00610830
0.00596520
0.00581200
0.00616560
0.00620420
0.00629150
0.00576530
0.00626560
0.00582470
0.00616010
0.00604810
0.00586410
0.00669700
0.00586400
0.00613900
0.00602740
0.00648670
0.00588730
0.00619640
0.00622920
0.00599810
0.00627900
0.00624270
0.00576460
0.00616450
0.00623120
0.00621980
0.00611280
0.00629090
0.00620060
0.00642010
0.00621570
0.00613320
0.00597980
0.00582240
0.00632090
0.00616810
0.00598010
0.00625490
0.00577010
0.00642040
0.00596110
0.00604820
0.00625200
0.00613260
0.00607870
0.00592900
0.00582120
0.00617820
0.00606280
0.00620890
0.00628080
0.00605830
0.00614680
0.00616640
0.00571860
0.00592890
0.00596850
0.00610700
0.00587390
0.00592540
0.00574850
0.00617520
0.00594510
0.00609550
0.00609360
0.00582710
0.00611650
0.00615900
0.00602550
0.00617520
0.00562460
0.00610760
0.00607490
0.00588480
0.00570080
0.00611100
0.00574090
0.00613000
0.00598960
0.00620940
0.00578760
0.00585130
0.00637670
0.00603230
0.00594850
0.00649680
0.00582670
0.00626070
0.00599100
0.00619910
0.00615800
0.00598790
0.00613640
0.00571690
0.00618210
0.00608000
0.00609780
0.00552250
0.00584250
0.00575040
0.00601130
0.00631830
0.00628670
0.00632380
0.00601570
0.00606830
0.00620360
0.00604000
0.00565560
0.00589330
0.00599560
0.00596650
0.00592200
0.00573870
0.00611450
0.00566120
0.00597810
0.00591440
0.00596210
0.00592070
0.00559630
0.00607070
0.00591340
0.00612840
0.00599700
0.00586560
0.00629090
0.00618810
0.00582160
0.00589440
0.00571540
0.00604870
0.00581060
0.00577250
0.00598650
0.00582400
0.00610770
0.00584800
0.00613300
0.00578960
0.00608590
0.00605220
0.00605850
0.00586940
0.00565330
0.00607830
0.00620980
0.00599010
0.00601870
0.00615600
0.00557990
0.00598990
0.00612670
0.00671620
0.00575500
0.00597010
0.00605570
0.00563060
0.00565280
0.00593700
0.00601250
0.00616980
0.00607350
0.00600730
0.00607590
0.00591990
0.00602420
0.00561820
0.00603390
0.00574720
0.00598940
0.00604410
0.00585050
0.00581190
0.00590650
0.00614850
0.00622190
0.00629300
0.00637200
0.00586580
0.00569410
0.00593930
0.00573060
0.00625690
0.00637130
0.00567420
0.00596050
0.00560480
0.00603680
0.00634400
0.00581930
0.00613290
0.00623380
0.00619920
0.00621670
0.00603080
0.00559360
0.00590600
0.00574900
0.00595590
0.00605140
0.00610710
0.00562380
0.00588350
0.00645460
0.00616090
0.00579870
0.00579580
0.00587050
0.00591600
0.00573790
0.00603220
0.00574010
0.00600580
0.00604660
0.00588410
0.00614750
0.00571660
0.00598540
0.00593640
0.00585650
0.00595800
0.00577660
0.00546890
0.00613340
0.00599810
0.00586150
0.00590910
0.00608460
0.00569100
0.00582270
0.00593170
0.00611320
