0.21576560
0.00454360
0.00438450
0.00426040
0.00443010
0.00596220
0.00439830
0.00439440
0.00462920
0.00459640
0.00466780
0.00473800
0.00450580
0.00446320
0.00451520
0.00447050
0.00428750
0.00424370
0.00418730
0.00416660
0.00421690
0.00443790
0.00457130
0.00518660
0.00472810
0.00498970
0.00473740
0.00471480
0.00484410
0.00485130
0.00454450
0.00464730
0.00494260
0.00484200
0.00440390
0.00436260
0.00423850
0.00426180
0.00421790
0.00394650
0.00392410
0.00404630
0.00424230
0.00426340
0.00424670
0.00424930
0.00400560
0.00401430
0.00410490
0.00422840
0.00400410
0.00415790
0.00513740
0.00436130
0.00434140
0.00405180
0.00425710
0.00425460
0.00403280
0.00486840
0.00401130
0.00406000
0.00413350
0.00412070
0.00460570
0.00445500
0.00417420
0.00414320
0.00415810
0.00402470
0.00400010
0.00417740
0.00406280
0.00386500
0.00372160
0.00399460
0.00391620
0.00390450
0.00403810
0.00487220
0.00400490
0.00403840
0.00398110
0.00414270
0.00415370
0.00408910
0.00431260
0.00402050
0.00423470
0.00418590
0.00421150
0.00420850
0.00428370
0.00408480
0.00420570
0.00418190
0.00416700
0.00419580
0.00393280
0.00388030
0.00398690
0.00377970
0.00381660
0.00435290
0.00421470
0.00406520
0.00410840
0.00405080
0.00410620
0.00423970
0.00399750
0.00397860
0.00414890
0.00387080
0.00380260
0.00386390
0.00400210
0.00389280
0.00390150
0.00409590
0.00386630
0.00390020
0.00376270
0.00379880
0.00402200
0.00396100
0.00413410
0.00418180
0.00394660
0.00398800
0.00388620
0.00395210
0.00418820
0.00404280
0.00368810
0.00367060
0.00380780
0.00433320
0.00398310
0.00396540
0.00389540
0.00387680
0.00000000
0.00000000
0.00000000
0.00000000
0.22047360
0.00412280
0.00375830
0.00392290
0.00384830
0.00394670
0.00399860
0.00410640
0.00404900
0.00390310
0.00407030
0.00407680
0.00389930
0.00405160
0.00408490
0.00369860
0.00392210
0.00407510
0.00403580
0.00420290
0.00428850
0.00434710
0.00416610
0.00396300
0.00419400
0.00406150
0.00403610
0.00401140
0.00375880
0.00390070
0.00385750
0.00404000
0.00382580
0.00403900
0.00396400
0.00385750
0.00397620
0.00419870
0.00373480
0.00365730
0.00379510
0.00385160
0.00371660
0.00369910
0.00365930
0.00397800
0.00385420
0.00401230
0.00376660
0.00373230
0.00381600
0.00420480
0.00462380
0.00415920
0.00388330
0.00399500
0.00395150
0.00392710
0.00413920
0.00385900
0.00388790
0.00381580
0.00425420
0.00408140
0.00399090
0.00361780
0.00370880
0.00381600
0.00382850
0.00377990
0.00414190
0.00407930
0.00376260
0.00389680
0.00402740
0.00376810
0.00376070
0.00374310
0.00388940
0.00408870
0.00394200
0.00389170
0.00384910
0.00392140
0.00396100
0.00398630
0.00409240
0.00385030
0.00404520
0.00401330
0.00399110
0.00399060
0.00385270
0.00358780
0.00357070
0.00355310
0.00383370
0.00393870
0.00374600
0.00387360
0.00380400
0.00421760
0.00393550
0.00412500
0.00385510
0.00394560
0.00390740
0.00395270
0.00409790
0.00382920
0.00388070
0.00373300
0.00360170
0.00362690
0.00367090
0.00370440
0.00362070
0.00362960
0.00360680
0.00394250
0.00391950
0.00385890
0.00384150
0.00370940
0.00383540
0.00399610
0.00388170
0.00396070
0.00395300
0.00394760
0.00398660
0.00407130
0.00414550
0.00395060
0.00394940
0.00405490
0.00501720
0.00438630
0.00427030
0.00418090
0.00395350
0.00414630
0.00406850
0.00385440
0.00401240
0.00403070
0.00389540
0.00380700
0.00380990
0.00407170
0.00399280
0.00388330
0.00390220
0.00401440
0.00396870
0.00425370
0.00409930
0.00412910
0.00393970
0.00392850
0.00407090
0.00363500
0.00360040
0.00360640
0.00359590
0.00363440
0.00402300
0.00404440
0.00397380
0.00397720
0.00390710
0.00395920
0.00407560
0.00406080
0.00390810
0.00391440
0.00381590
0.00392040
0.00393190
0.00387010
0.00363040
0.00362610
0.00377620
0.00371860
0.00365950
0.00364840
0.00362830
0.00363750
0.00364940
0.00364500
0.00392180
0.00412310
0.00414130
0.00401720
0.00407200
0.00391330
0.00376590
0.00366830
0.00400100
0.00423730
0.00363030
0.00365590
0.00361180
0.00361650
0.00361400
0.00356910
0.00355800
0.00359770
0.00374100
0.00389460
0.00382820
0.00370300
0.00375880
0.00392180
0.00378900
0.00382320
0.00386340
0.00385960
0.00382810
0.00377590
