0.21400540
0.00400420
0.00437410
0.00410070
0.00410490
0.00402450
0.00395580
0.00383780
0.00378910
0.00510780
0.00490050
0.00517470
0.00577700
0.00541280
0.00516530
0.00528050
0.00530610
0.00518950
0.00488880
0.00494420
0.00510980
0.00530090
0.00477860
0.00520310
0.00526190
0.00577250
0.00513560
0.00517380
0.00529390
0.00529520
0.00532770
0.00524600
0.00513370
0.00525280
0.00510130
0.00528770
0.00533540
0.00529690
0.00510860
0.00511030
0.00522900
0.00522830
0.00522570
0.00520440
0.00541440
0.00561120
0.00617950
0.00552100
0.00500420
0.00506230
0.00519880
0.00503850
0.00502180
0.00517460
0.00532810
0.00541780
0.00498310
0.00529600
0.00516420
0.00531950
0.00507880
0.00508150
0.00533040
0.00503190
0.00510800
0.00523740
0.00508430
0.00531330
0.00536190
0.00491320
0.00484780
0.00476130
0.00478660
0.00483080
0.00501980
0.00516580
0.00560030
0.00534800
0.00507740
0.00489390
0.00491580
0.00483640
0.00500440
0.00500570
0.00483370
0.00481150
0.00492720
0.00494800
0.00523800
0.00521900
0.00525900
0.00491720
0.00523460
0.00507910
0.00528530
0.00511430
0.00562470
0.00576500
0.00521250
0.00525090
0.00544860
0.00534390
0.00545310
0.00525150
0.00521840
0.00510550
0.00540560
0.00557120
0.00542600
0.00529560
0.00523340
0.00524680
0.00519000
0.00536890
0.00526550
0.00514210
0.00562970
0.00538610
0.00510430
0.00503770
0.00536490
0.00529510
0.00529310
0.00549680
0.00541410
0.00522560
0.00526510
0.00547680
0.00536780
0.00588680
0.00501910
0.00504190
0.00565210
0.00544040
0.00517030
0.00546040
0.00505800
0.00532450
0.00509680
0.00518970
0.00494790
0.00000000
0.00000000
0.00000000
0.00000000
0.19764090
0.00568130
0.00535930
0.00532200
0.00529790
0.00523980
0.00577430
0.00521480
0.00518420
0.00534120
0.00557360
0.00538870
0.00568920
0.00551190
0.00536970
0.00537290
0.00555390
0.00526900
0.00525140
0.00537000
0.00543380
0.00552200
0.00535960
0.00540410
0.00552530
0.00558470
0.00545850
0.00555340
0.00586590
0.00548340
0.00534350
0.00559370
0.00551620
0.00536380
0.00533070
0.00523640
0.00505020
0.00536620
0.00609580
0.00553040
0.00544990
0.00542250
0.00527080
0.00522340
0.00563650
0.00561990
0.00540500
0.00529300
0.00534460
0.00534250
0.00527980
0.00525070
0.00566960
0.00547610
0.00551030
0.00541780
0.00544730
0.00561140
0.00556910
0.00519810
0.00522870
0.00527460
0.00554760
0.00533810
0.00538520
0.00524760
0.00526960
0.00534580
0.00543490
0.00536140
0.00561470
0.00525020
0.00553700
0.00554110
0.00592000
0.00554670
0.00542980
0.00546470
0.00523560
0.00527090
0.00514210
0.00544270
0.00540610
0.00532240
0.00531000
0.00526780
0.00522620
0.00526230
0.00528680
0.00509590
0.00537110
0.00532380
0.00514180
0.00525490
0.00518500
0.00522410
0.00528490
0.00524220
0.00553150
0.00509870
0.00529900
0.00512430
0.00508130
0.00510190
0.00528470
0.00516730
0.00512080
0.00534810
0.00501880
0.00525130
0.00528420
0.00521720
0.00499950
0.00492800
0.00496860
0.00501470
0.00503710
0.00521800
0.00497480
0.00508970
0.00522910
0.00511030
0.00524680
0.00536900
0.00520680
0.00534310
0.00520280
0.00517420
0.00514480
0.00537730
0.00549740
0.00556070
0.00555660
0.00547200
0.00528740
0.00527070
0.00497270
0.00498920
0.00544320
0.00540570
0.00496710
0.00534970
0.00535980
0.00583840
0.00516860
0.00515460
0.00507490
0.00534130
0.00507770
0.00503450
0.00498450
0.00503250
0.00533110
0.00534010
0.00529660
0.00529650
0.00525490
0.00532700
0.00537820
0.00563970
0.00530400
0.00529070
0.00527650
0.00546430
0.00524850
0.00561660
0.00536140
0.00537230
0.00512580
0.00549540
0.00518560
0.00555300
0.00549690
0.00553180
0.00551750
0.00552620
0.00545030
0.00597920
0.00539430
0.00533420
0.00553880
0.00560410
0.00513020
0.00536880
0.00578170
0.00556030
0.00546940
0.00568220
0.00536780
0.00548940
0.00564050
0.00566690
0.00589710
0.00574060
0.00570930
0.00000000
0.00000000
0.00000000
0.00000000
0.20270020
0.00551340
0.00538390
0.00523670
0.00524980
0.00516650
