0.20182250
0.00472930
0.00512690
0.00476270
0.00500270
0.00454330
0.00458760
0.00461040
0.00527200
0.00504210
0.00451270
0.00501170
0.00491560
0.00493630
0.00482220
0.00473510
0.00510420
0.00505290
0.00501390
0.00478730
0.00534030
0.00510130
0.00509120
0.00513230
0.00516130
0.00529740
0.00479980
0.00473580
0.00477390
0.00470600
0.00491050
0.00475980
0.00450090
0.00461560
0.00493330
0.00450030
0.00439430
0.00482110
0.00490600
0.00501620
0.00472460
0.00486840
0.00487120
0.00450500
0.00480980
0.00458580
0.00478260
0.00457790
0.00501020
0.00482710
0.00492690
0.00445500
0.00488760
0.00493750
0.00474680
0.00476370
0.00439930
0.00447230
0.00582890
0.00470320
0.00427530
0.00404800
0.00414310
0.00453510
0.00443460
0.00405590
0.00462730
0.00425570
0.00416620
0.00407580
0.00438230
0.00423500
0.00430480
0.00473110
0.00466210
0.00463370
0.00456270
0.00407610
0.00413940
0.00445860
0.00462720
0.00450840
0.00470530
0.00455320
0.00486470
0.00468350
0.00460290
0.00469170
0.00453350
0.00455270
0.00444380
0.00464380
0.00456210
0.00479600
0.00474300
0.00464830
0.00427840
0.00409460
0.00406610
0.00400340
0.00415240
0.00478540
0.00455550
0.00450990
0.00456420
0.00466230
0.00415210
0.00438360
0.00455710
0.00439950
0.00459610
0.00515200
0.00458450
0.00507160
0.00512720
0.00470550
0.00494060
0.00484600
0.00484960
0.00531860
0.00487460
0.00492270
0.00492190
0.00511210
0.00472510
0.00442170
0.00450490
0.00428110
0.00459850
0.00433620
0.00443030
0.00473200
0.00476270
0.00480180
0.00487130
0.00486690
0.00429690
0.00448520
0.00462930
0.00511060
0.00510240
0.00478830
0.00484110
0.00440920
0.00450050
0.00419060
0.00404760
0.00458050
0.00471010
0.00434180
0.00447080
0.00443980
0.00437330
0.00417760
0.00419550
0.00476940
0.00424450
0.00422600
0.00461060
0.00453980
0.00429870
0.00458390
0.00422240
0.00401130
0.00422040
0.00394010
0.00398770
0.00419500
0.00411970
0.00432560
0.00471050
0.00453470
0.00451910
0.00412520
0.00410490
0.00425150
0.00442590
0.00450340
0.00437490
0.00407760
0.00401220
0.00399620
0.00422210
0.00450160
0.00465570
0.00487560
0.00472260
0.00434810
0.00433070
0.00461010
0.00462270
0.00443780
0.00452060
0.00462170
0.00468610
0.00439250
0.00436660
0.00454770
0.00450760
0.00429970
0.00497840
0.00432470
0.00500650
0.00482320
0.00447930
0.00500270
0.00511960
0.00596690
0.00470920
0.00442820
0.00447170
0.00499310
0.00488190
0.00485530
0.00490630
0.00513830
0.00520940
0.00471100
0.00495340
0.00513200
0.00498240
0.00514820
0.00508990
0.00492310
0.00477170
0.00463650
0.00490570
0.00478450
0.00451750
0.00472950
0.00484940
0.00457770
0.00500520
0.00509780
0.00491040
0.00485240
0.00473550
0.00426070
0.00460330
0.00527970
0.00514540
0.00471560
0.00478150
0.00598550
0.00519510
0.00536920
0.00524850
0.00503900
0.00500640
0.00538330
0.00530120
0.00508450
0.00485760
0.00476550
0.00481830
0.00481730
0.00496660
0.00476270
0.00507760
0.00467770
0.00476810
0.00453710
0.00483180
0.00473270
0.00467900
0.00469770
0.00474760
0.00524430
0.00500530
0.00480880
0.00486090
0.00493370
0.00496840
0.00517510
0.00486740
0.00507890
0.00506010
0.00476850
0.00476150
0.00471140
0.00470090
0.00478370
0.00487210
0.00427990
0.00416050
0.00419640
0.00422150
0.00438590
0.00472010
0.00465120
0.00458850
0.00481030
0.00425480
0.00426520
0.00416410
0.00417240
0.00414640
0.00492780
0.00470510
0.00454400
0.00450030
0.00441490
0.00452100
0.00472640
0.00477880
0.00420540
0.00469350
0.00492850
0.00450010
0.00419550
0.00420310
0.00420160
0.00419010
0.00425370
0.00435850
0.00424780
0.00482060
0.00473650
0.00447110
0.00478880
0.00442440
0.00454440
0.00428670
0.00470300
0.00499370
0.00481890
0.00490220
0.00466690
0.00436280
0.00448120
0.00443270
0.00438050
0.00422650
0.00462490
0.00478490
0.00469620
0.00461590
0.00444880
0.00486320
0.00455490
0.00469210
0.00462210
0.00449410
0.00470500
0.00469350
0.00465330
0.00461630
0.00469090
0.00470860
0.00479470
0.00516500
0.00472980
0.00538790
0.00469340
0.00427010
0.00484610
0.00448140
0.00431040
0.00416720
0.00482270
0.00469050
0.00409990
0.00412340
0.00432220
0.00483360
0.00472510
0.00445700
0.00473700
0.00462270
0.00457430
0.00458020
0.00457850
0.00471380
0.00448870
0.00464440
0.00438980
0.00432190
0.00428700
0.00431390
0.00414040
0.00422750
0.00410890
0.00419850
0.00480660
0.00481740
0.00435740
0.00438580
0.00463510
0.00438590
0.00454410
0.00445870
0.00465300
0.00517980
0.00464270
0.00449630
0.00463590
0.00442670
0.00431330
0.00451050
0.00475820
0.00472520
0.00447060
0.00433610
0.00439670
0.00461570
0.00445500
0.00497840
0.00000000
0.00000000
0.00000000
0.00000000
0.19915950
0.00480860
0.00450360
0.00415660
0.00440280
0.00462000
0.00449690
0.00445990
0.00438960
0.00454190
0.00448790
0.00449190
0.00415450
0.00421500
0.00433190
0.00439120
0.00438950
0.00468380
0.00459720
0.00459610
0.00456180
0.00457860
0.00447570
0.00455410
0.00448270
0.00451730
0.00431370
0.00432120
0.00433500
0.00433770
0.00447680
0.00432410
0.00463700
0.00478080
0.00468980
0.00476520
0.00443030
0.00495430
0.00436600
0.00424660
0.00423560
0.00417880
0.00427720
0.00426850
0.00425050
0.00426820
0.00486320
0.00448280
0.00441330
0.00532650
0.00438620
0.00452750
0.00479820
0.00476460
0.00470920
0.00467200
0.00447010
0.00434480
0.00435770
0.00459400
0.00484130
0.00519880
0.00513420
0.00519260
0.00524150
0.00555810
0.00549720
0.00512340
0.00495470
0.00532770
0.00514550
0.00514030
0.00499400
0.00552450
0.00553440
0.00536570
0.00542740
0.00499970
0.00537480
0.00520930
0.00508890
0.00507890
0.00504000
0.00506410
0.00483260
0.00478760
0.00498120
0.00521070
0.00535130
0.00557770
0.00477740
0.00524270
0.00521160
0.00508970
0.00512870
0.00507610
0.00522350
0.00504910
0.00490520
0.00461340
0.00483410
0.00469190
0.00519280
0.00458340
0.00506660
0.00511730
0.00528590
0.00487840
0.00496220
0.00453520
0.00471060
0.00464570
0.00460790
0.00501380
0.00494890
0.00509610
0.00521530
0.00517500
0.00500860
0.00487700
0.00473910
0.00481990
0.00513520
0.00481250
0.00500020
0.00523030
0.00478810
0.00470640
0.00478310
0.00480850
0.00488100
0.00503780
0.00522490
0.00655010
0.00544960
0.00514480
0.00507950
0.00574930
0.00567600
0.00562650
0.00552100
0.00557860
0.00555100
0.00571940
0.00560060
0.00511190
0.00566270
0.00567110
0.00554100
0.00539810
0.00553770
0.00615390
0.00497570
0.00506540
0.00500270
0.00505860
0.00605250
0.00571430
0.00576410
0.00575230
0.00604990
0.00576410
0.00562850
0.00577170
0.00525210
0.00578400
0.00563100
0.00569600
0.00581130
0.00592920
0.00573050
0.00636590
0.00597400
0.00576550
0.00575510
0.00529790
0.00500240
0.00595980
0.00608700
0.00612390
0.00573920
0.00565040
0.00539790
0.00642550
0.00566540
0.00592870
0.00623880
0.00612310
0.00601670
0.00579540
0.00564780
0.00604710
0.00574500
0.00589290
0.00587540
0.00582480
0.00634580
0.00584640
0.00569020
0.00533110
0.00555990
0.00544900
0.00544500
0.00502380
0.00512250
0.00517000
0.00517620
0.00592070
0.00533460
0.00518130
0.00514490
0.00531100
0.00524370
0.00466520
0.00449020
0.00445950
0.00440920
0.00496580
0.00453210
0.00465170
0.00474570
0.00462160
0.00497220
0.00518870
0.00486120
0.00490260
0.00494760
0.00502800
0.00479440
0.00452760
0.00438790
0.00497000
0.00498380
0.00479660
0.00483310
0.00488320
0.00474350
0.00511750
0.00489460
0.00443780
0.00490980
0.00480060
0.00492180
0.00496310
0.00476280
0.00474920
0.00463680
0.00434840
0.00434400
0.00452920
0.00440960
0.00469080
0.00507850
0.00460750
0.00440660
0.00445920
0.00500760
0.00496960
0.00485190
0.00467710
0.00460840
0.00465350
0.00451840
0.00459370
0.00448270
0.00470450
0.00486000
0.00499610
0.00504550
0.00519410
0.00481920
0.00465380
0.00481520
0.00483480
0.00468720
0.00488630
0.00460680
0.00453340
0.00425930
0.00432750
0.00423120
0.00426780
0.00440930
0.00478950
0.00491190
0.00469400
0.00459670
0.00500010
0.00494270
0.00470680
0.00472250
0.00490400
0.00478320
0.00475600
0.00478560
0.00519370
