0.21631310
0.00499970
0.00464410
0.00470990
0.00447240
0.00452220
0.00472650
0.00507530
0.00468000
0.00470740
0.00506280
0.00508130
0.00470120
0.00478310
0.00471980
0.00449120
0.00477620
0.00462180
0.00450640
0.00434990
0.00429210
0.00500640
0.00492730
0.00454300
0.00464760
0.00502420
0.00483820
0.00471210
0.00479040
0.00537100
0.00484660
0.00474630
0.00465840
0.00502700
0.00509680
0.00468820
0.00448180
0.00451420
0.00470330
0.00455310
0.00478440
0.00492960
0.00445330
0.00468400
0.00487900
0.00476420
0.00475040
0.00500230
0.00488310
0.00477060
0.00459170
0.00505810
0.00497980
0.00461820
0.00471490
0.00473340
0.00467710
0.00452440
0.00454640
0.00489330
0.00491570
0.00495170
0.00473710
0.00466160
0.00490200
0.00476050
0.00482070
0.00511160
0.00520140
0.00494520
0.00488430
0.00460580
0.00446750
0.00440340
0.00475230
0.00466300
0.00490530
0.00500090
0.00492960
0.00519590
0.00475680
0.00476950
0.00459490
0.00482120
0.00460890
0.00481180
0.00507520
0.00483610
0.00503520
0.00484100
0.00477580
0.00434030
0.00428650
0.00472080
0.00491320
0.00452890
0.00495490
0.00481800
0.00473390
0.00450570
0.00514020
0.00546430
0.00565130
0.00558590
0.00567610
0.00561670
0.00572980
0.00559880
0.00557870
0.00598530
0.00554170
0.00559950
0.00622450
0.00561070
0.00529100
0.00545880
0.00539190
0.00538970
0.00567080
0.00533300
0.00579350
0.00573170
0.00538160
0.00521040
0.00531400
0.00551720
0.00572130
0.00579910
0.00564590
