0.21097080
0.00408060
0.00391350
0.00394280
0.00417770
0.00412600
0.00424710
0.00425330
0.00444560
0.00432580
0.00428210
0.00445680
0.00440750
0.00429670
0.00424660
0.00435020
0.00430920
0.00438230
0.00427690
0.00449230
0.00425160
0.00423860
0.00409460
0.00444790
0.00414500
0.00389790
0.00394710
0.00440880
0.00429190
0.00424770
0.00413350
0.00399880
0.00399860
0.00393050
0.00384500
0.00387670
0.00400800
0.00398900
0.00404490
0.00390590
0.00389480
0.00420740
0.00442350
0.00441980
0.00426340
0.00434660
0.00428490
0.00421310
0.00469130
0.00431670
0.00425600
0.00413980
0.00437980
0.00418200
0.00436160
0.00432330
0.00411120
0.00409130
0.00427470
0.00502160
0.00450390
0.00448880
0.00428360
0.00415730
0.00410880
0.00432510
0.00435170
0.00439870
0.00443450
0.00468810
0.00392060
0.00391900
0.00441470
0.00442760
0.00427550
0.00423080
0.00425690
0.00408380
0.00393410
0.00387610
0.00390930
0.00383060
0.00393330
0.00408350
0.00411260
0.00415350
0.00399410
0.00386950
0.00382460
0.00381200
0.00381440
0.00422880
0.00411260
0.00416750
0.00461670
0.00414710
0.00408390
0.00407670
0.00403130
0.00422340
0.00448170
0.00436220
0.00433610
0.00407610
0.00396020
0.00435890
0.00412720
0.00408270
0.00401260
0.00377170
0.00378450
0.00386430
0.00420170
0.00414530
0.00387740
0.00381020
0.00413260
0.00391170
0.00383200
0.00483800
0.00453130
0.00445310
0.00466940
0.00418830
0.00402540
0.00409350
0.00418350
0.00402530
0.00405160
0.00413410
0.00421480
0.00436820
0.00497190
0.00437680
0.00399580
0.00395340
0.00419200
0.00407160
0.00402840
0.00392070
0.00389760
0.00386710
0.00380920
0.00391300
0.00382250
0.00383940
0.00392030
0.00406330
0.00410120
0.00401950
0.00404800
0.00401120
0.00408220
0.00505140
0.00433490
0.00418660
0.00408910
0.00401380
0.00391930
0.00387170
0.00391790
0.00386370
0.00401780
0.00425990
0.00431770
0.00382640
0.00385870
0.00406500
0.00401590
0.00394900
0.00409720
0.00424570
0.00401800
0.00384720
0.00382200
0.00383210
0.00380980
0.00391090
0.00395900
0.00405670
0.00400410
0.00398590
0.00399310
0.00390980
0.00411430
0.00395470
0.00417450
0.00414360
0.00413620
0.00402110
0.00435690
0.00411470
0.00406110
0.00396190
0.00400770
0.00430990
0.00412650
0.00428910
0.00399860
0.00400110
0.00435710
0.00415540
0.00435290
0.00419540
0.00431580
0.00413370
0.00398240
0.00422980
0.00410780
0.00431720
0.00456280
0.00466050
0.00430510
0.00443320
0.00414440
0.00422290
0.00394770
0.00431930
0.00439220
0.00422800
0.00412030
0.00431530
0.00430980
0.00425410
0.00442500
0.00414510
0.00451150
0.00422690
0.00411380
0.00400620
0.00410510
0.00416360
0.00402720
0.00439900
0.00433510
0.00401750
0.00442070
0.00424930
0.00410570
0.00403280
0.00398460
0.00416470
0.00408690
0.00416530
0.00411210
0.00410500
0.00442320
0.00435060
0.00428590
0.00411670
0.00439440
0.00425310
0.00422950
0.00413510
0.00423530
0.00417940
0.00421440
0.00421170
0.00424630
0.00397210
0.00414840
0.00399790
0.00379850
0.00379100
0.00397250
0.00388650
0.00393900
0.00447620
0.00413250
0.00428740
0.00443180
0.00417860
0.00424130
0.00421140
0.00418920
0.00423850
0.00464770
0.00398310
0.00385890
0.00378970
0.00425650
0.00511530
0.00448360
0.00404530
0.00392130
0.00394790
0.00422800
0.00417300
0.00438610
0.00440410
0.00413950
0.00419210
0.00412050
0.00425060
0.00415360
0.00412260
0.00398210
0.00417570
0.00434960
0.00425410
0.00428670
0.00423550
0.00402630
0.00413280
0.00400510
0.00394410
0.00392230
0.00405740
0.00399580
0.00398580
0.00388520
0.00390960
0.00476540
0.00452730
0.00445560
0.00431890
0.00428930
0.00427900
0.00441970
0.00443460
0.00434030
0.00426400
0.00417180
0.00433230
0.00431290
0.00430710
0.00426060
0.00437780
0.00433320
0.00434120
0.00437090
0.00396380
0.00409240
0.00417990
0.00409960
0.00417040
0.00417710
0.00417360
0.00422650
0.00430620
0.00426080
0.00448860
0.00443030
0.00438940
0.00442600
0.00442990
0.00420950
0.00433830
0.00427120
0.00424940
0.00422800
0.00440410
0.00429130
0.00434710
0.00471540
0.00473870
0.00414050
0.00435560
0.00436010
0.00427850
0.00416770
0.00436910
0.00426840
0.00434300
0.00436630
0.00416610
0.00408830
0.00416430
0.00418490
0.00425060
0.00421070
0.00427470
0.00420310
0.00440060
0.00409650
0.00416590
0.00432030
0.00440660
0.00458180
0.00433620
0.00420470
0.00412260
0.00446590
0.00432650
0.00420720
0.00414150
0.00413160
0.00399580
0.00424900
0.00434520
0.00406790
0.00456380
0.00426900
0.00444530
0.00449100
0.00400410
0.00394690
0.00395950
0.00407270
0.00396830
0.00395620
0.00429010
0.00441390
0.00437860
0.00443050
0.00410070
0.00410770
0.00408180
0.00448350
0.00430870
0.00428440
0.00432150
0.00441910
0.00417910
0.00389220
0.00389370
0.00384140
0.00399600
0.00412500
0.00438300
0.00434950
0.00445100
0.00450330
0.00439100
0.00411990
0.00434380
0.00419810
0.00406200
0.00429550
0.00424310
0.00442700
0.00385920
0.00378730
0.00383500
0.00379230
0.00375490
0.00379060
0.00376650
0.00413140
0.00409720
0.00411210
0.00429910
0.00408510
0.00393290
0.00382580
0.00384000
0.00387300
0.00402290
0.00408170
0.00401980
0.00391730
0.00390420
0.00383400
0.00386770
0.00409970
0.00434660
0.00424760
0.00391610
0.00412670
0.00435230
0.00392680
0.00403740
0.00400260
0.00401810
0.00432280
0.00429580
0.00482660
0.00444960
0.00420000
0.00401620
0.00384920
0.00465340
0.00435960
0.00410790
0.00415880
0.00443010
0.00428150
0.00412340
0.00382600
0.00378870
0.00412770
0.00406470
0.00403310
0.00401890
0.00395020
0.00408760
0.00418690
0.00439930
0.00410240
0.00403590
0.00423990
0.00421960
0.00415950
0.00409090
0.00404740
0.00390340
0.00395870
0.00389860
0.00390540
0.00386580
0.00392570
0.00402550
0.00414820
0.00418590
0.00398760
0.00440260
0.00470470
0.00411470
0.00399080
0.00394440
0.00384810
0.00410600
0.00399670
0.00382060
0.00378300
0.00378600
0.00381790
0.00386800
0.00406420
