0.22057790
0.00391330
0.00366870
0.00380650
0.00403710
0.00395060
0.00387220
0.00401060
0.00389650
0.00386580
0.00405540
0.00376190
0.00389450
0.00364860
0.00359560
0.00374440
0.00369640
0.00394380
0.00376750
0.00438910
0.00384470
0.00365760
0.00372010
0.00401120
0.00370970
0.00394410
0.00368800
0.00398120
0.00418550
0.00387770
0.00392960
0.00426090
0.00401490
0.00455360
0.00412120
0.00400620
0.00400000
0.00389070
0.00425670
0.00399840
0.00393310
0.00387140
0.00423280
0.00373590
0.00415420
0.00378870
0.00383130
0.00392200
0.00409040
0.00419850
0.00382120
0.00375670
0.00379480
0.00385680
0.00364530
0.00380260
0.00359030
0.00357950
0.00377530
0.00404370
0.00399410
0.00374040
0.00422300
0.00379310
0.00380580
0.00364200
0.00353820
0.00364350
0.00373590
0.00403180
0.00359950
0.00356280
0.00355060
0.00412790
0.00402860
0.00369680
0.00411370
0.00378680
0.00408840
0.00409650
0.00428860
0.00371310
0.00364400
0.00397920
0.00368920
0.00385860
0.00378260
0.00414550
0.00391600
0.00397220
0.00400630
0.00382670
0.00382890
0.00392930
0.00419180
0.00401030
0.00413490
0.00394650
0.00358430
0.00353880
0.00356440
0.00361780
0.00376510
0.00417490
0.00403840
0.00416030
0.00396820
0.00395370
0.00384880
0.00409690
0.00395350
0.00380730
0.00382900
0.00381550
0.00404250
0.00379290
0.00408080
0.00378810
0.00459490
0.00381470
0.00383910
0.00370430
0.00378870
0.00431400
0.00376060
0.00394600
0.00378730
0.00391290
0.00404640
0.00398650
0.00385880
0.00378220
0.00447580
0.00413760
0.00451500
0.00392740
0.00391260
0.00382430
0.00385040
0.00372610
0.00381240
0.00416250
0.00388470
0.00399710
0.00372730
0.00351260
0.00353780
0.00351320
0.00367040
0.00395600
0.00387090
0.00397920
0.00384270
0.00391720
0.00384380
0.00386840
0.00402140
0.00388930
0.00414400
0.00408960
0.00397580
0.00392500
0.00395160
0.00415840
0.00429580
0.00393540
0.00385530
0.00385080
0.00414190
0.00380500
0.00401760
0.00417050
0.00402730
0.00393130
0.00398680
0.00395800
0.00385680
0.00401980
0.00401710
0.00397190
0.00397140
0.00366510
0.00409280
0.00405220
0.00417220
0.00411590
0.00396990
0.00419610
0.00418300
0.00410220
0.00395370
0.00403150
0.00417860
0.00404720
0.00409730
0.00418030
0.00418530
0.00496800
0.00476570
0.00404760
0.00405480
0.00389770
0.00416610
0.00408120
0.00408990
0.00424850
0.00415710
0.00384020
0.00370230
0.00398370
0.00391890
0.00385830
0.00419010
0.00404370
0.00395100
0.00401250
0.00417940
0.00415130
0.00378480
0.00375850
0.00376750
0.00381460
0.00414160
0.00406150
0.00398640
0.00402970
0.00404470
0.00425170
0.00408460
0.00425280
0.00408830
0.00420930
0.00418100
0.00394110
0.00386980
0.00387990
0.00375180
0.00366860
0.00432550
0.00413820
0.00406750
0.00417530
0.00379670
0.00422000
0.00414790
0.00390690
0.00411110
0.00396570
0.00388910
0.00384440
0.00421820
0.00402800
0.00399290
0.00406730
0.00382200
0.00394380
0.00381550
0.00386790
0.00389750
0.00392940
0.00415920
0.00400550
0.00409940
0.00404820
0.00399460
0.00397870
0.00394550
0.00381450
0.00386030
0.00376270
0.00373530
0.00394760
0.00407660
0.00394380
0.00409990
0.00412340
0.00426210
0.00417860
0.00437880
0.00417360
0.00418310
0.00424530
0.00475950
0.00419630
0.00406800
0.00434430
0.00431870
0.00420440
0.00419250
0.00422010
0.00408740
0.00421410
0.00408680
0.00411750
0.00420090
0.00418960
0.00381540
0.00388280
0.00413020
0.00405630
0.00416070
0.00433670
0.00386050
0.00401860
0.00431810
0.00411760
0.00408340
0.00390880
0.00403930
0.00384430
0.00431230
0.00424440
0.00418020
0.00418050
0.00420090
0.00410950
0.00415270
0.00410050
0.00410000
0.00433760
0.00425950
0.00433750
0.00427640
0.00419610
0.00408060
0.00385100
0.00387170
0.00378680
0.00397080
0.00391850
0.00431910
0.00401800
0.00381500
0.00400580
0.00417290
0.00429900
0.00396350
0.00377950
0.00391440
0.00385760
0.00422100
0.00410960
0.00430250
0.00425680
0.00425190
0.00395790
0.00394110
0.00461070
0.00450070
0.00399420
0.00397770
0.00399020
0.00391880
0.00385860
0.00384600
0.00397550
0.00418000
0.00396550
0.00397810
0.00421910
0.00414650
0.00411060
0.00438120
0.00439780
0.00443090
0.00433990
0.00418140
0.00426240
0.00389050
0.00413320
0.00422320
0.00432520
0.00425130
0.00399110
0.00394130
0.00402870
0.00425270
0.00429260
0.00427310
0.00425480
0.00387940
0.00404550
0.00437520
0.00435160
0.00413050
0.00417790
0.00415740
0.00408250
0.00412330
0.00438950
0.00424320
0.00408160
0.00416130
0.00403230
0.00420720
0.00395380
0.00396480
0.00411950
0.00395030
0.00408830
0.00403930
0.00412560
0.00406680
0.00407460
0.00402560
0.00448500
0.00432450
0.00422070
0.00427170
0.00442470
0.00422380
0.00415440
0.00409500
0.00409110
0.00396700
0.00428750
0.00459590
0.00498950
0.00441530
0.00437120
0.00425240
0.00424250
0.00428330
0.00445310
0.00432400
0.00428860
0.00405980
0.00409580
0.00458710
0.00459250
0.00434620
0.00429540
0.00400540
0.00401100
0.00397280
0.00433500
0.00424890
0.00428110
0.00455340
0.00437740
0.00425830
0.00466680
0.00437140
0.00432450
0.00437020
0.00447670
0.00439020
0.00445060
0.00439480
0.00443050
0.00463010
0.00497500
0.00405870
0.00417490
0.00422010
0.00416120
0.00451010
0.00413930
0.00400880
0.00382980
0.00379350
0.00409790
0.00410170
0.00431460
0.00391470
0.00420380
0.00440410
0.00438110
0.00435320
0.00418160
0.00429000
0.00429600
0.00414780
0.00397330
0.00388170
0.00389590
0.00388240
0.00391960
0.00399640
0.00386170
0.00385220
0.00407030
0.00410050
0.00414540
0.00423850
0.00415130
0.00412620
0.00442600
0.00433370
0.00465060
0.00451790
0.00395170
0.00384100
0.00397320
0.00424640
0.00390940
0.00426410
0.00384320
0.00382040
0.00433800
0.00407990
0.00420520
0.00445030
0.00411910
0.00389990
0.00441020
0.00429050
0.00436760
0.00422500
0.00387830
0.00386620
0.00432000
0.00413650
0.00431040
0.00440610
0.00442470
0.00438060
0.00433570
0.00390510
0.00405960
0.00422680
0.00415370
0.00458610
0.00426320
0.00407780
0.00408470
0.00429780
0.00412370
0.00448700
0.00428010
0.00418070
0.00408890
0.00418960
0.00413430
0.00436700
0.00438080
0.00439610
0.00419740
0.00415920
0.00416620
0.00410110
0.00388210
0.00414270
0.00455350
0.00417570
0.00405700
0.00431060
0.00401760
0.00425130
0.00414670
0.00415890
0.00413010
0.00407710
0.00403080
0.00445070
0.00410160
0.00428910
0.00465920
0.00440770
0.00420930
0.00407820
0.00409260
0.00405980
0.00401430
0.00398160
0.00431020
0.00415540
0.00424900
0.00419750
0.00447720
0.00433900
0.00458510
0.00434600
0.00428770
0.00440720
0.00415380
0.00393520
0.00386620
0.00384880
0.00397760
0.00402750
0.00395140
0.00385780
0.00394610
0.00430290
0.00414900
0.00413140
0.00426970
0.00407430
0.00437760
0.00409940
0.00487520
0.00479840
0.00422000
0.00427650
0.00423070
0.00410060
0.00413380
0.00401630
0.00409900
0.00439180
0.00443340
0.00452190
0.00435530
0.00415620
0.00406040
0.00439350
0.00449300
0.00438100
0.00453870
0.00437720
0.00433950
0.00427590
0.00416120
0.00408250
0.00429460
0.00447540
0.00447580
0.00450150
0.00437260
0.00446160
0.00481940
0.00423040
0.00468700
0.00451420
0.00460910
0.00471370
0.00456990
0.00434740
0.00491040
0.00466600
0.00468840
0.00447000
0.00459010
0.00446080
0.00426370
0.00448900
0.00463280
0.00473700
0.00457520
0.00470570
0.00455070
0.00433050
0.00450620
0.00439530
0.00444650
0.00406480
0.00408760
0.00434280
0.00415320
0.00416980
0.00451650
0.00446480
0.00470510
0.00477290
0.00470240
0.00465020
0.00474730
0.00450370
0.00487610
0.00458400
0.00453680
0.00434980
0.00453790
0.00447410
0.00453800
0.00441740
0.00457050
0.00447700
0.00450580
0.00474440
0.00509740
0.00446890
0.00441520
0.00450150
0.00465320
0.00436360
0.00448670
0.00436180
0.00471720
0.00466650
0.00437910
0.00495650
0.00472210
0.00451290
0.00456430
0.00460160
0.00472110
0.00451400
0.00441170
0.00450140
0.00510050
0.00493030
0.00486850
0.00449900
0.00440740
0.00467010
0.00467410
0.00445150
0.00442380
0.00458410
0.00476110
0.00472630
0.00457420
0.00461080
0.00465060
0.00439340
0.00460080
0.00433960
0.00432210
0.00434700
0.00451530
0.00456920
