0.19840670
0.00607990
0.00514800
0.00603900
0.00508510
0.00631840
0.00632910
0.00540290
0.00539790
0.00521110
0.00495090
0.00504650
0.00511380
0.00528310
0.00557220
0.00537270
0.00499680
0.00548620
0.00512610
0.00464760
0.00439900
0.00443850
0.00442840
0.00463500
0.00486840
0.00474730
0.00465170
0.00456170
0.00461380
0.00455720
0.00557670
0.00544490
0.00537200
0.00523950
0.00503690
0.00511070
0.00504930
0.00462740
0.00460590
0.00437540
0.00437100
0.00437070
0.00438530
0.00439670
0.00426350
0.00457790
0.00465180
0.00506450
0.00499640
0.00501050
0.00496860
0.00488990
0.00508850
0.00487520
0.00487550
0.00496060
0.00519340
0.00529980
0.00511520
0.00577840
0.00582270
0.00547340
0.00543880
0.00548450
0.00549880
0.00533240
0.00485550
0.00494630
0.00513540
0.00515050
0.00512790
0.00488490
0.00527060
0.00533810
0.00520160
0.00538400
0.00555530
0.00554900
0.00501080
0.00493160
0.00486810
0.00477940
0.00474280
0.00463030
0.00471750
0.00468860
0.00495880
0.00532400
0.00556890
0.00548010
0.00524880
0.00471440
0.00497800
0.00539250
0.00489720
0.00470020
0.00478030
0.00465110
0.00475790
0.00513710
0.00513530
0.00489530
0.00546790
0.00521400
0.00516660
0.00561240
0.00530430
0.01719730
0.00492710
0.00499410
0.00519490
0.00505690
0.00472010
0.00510560
0.00530890
0.00494900
0.00515350
0.00486260
0.00512490
0.00504210
0.00542410
0.00523220
0.00508190
0.00494040
0.00498630
0.00538950
0.00482090
0.00478740
0.00492030
0.00525140
0.00580200
0.00525760
0.00499760
0.00484320
0.00496820
0.00484920
0.00579320
0.00516680
0.00531730
0.00499270
0.00521840
0.00468550
0.00470180
0.00469350
0.00438400
0.00433600
0.00441360
0.00449650
0.00450660
0.00451100
0.00449750
