0.21392490
0.00421910
0.00440150
0.00452460
0.00426150
0.00420220
0.00440930
0.00453050
0.00431360
0.00452080
0.00440580
0.00447030
0.00403060
0.00432870
0.00458590
0.00411080
0.00444190
0.00399440
0.00437750
0.00462510
0.00421700
0.00420220
0.00433260
0.00413900
0.00417370
0.00449430
0.00456360
0.00443840
0.00439610
0.00438280
0.00435970
0.00421090
0.00427870
0.00401300
0.00448450
0.00460070
0.00434950
0.00468400
0.00425340
0.00438240
0.00447050
0.00470280
0.00421880
0.00445860
0.00442090
0.00432610
0.00466950
0.00426690
0.00441420
0.00431550
0.00465940
0.00452720
0.00427340
0.00433610
0.00445760
0.00435470
0.00501010
0.00473240
0.00461990
0.00440000
0.00449380
0.00417480
0.00421670
0.00474020
0.00419840
0.00407550
0.00476770
0.00440800
0.00431450
0.00439500
0.00439520
0.00422160
0.00413250
0.00438950
0.00387430
0.00433110
0.00437050
0.00401240
0.00429920
0.00431070
0.00420270
0.00411130
0.00414920
0.00448580
0.00425290
0.00428030
0.00417780
0.00416890
0.00405310
0.00424140
0.00431740
0.00388080
0.00398440
0.00399930
0.00406920
0.00429410
0.00424090
0.00418470
0.00418100
0.00399880
0.00406290
0.00422580
0.00421280
0.00428480
0.00412450
0.00418690
0.00414690
0.00410100
0.00436630
0.00433770
0.00423470
0.00409750
0.00443840
0.00423270
0.00433180
0.00400400
0.00427750
0.00408710
0.00434950
0.00413160
0.00404950
0.00394130
0.00424310
0.00383180
0.00426550
0.00400870
0.00437350
0.00442910
0.00442170
0.00419360
0.00428730
0.00448450
0.00443100
0.00414910
0.00418140
0.00442520
0.00443230
0.00388170
0.00454070
0.00435680
0.00437890
0.00431430
0.00388850
0.00414610
0.00416690
0.00378140
0.00405760
0.00400880
0.00431070
0.00418320
0.00436600
0.00428710
0.00416730
0.00436000
0.00410160
0.00444240
0.00441510
0.00421270
0.00429830
0.00437430
0.00471800
0.00418200
0.00409210
0.00447610
0.00425700
0.00431110
0.00424290
0.00451020
0.00422270
0.00421620
0.00429290
0.00452340
0.00418480
0.00417560
0.00431010
0.00401450
0.00418660
0.00402820
0.00429200
0.00399280
0.00440770
0.00405540
0.00431380
0.00451410
0.00433220
0.00470030
0.00417950
0.00431500
0.00420290
0.00474010
0.00415940
0.00457270
0.00422910
0.00454390
0.00446000
0.00462070
0.00416930
0.00461020
0.00456070
0.00454740
0.00432610
0.00432780
0.00437440
0.00436810
0.00447710
0.00425400
0.00428200
0.00479130
0.00471770
0.00407070
0.00477440
0.00442540
0.00463070
0.00448080
0.00482490
0.00422960
0.00472890
0.00459360
0.00441940
0.00442150
0.00445240
0.00454510
0.00418650
0.00455710
0.00447570
0.00477900
0.00469960
0.00486920
0.00479960
0.00478960
0.00475390
0.00483250
0.00492380
0.00467450
0.00470170
0.00453390
0.00489630
0.00421810
0.00477230
0.00480820
0.00465790
0.00478990
0.00464490
0.00481650
0.00470110
0.00429640
0.00481060
0.00421160
0.00472890
0.00471280
0.00514730
