0.22215570
0.00641610
0.00632580
0.00665480
0.00722510
0.00658920
0.00672380
0.00697970
0.00699720
0.00716560
0.00631390
0.00640830
0.00685240
0.00650270
0.00682960
0.00665030
0.00685260
0.00704900
0.00686470
0.00650360
0.00623480
0.00649300
0.00690690
0.00676970
0.00667310
0.00664710
0.00700450
0.00705440
0.00638550
0.00660730
0.00652500
0.00704750
0.00698150
0.00664870
0.00715800
0.00696750
0.00703690
0.00682580
0.00639000
0.00668270
0.00687860
0.00665470
0.00719850
0.00688240
0.00696640
0.00704150
0.00695900
0.00664280
0.00625290
0.00645160
0.00694580
0.00684960
0.00694770
0.00693770
0.00747160
0.00710760
0.00659700
0.00663430
0.00683610
0.00695210
0.00666720
0.00730790
0.00736980
0.00680170
0.00708820
0.00663180
0.00665730
0.00651250
0.00679920
0.00716880
0.00684220
0.00721080
0.00785560
0.00721680
0.00780460
0.00705970
0.00662810
0.00657650
0.00666310
0.00670120
0.00686740
0.00689840
0.00671670
0.00740990
0.00732370
0.00719150
0.00704820
0.00639130
0.00644210
0.00638950
0.00651430
0.00697970
0.00707320
0.00669150
0.00753190
0.00739740
0.00712360
0.00693730
0.00668840
0.00675610
0.00668430
0.00632630
0.00655020
0.00680870
0.00693230
0.00690640
0.00639720
0.00631690
0.00617200
0.00620500
0.00685660
0.00668390
0.00687310
0.00649920
0.00633520
0.00624010
0.00622580
0.00634310
0.00612260
0.00677500
0.00664920
0.00694230
0.00683940
0.00686280
0.00689880
0.00709270
0.00708110
0.00698250
0.00657970
0.00644620
0.00704800
0.00714470
0.00710900
0.00681470
0.00667790
0.00730930
0.00656450
0.00655140
0.00644580
0.00639260
0.00759160
0.00735630
0.00728650
0.00729400
0.00729930
0.00681860
0.00727620
0.00711860
0.00723990
0.00669600
0.00760200
0.00738890
0.00674610
0.00683200
0.00697160
0.00716910
0.00659360
0.00656210
0.00658680
0.00733730
0.00672950
0.00652850
0.00722320
0.00712510
0.00643960
0.00684430
0.00679220
0.00654520
0.00669230
0.00727730
0.00648060
0.00651740
0.00639820
0.00766330
0.00690510
0.00728200
0.00726470
0.00720500
0.00699610
0.00692870
0.00733340
0.00725080
0.00647210
0.00722200
0.00725590
0.00713780
0.00715050
0.00727860
0.00717070
0.00753810
0.00690590
0.00724000
0.00726610
0.00692490
0.00647240
0.00734240
0.00711610
0.00709440
0.00699450
0.00712240
0.00637020
0.00629210
0.00669910
0.00642610
0.00678410
0.00696020
0.00703510
0.00669530
0.00714880
0.00736300
0.00691190
0.00724940
0.00713030
0.00706610
0.00660820
0.00705990
0.00754050
0.00740780
0.00676600
0.00663380
0.00650610
0.00665810
0.00662760
0.00705810
0.00710440
0.00729150
0.00683400
0.00762840
0.00713690
0.00706090
0.00703610
0.00690760
0.00705720
0.00734700
0.00726940
0.00767140
0.00751460
0.00664410
0.00646390
0.00660950
0.00654680
0.00637480
0.00651310
0.00751390
0.00695330
0.00658710
0.00719950
0.00729100
0.00777590
0.00726970
0.00715090
0.00669880
0.00673530
0.00704590
0.00674520
0.00664880
0.00699160
0.00699710
0.00702520
0.00685160
0.00651730
0.00664470
0.00625290
0.00668250
0.00670600
0.00693550
0.00676490
0.00637720
0.00647670
0.00631190
0.00649200
0.00682400
0.00673690
0.00660150
0.00669200
0.00609010
0.00597060
0.00604060
0.00655940
0.00603490
0.00600030
0.00614290
0.00595800
0.00646160
0.00604010
0.00660780
0.00662920
0.00651550
0.00579510
0.00588280
0.00622080
0.00620870
0.00608210
0.00601970
0.00616050
0.00590580
0.00595600
0.00617130
0.00618510
0.00614520
0.00658130
0.00608770
0.00591020
0.00589460
0.00612160
0.00573620
0.00583530
0.00583910
0.00615280
0.00614300
0.00588960
0.00603470
0.00605180
0.00620320
0.00616920
0.00561070
0.00551560
0.00550510
0.00572810
0.00641380
0.00596740
0.00567690
0.00557350
0.00597070
0.00615230
0.00608300
0.00618990
0.00619860
0.00603320
0.00595360
0.00597950
0.00611500
0.00583040
0.00623200
0.00569830
0.00569810
0.00575490
0.00570800
0.00601780
0.00590940
0.00718800
0.00593270
0.00567750
0.00607320
0.00592910
0.00605600
0.00620020
0.00621120
0.00591730
0.00566660
0.00600490
0.00585300
0.00575360
0.00651370
0.00602770
0.00591380
0.00605590
0.00580160
0.00557740
0.00558050
0.00580710
0.00571620
0.00574090
0.00553710
0.00552920
0.00555960
0.00547870
0.00559490
0.00574380
0.00607310
0.00610740
0.00595280
0.00585890
0.00598410
0.00596420
0.00582730
0.00546980
0.00548230
0.00549490
0.00556130
0.00565620
0.00564070
0.00568730
0.00552970
0.00552390
0.00546740
0.00589280
0.00561660
0.00554790
0.00554590
0.00548780
0.00556440
0.00565010
0.00619710
0.00682760
0.00597900
0.00584920
0.00588590
0.00655750
0.00581350
0.00562920
0.00547710
0.00551070
0.00551090
0.00556610
0.00563040
0.00559800
0.00592910
0.00553520
0.00618420
0.00589850
0.00601990
0.00597060
0.00583000
0.00599280
0.00577160
0.00555560
0.00596140
0.00605870
0.00622730
0.00581570
0.00594110
0.00577750
0.00648060
0.00611410
0.00620750
0.00605730
0.00619720
0.00625750
0.00641120
0.00675800
0.00643370
0.00601340
0.00610380
0.00642760
0.00630370
0.00579540
0.00575220
0.00570970
0.00587040
0.00633530
0.00597090
0.00576210
0.00578490
0.00592910
0.00586320
0.00585490
0.00626400
0.00586180
0.00682070
0.00636360
0.00629860
0.00631150
0.00650000
0.00634730
0.00651390
0.00633070
0.00636840
0.00000000
0.00000000
0.00000000
0.00000000
0.20292790
0.00511040
0.00513870
0.00516450
0.00494020
0.00518390
0.00511110
0.00513830
0.00566440
0.00536020
0.00491150
0.00506970
0.00529370
0.00513520
0.00509830
0.00512460
0.00513750
0.00523630
0.00513650
0.00510390
0.00495390
0.00520630
0.00511330
0.00499990
0.00522240
0.00593000
0.00507820
0.00505880
0.00521230
0.00506170
0.00500380
0.00496200
0.00508460
0.00517860
0.00496030
0.00512380
0.00505440
0.00483540
0.00516640
0.00514420
0.00504950
0.00508950
0.00480920
0.00472030
0.00508260
0.00526340
0.00504690
0.00502600
0.00515140
0.00517680
0.00512640
0.00492970
0.00492200
0.00491610
0.00473910
0.00524760
0.00487990
0.00515990
0.00476630
0.00530740
0.00513190
0.00514460
0.00506620
0.00516390
0.00499330
0.00484120
0.00514110
0.00496840
0.00560710
0.00535310
0.00528500
0.00494890
0.00498420
0.00502390
0.00495920
0.00488370
0.00507320
0.00503470
0.00501770
0.00470600
0.00468660
0.00489000
0.00496930
0.00513490
0.00603080
0.00552160
0.00483930
0.00486690
0.00486050
0.00481070
0.00486680
0.00493310
0.00494010
0.00491910
0.00526600
0.00509300
0.00514950
0.00498420
0.00494490
0.00515380
0.00501140
0.00484540
0.00466580
0.00490030
0.00554710
0.00553010
0.00512600
0.00498890
0.00512440
0.00506500
0.00505030
0.00503780
0.00500660
0.00496930
0.00503430
0.00503870
0.00510580
0.00513500
0.00490150
0.00461350
0.00499570
0.00477550
0.00491880
0.00486680
0.00479510
0.00500330
0.00501780
0.00504870
0.00506400
0.00504960
0.00478860
0.00467650
0.00474990
0.00515250
0.00515630
0.00492840
0.00483690
0.00487090
0.00478460
0.00482940
0.00472930
0.00463640
0.00486160
0.00482120
0.00515000
0.00511150
0.00480930
0.00519850
0.00479700
0.00481410
0.00477190
0.00467690
0.00461220
0.00467190
0.00506290
0.00506960
0.00464880
0.00470040
0.00510390
0.00509040
0.00503240
0.00489550
0.00496180
0.00474460
0.00482920
0.00483330
0.00493320
0.00482570
0.00482580
0.00494750
0.00492700
0.00492620
0.00000000
0.00000000
0.00000000
0.00000000
0.21886220
0.00474560
0.00505300
0.00492840
0.00471820
0.00514030
0.00475750
0.00468450
0.00461280
0.00460170
0.00488480
0.00501560
0.00465620
0.00461270
0.00489500
0.00483580
0.00488890
0.00489460
0.00493890
0.00484540
0.00466870
0.00464490
0.00467420
0.00490530
0.00464990
0.00464130
0.00480580
0.00538990
0.00497260
0.00492330
0.00486040
0.00482150
0.00467190
0.00466000
0.00467030
0.00460890
0.00473750
0.00471260
0.00489560
0.00479960
0.00446650
0.00454760
0.00473930
0.00473150
0.00472010
0.00501310
0.00486530
0.00478030
0.00505370
0.00506230
0.00468360
0.00503070
0.00477910
0.00473260
0.00498320
0.00483710
0.00504930
0.00490050
0.00504940
0.00449720
0.00480940
0.00486190
0.00492030
0.00500720
0.00480560
0.00469100
0.00519040
0.00509780
0.00542520
0.00509740
