0.22300530
0.00690520
0.00656050
0.00706000
0.00599540
0.00648470
0.00600710
0.00657090
0.00647900
0.00658450
0.00684540
0.00670100
0.00722970
0.00743580
0.00766670
0.00805450
0.00843170
0.00789950
0.00720450
0.00713880
0.00773010
0.00849960
0.00963500
0.00840760
0.00840610
0.00831970
0.00759760
0.00841510
0.00829180
0.00827320
0.00821700
0.00826400
0.00866160
0.00832180
0.00858580
0.00847420
0.00846780
0.00828540
0.00795300
0.00728500
0.00746640
0.00800170
0.00798950
0.00799410
0.00810700
0.00801210
0.00725020
0.00764210
0.00770350
0.00702830
0.00771120
0.00744840
0.00749880
0.21585820
0.00719970
0.00785960
0.00724750
0.00736820
0.00761650
0.00816590
0.00807780
0.00780550
0.00731580
0.00798160
0.00752320
0.00729270
0.00720690
0.00732870
0.00810230
0.00780610
0.00742380
0.00779620
0.00770440
0.00784770
0.00709170
0.00781520
0.00812740
0.00795630
0.00818830
0.00797900
0.00754370
0.00716670
0.00704840
0.00738310
0.00765000
0.00777970
0.00750190
0.00732700
0.00765350
0.00737560
0.00779030
0.00783590
0.00819050
0.00750840
0.00744890
0.00745870
0.00754290
0.00762650
0.00793720
0.00756110
0.00786860
0.00797750
0.00748960
0.00794070
0.00791360
0.00771170
0.00742910
0.00794600
0.00810250
0.00790560
0.00748670
0.00835570
0.00786460
0.00768530
0.00753110
0.00791090
0.00811090
0.00799140
0.00798970
0.00814170
0.00838760
0.00796370
0.00861450
0.00828140
0.00859740
0.00841850
0.00805790
0.00841230
0.00873210
0.00857460
0.00806460
0.00827180
0.00811310
0.00841810
0.00790100
0.00781990
0.00788200
0.00851440
0.00797260
0.00856650
0.00823970
0.00861970
0.00845220
0.00847050
0.00839240
0.00832790
0.00794970
0.00859560
0.00840220
0.00848000
0.00888360
0.00854060
0.00855000
0.00823150
0.00856800
0.00852830
0.00828020
0.00780350
0.00791440
0.00877070
0.00872570
0.00855040
0.00850490
0.00808070
0.00857000
0.00882150
0.00869990
0.00809150
0.00861180
0.00871960
0.00837500
0.00815610
0.00864270
0.00865150
0.00869210
0.00860840
0.00837330
0.00875630
0.00883370
0.00850890
0.00853740
0.00832860
0.00804520
0.00807650
0.00848970
0.00878460
0.00870970
0.00906930
0.00821310
0.00892330
0.00882220
0.00867950
0.00884090
0.00848900
0.00908530
0.00904560
0.00925570
0.00910840
0.00888380
0.00853230
0.00876820
0.00861170
0.00917610
0.00859570
0.00906850
0.00874760
0.00889200
0.00892980
0.00942530
0.00927330
0.00930400
0.00884710
0.00914350
0.00926590
0.00950380
0.00996100
0.00914350
0.00960680
0.00975350
0.00924970
0.00937210
0.00879790
0.00915310
0.00892000
0.00856450
0.00926840
0.00977040
0.00976230
0.00867370
0.00955340
0.00901720
0.00861590
0.00935180
0.00971290
0.22191780
0.00982870
0.00943500
0.00964220
0.00911410
0.00972330
0.00955000
0.00960050
0.00944180
0.00857660
0.00878800
0.00835540
0.00930160
0.00969000
0.00855330
0.00886460
0.00860230
0.00890770
0.00913240
0.00912320
0.00848520
0.00847890
0.00851410
0.00849000
0.00894090
0.00881980
0.00890390
0.00900390
0.00909750
0.00862060
0.00901040
0.00907150
0.00899600
0.00906090
0.00883170
0.00861380
0.00854050
0.00926800
0.00872410
0.00953380
0.00902670
0.00868370
0.00855790
0.00841880
0.00895400
0.00825210
0.00839550
0.00871080
0.00885220
0.00891730
0.00841980
0.00861490
0.00906480
0.00883610
0.00839970
0.00878010
0.00889040
0.00879890
0.00854410
0.00872590
0.00882030
0.00818880
0.00802610
0.00838140
0.00854640
0.00881920
0.00859790
0.00858070
0.00817240
0.00820640
0.00888440
0.00850380
0.00797200
0.00862070
0.00817820
0.00842900
0.00839820
0.00827710
0.00836830
0.00848190
0.00799860
0.00809460
0.00832660
0.00854850
0.00849280
0.00832320
0.00856720
0.00795020
0.00817620
0.00830150
0.00843210
0.00817990
0.00852750
0.00839780
0.00857970
0.00831720
0.00841930
0.00860840
0.00822020
0.00862800
0.00807450
0.00858350
0.00873490
0.00852640
0.00813610
0.00880880
0.00857990
0.00871400
0.00853530
0.00801200
0.00837790
0.00875570
0.00870920
0.00809370
0.00858190
0.00845830
0.00790280
0.00828950
0.00840870
0.00878390
0.00878880
0.00871960
0.00872860
0.00858980
0.00858980
0.00794080
0.00832570
0.00869520
0.00866820
0.00870460
0.00855940
0.00892960
0.00858770
0.00916970
0.00917350
0.00911330
0.00840470
0.00929080
0.00893410
0.00927450
0.00882350
0.00851400
0.00938000
0.00896800
0.00927190
0.00916310
0.00925820
0.00870540
0.00930220
0.00962390
0.00946550
0.00907820
0.00856520
0.00948850
0.00953340
0.00949020
0.00976840
0.00970100
0.00991750
0.00996820
0.00996050
0.00951780
0.00899800
0.01008200
0.00983660
0.00995480
0.00967720
0.01019840
0.00958400
0.00981690
0.01006950
0.01000390
0.01015760
0.01018430
0.00938440
0.00946400
0.01034260
0.01052270
0.01014140
0.00939170
0.00943450
0.00937090
0.04403040
0.02984570
0.00986200
0.01174400
0.01001020
0.00987960
0.00919110
0.00973550
0.00970340
0.00970030
0.00953080
0.00975640
0.00977330
0.00947890
0.00985410
0.00987160
0.01004900
0.00919840
0.00988180
0.00943050
0.00988960
0.00968320
0.00916260
0.00975600
0.00933980
0.01014710
0.01003490
0.00983410
0.00903970
0.00971610
0.00993480
0.00994790
0.00971600
0.00998150
0.01022820
0.00979980
0.01007150
0.00955160
0.00970300
0.00994810
0.00960440
0.00941190
0.00960480
0.01002690
0.00971320
0.00934210
0.00942850
0.00955780
0.00972230
0.00941090
0.00922820
0.00963790
0.00935560
0.00879090
0.00895920
0.00844460
0.00877060
0.00865250
0.00912980
0.00873300
0.00860760
0.00918910
0.00916160
0.00917510
0.00912740
0.00963930
0.00980670
0.00936340
0.00945560
0.00929680
0.00987190
0.00976060
0.00974110
0.00934410
0.00999480
0.01010300
0.00945790
0.00991510
0.00918170
0.00950880
0.00931890
0.00929090
0.00994190
0.01006160
0.00953310
0.00973160
0.00963580
0.00981150
0.00968330
0.00953340
0.00978470
0.00950800
0.01017950
0.00985810
0.01016890
0.01004560
0.00993030
0.00974490
0.00956900
0.01005640
0.00930350
0.00998700
0.00948160
0.00978720
0.01005280
0.01026480
0.01008490
0.01027160
0.01017310
0.00993370
0.01041680
0.01016630
0.01003420
0.00975530
0.01048090
0.01000190
0.01029060
0.01000980
0.01005110
0.01017010
0.00940090
0.00958790
0.00937670
0.01018140
0.01069030
0.01005820
0.01006190
0.00970820
0.00945690
0.01001540
0.00978130
0.00994330
0.01001020
0.00981640
0.00932760
0.00978410
0.00965120
0.00998910
0.00961360
0.00951690
0.00982150
0.01007060
0.00931360
0.00982900
0.00928430
0.00941490
0.00995230
0.00961970
0.00994250
0.00942800
0.00958480
0.00911130
0.00929400
0.00937600
0.00909200
0.00911430
0.00858440
0.00908140
0.00951160
0.00932820
0.00909580
0.00866770
0.00860370
0.00967620
0.00911590
0.00955090
0.00936070
0.00877940
0.00887600
0.00881860
0.00920480
0.00887600
0.00902440
0.00897330
0.00897630
0.00872940
0.00894240
0.00876860
0.00897830
0.00874440
0.00919800
0.00824030
0.00952130
0.00891400
0.00898190
0.00905820
0.00892730
0.00905660
0.00907270
0.00909610
0.00862900
0.00855910
0.00975440
0.00848530
0.00922530
0.00920460
0.00910880
0.00914930
0.00893330
0.00879570
0.00916610
0.00882050
0.00865130
0.00892960
0.00879260
0.00936370
0.00940850
0.00938480
0.00928810
0.00917280
0.00916710
0.00946980
0.00901020
0.00938900
0.00894410
0.00886480
0.00940290
0.00915780
0.00897410
0.00941440
0.00917640
0.00927230
0.00934550
0.00933470
0.00867340
0.00845570
0.00919850
0.00935260
0.00902180
0.00877700
0.00944660
0.00865190
0.00925670
0.00896250
0.00932100
0.00921330
0.00873090
0.00928070
0.00937020
0.00862440
0.00867020
0.00907670
0.00965490
0.00877250
0.00921420
0.00919570
0.00923370
0.00924310
0.00863440
0.00962700
0.00952430
0.00975110
0.00929280
0.00976340
0.00990640
0.00905280
0.00972720
0.00979880
0.00993350
0.00912020
0.00922200
0.00939950
0.00905920
0.00948140
0.00916030
0.00929610
0.00935160
0.00907680
0.00984820
0.00968260
0.00930980
0.00926790
0.01005730
0.00987500
0.00925380
0.00940780
0.00974570
0.00940250
0.00972520
0.00923340
0.00905320
0.00968770
0.00891070
0.00943860
0.00950280
0.00946950
0.00933440
0.00918390
0.00937670
0.00882400
0.00943440
0.00860180
0.00925460
0.00880800
0.00889080
0.00921190
0.00904380
0.00851050
0.00912380
0.00923520
0.00921720
0.00933060
0.00935780
0.00923810
0.00902460
0.00918190
0.00859870
0.00886290
0.00877620
0.00948600
0.00865830
0.00902050
0.00907340
0.00886710
0.00938900
0.01249100
0.00919270
0.00965610
0.00915380
0.00970670
0.00914640
0.00944790
0.00949820
0.00957280
0.00898180
0.00947650
0.00890570
0.00979160
0.01006350
0.00938000
0.00962760
0.00956650
0.00974500
0.00979400
0.01001450
0.00947890
0.00950310
0.00969190
0.01000660
0.00948050
0.00920950
0.00908310
0.00996360
0.00990610
0.00955540
0.00912350
0.00993620
0.00986060
0.00910950
0.00937360
0.00981460
0.00977440
0.00951440
0.00973710
0.00963320
0.00974150
0.00976460
0.00984830
0.00970480
0.00945220
0.00977700
0.00964140
0.00920900
0.01052160
0.00991200
0.00973230
0.00969860
0.00900790
0.00899700
0.00997060
0.00948110
0.00990450
0.00911520
0.00917550
0.01003640
0.00900180
0.00935340
0.00948310
0.01006590
0.00913210
0.01013620
0.00990320
0.00965620
0.01019730
0.01038110
0.00942390
0.00956820
0.01037880
0.01015640
0.00984780
0.01032860
0.01030310
0.01053200
0.01055730
0.01069270
0.01076410
0.01011890
0.01046860
0.01078210
0.00989980
0.01067040
0.01021420
0.00968230
0.00992980
0.01027150
0.01040070
0.01021910
0.01034430
0.00981670
0.01023920
0.00997200
0.01033220
0.01020920
0.00954600
0.00951570
0.00970680
0.01008570
0.00994740
0.00981340
0.00906790
0.00992880
0.01000210
0.00994980
0.01041720
0.01012920
0.00923740
0.00976200
0.00982640
0.00990170
0.00993430
0.01013510
0.00931950
0.00996000
0.00984110
0.00972270
0.00989740
0.00972220
0.00997210
0.00933930
0.00950180
0.00912700
0.00985910
0.00991930
0.00976300
0.00978140
0.01008500
0.01018760
0.00935080
0.00948130
0.00938700
0.00988600
0.00966730
0.00989560
0.00902250
0.00927290
0.01010110
0.00974330
0.00936220
0.00991740
0.00976760
0.00991350
0.00922150
0.00983050
0.00988110
0.00997330
0.00955080
0.00941620
0.00988980
0.00989790
0.00977950
0.00970020
0.00930380
0.01006190
0.01017510
0.01017050
0.00995580
0.00919900
0.00994630
0.01022880
0.00934520
0.00994470
0.00950850
0.01021230
0.01033410
0.00978910
0.01008830
0.00985890
0.01000670
0.00946150
0.00974900
0.01017230
0.00987430
0.01007960
0.00969100
0.00996010
0.00954520
0.01018960
0.01024760
0.01011840
0.00950680
0.00987050
0.00980760
0.01040470
0.00980850
0.01008020
0.00987110
0.01013320
0.01012930
0.00988570
0.01003080
0.00990680
0.01015200
0.01011230
0.01003690
0.01020650
0.01002030
0.00996390
0.00956210
0.01001150
0.00916380
0.00992420
0.00996490
0.00976900
0.00995530
0.00975260
0.01027380
0.00966420
0.00938940
0.00996280
0.00921280
0.00956550
0.00985380
0.00970260
0.00937010
0.00968620
0.00885490
0.00928790
0.00942520
0.00957040
0.00887290
0.00950010
0.00969730
0.00963290
0.00970540
0.00956530
0.00995040
0.00993110
0.00993860
0.01028480
0.01033840
0.00942370
0.01028960
0.00975190
0.00995000
0.01054170
0.01108530
0.01055800
0.01124000
0.01130980
0.01036860
0.01152510
0.01188440
0.01121780
0.01205240
0.01198510
0.01193100
0.01220770
0.01288620
0.01144110
0.01216840
0.01192040
0.01209500
0.01262240
0.01218720
0.01304580
0.01245240
0.01292170
0.01152110
0.01192580
0.01225070
0.01344220
0.01315410
0.01327070
