0.21931830
0.00434600
0.00420960
0.00428680
0.00431910
0.00444620
0.00439040
0.00415330
0.00415640
0.00417560
0.00423520
0.00439020
0.00404310
0.00415700
0.00406570
0.00000000
0.00000000
0.00000000
0.00000000
0.21568810
0.00469800
0.00480260
0.00473240
0.00507770
0.00461040
0.00552390
0.00487950
0.00465640
0.00423020
0.00413920
0.00420210
0.00418920
0.00414040
0.00417490
0.00425560
0.00417690
0.00433780
0.00443350
0.00426270
0.00412980
0.00416850
0.00413840
0.00430290
0.00409750
0.00406990
0.00406130
0.00438020
0.00455080
0.00447590
0.00445360
0.00436840
0.00475210
0.00510280
0.00518720
0.00484600
0.00444540
0.00449910
0.00466250
0.00423210
0.00427710
0.00418500
0.00441280
0.00423530
0.00411460
0.00416050
0.00422690
0.00416370
0.00415300
0.00418840
0.00401050
0.00395250
0.00404440
0.00410200
0.00449200
0.00462810
0.00454470
0.00448050
0.00461890
0.00452320
0.00472060
0.00466190
0.00474840
0.00443880
0.00437970
0.00433400
0.00418400
0.00464840
0.00000000
0.00000000
0.00000000
0.00000000
0.22748460
0.00436120
0.00463400
0.00472380
0.00437590
0.00414390
0.00459290
0.00445670
0.00460540
0.00459170
0.00423520
0.00440040
0.00457470
0.00446370
0.00467860
0.00426300
0.00418970
0.00460760
0.00441600
0.00445040
0.00450970
0.00484650
0.00476820
0.00449390
0.00441730
0.00426280
0.00423990
0.00433250
0.00454500
