1
223.85,145.32,39.00,79.47
222.91,143.15,38.43,81.62
220.24,143.58,36.94,84.54
224.90,152.20,35.76,86.37
223.34,151.61,35.47,88.13
221.55,159.10,35.29,90.21
215.16,164.98,34.72,91.87
225.75,175.29,35.06,92.15
244.15,204.51,35.29,94.52
259.26,219.35,35.05,101.59
254.07,221.77,35.21,104.95
238.13,214.85,36.44,105.61
223.18,225.01,37.62,110.03
2
0
0
0
0
1
54.36,262.51,85.15,75.05
45.13,258.13,86.78,71.90
39.55,252.83,87.41,69.61
23.44,249.35,87.18,68.76
25.31,236.36,85.19,67.23
21.44,228.53,86.49,65.27
94.94,223.44,86.34,64.09
149.05,236.35,85.78,63.86
176.64,241.38,85.85,63.68
200.47,246.38,84.94,62.95
210.62,247.27,83.98,62.62
219.12,249.69,84.18,62.26
224.24,253.86,85.30,61.95
229.35,261.09,85.73,61.95
233.61,262.66,85.51,61.12
248.68,268.11,85.70,60.91
255.59,270.93,84.99,60.40
271.38,274.74,84.73,60.16
291.87,280.36,83.91,60.76
311.13,284.03,83.54,60.05
321.12,293.38,82.79,59.76
320.96,296.96,82.67,60.10
317.64,299.52,83.51,59.93
336.50,308.57,83.28,60.39
361.79,327.05,84.34,61.01
355.94,322.65,85.75,61.96
351.65,314.87,87.05,63.27
361.17,318.63,87.39,64.34
381.50,328.04,87.21,65.49
398.33,330.05,88.68,66.64
409.46,331.42,89.14,68.10
420.99,345.09,89.07,69.51
427.29,349.23,90.83,70.81
404.14,337.88,92.49,72.13
377.34,320.54,91.78,72.99
366.81,295.22,92.41,72.97
353.22,281.83,91.82,72.82
345.51,268.67,92.44,72.30
325.90,261.61,93.47,72.22
308.46,253.54,94.60,71.90
291.31,250.38,95.90,72.02
272.94,246.80,96.92,72.12
262.17,238.51,96.09,71.43
246.80,228.76,96.58,70.67
227.65,211.81,97.84,71.12
212.16,202.19,98.13,70.23
198.98,194.11,97.73,70.14
182.62,186.02,98.27,70.49
155.22,172.58,98.27,69.60
135.94,160.79,98.74,69.67
114.82,152.25,99.44,70.71
107.91,146.16,99.53,72.08
99.09,132.81,99.51,72.17
88.83,123.83,99.92,73.65
79.32,131.24,99.63,75.83
87.76,148.60,98.28,78.06
107.36,178.60,96.31,79.78
104.38,176.73,95.50,79.48
103.15,161.74,94.49,77.90
100.90,162.49,94.30,77.55
102.20,176.35,93.67,77.94
102.25,193.66,93.51,78.73
115.17,206.13,94.61,79.53
143.66,216.68,94.32,80.88
177.09,218.10,93.14,83.98
200.69,233.00,91.24,84.37
2
0
0
0
0
1
136.92,54.93,53.51,82.78
143.07,63.61,56.32,81.10
148.78,65.04,58.05,79.86
147.95,66.15,59.41,78.93
151.17,65.77,60.35,79.05
159.13,67.27,60.35,78.71
176.44,67.98,60.98,78.36
183.48,65.02,59.77,77.32
180.00,61.01,58.64,76.23
175.43,58.05,57.81,75.50
169.01,58.37,57.53,74.91
165.46,58.30,56.71,74.23
150.18,58.84,57.55,74.50
131.21,65.28,57.89,73.95
118.63,74.28,57.83,74.01
113.68,82.06,58.13,74.15
104.54,92.32,59.70,75.01
95.81,102.47,61.16,75.54
88.92,104.63,62.29,76.10
84.08,104.53,64.03,76.80
86.38,117.58,65.71,78.04
82.83,125.66,66.94,78.82
85.40,127.00,68.33,79.63
92.90,127.02,68.41,80.62
100.93,118.65,68.38,79.48
97.08,111.77,69.78,78.66
91.37,106.56,69.55,78.43
87.53,93.11,69.21,78.09
