0.23982690
0.00579660
0.00516760
0.00490560
0.00541010
0.00486980
0.00560910
0.00541440
0.00591150
0.00585120
0.00648270
0.00594180
0.00597650
0.00672320
0.00698100
0.00654250
0.00624260
0.00659240
0.00621580
0.00645340
0.00562510
0.00613170
0.00668720
0.00613440
0.00643180
0.00700080
0.00665810
0.00590820
0.00623810
0.00691380
0.00652950
0.00729990
0.00760670
0.00817330
0.00791420
0.00822210
0.00751420
0.24493490
0.24424210
0.24483600
0.00830120
0.00872670
0.00853190
0.00885960
0.00855390
0.00775230
0.00784350
0.00822300
0.24723870
0.24743230
0.24180130
0.24249680
0.24447160
0.25127590
0.26042220
0.31954090
0.32605990
0.37499930
0.32220770
0.32579090
0.26426180
0.26551030
0.26905520
0.42212350
0.25413240
0.01760470
0.02049910
0.01743130
0.02271940
0.01781290
0.01736740
0.01716780
0.01768930
0.00918940
0.00941520
0.00913190
