0.21127510
0.00491370
0.00562260
0.00564980
0.00503950
0.00499090
0.00514720
0.00566430
0.00568760
0.00529020
0.00562080
0.00557200
0.00626310
0.00569590
0.00560930
0.00539840
0.00521990
0.00487520
0.00491320
0.00551200
0.00562000
0.00564770
0.00529730
0.00507190
0.00552470
0.00541610
0.00523530
0.00523720
0.00555430
0.00556610
0.00560570
0.00543610
0.00554260
0.00544560
0.00509010
0.00550810
0.00531870
0.00513090
0.00548160
0.00690670
0.00549820
0.00551220
0.00556650
0.00532760
0.00558680
0.00536060
0.00553400
0.00502930
0.00546170
0.00545160
0.00547080
0.00517400
0.00514260
0.00526380
0.00582580
0.00536590
0.00497060
0.00532710
0.00536500
0.00539080
0.00525780
0.00521370
0.00464960
0.00462980
0.00525570
0.00497560
0.00492260
0.00485160
0.00454510
0.00472050
0.00517300
0.00472250
0.00474530
0.00500460
0.00516710
0.00537910
0.00520460
0.00526460
0.00517990
0.00503720
0.00562640
0.00505880
0.00542400
0.00525050
0.00491810
0.00537210
0.00519460
0.00496350
0.00503960
0.00494960
0.00505420
0.00527910
0.00505600
0.00519730
0.00534460
0.00530220
0.00516690
0.00498930
0.00491270
0.00439430
0.00442800
0.00434510
0.00439820
0.00576970
0.00556400
0.00554010
0.00520350
0.00517720
0.00509880
0.00518140
0.00528020
0.00508330
0.00502790
0.00515390
0.00530820
0.00476050
0.00483940
0.00549850
0.00540420
0.00541420
0.00524650
0.00573510
0.00498750
0.00497490
0.00567710
0.00457150
0.00507700
0.00505840
0.00492270
0.00507640
0.00497560
0.00464970
0.00502750
0.00511000
0.00513740
0.00475740
0.00535280
0.00523000
0.00545670
0.00472910
0.00460690
0.00485770
0.00480700
0.00478610
0.00479090
0.00493480
0.00485920
0.00473220
0.00525370
0.00518100
0.00487620
0.00497860
0.00514090
0.00515490
0.00525600
0.00508570
0.00505780
0.00506490
0.00506130
0.00486450
0.00513410
0.00476050
0.00502210
0.00504220
0.00515520
0.00507160
0.00584870
0.00520180
0.00530920
0.00489640
0.00501780
0.00537430
0.00541640
0.00479750
0.00497760
0.00543440
0.00533540
0.00525750
0.00514690
0.00537220
0.00519750
0.00492160
0.00547170
0.00469690
0.00520030
0.00500130
0.00524150
0.00522900
0.00540040
0.00562220
0.00554150
0.00501590
0.00509440
0.00495960
0.00558130
0.00540950
0.00553810
0.00569390
0.00561030
0.00564530
0.00497870
0.00524870
0.00486040
0.00552690
0.00517950
0.00528150
0.00590170
0.00520280
0.00565120
0.00573060
0.00555360
0.00547000
0.00493440
0.00502860
0.00560580
0.00570900
0.00550610
0.00524640
0.00575000
0.00552260
0.00596350
0.00564410
0.00549800
0.00527440
0.00517360
0.00538110
0.00553360
0.00495980
0.00544470
0.00521080
0.00561090
0.00554340
0.00513700
0.00546420
0.00542010
0.00502310
0.00548210
0.00526390
0.00531620
0.00479580
0.00549260
0.00555020
0.00577890
0.00581260
0.00577960
0.00564640
0.00554650
0.00568840
0.00523490
0.00551150
0.00584900
0.00567140
0.00553930
0.00503340
0.00506490
0.00563720
0.00559330
0.00563660
0.00519360
0.00549970
0.00577980
0.00504340
0.00570910
0.00547600
0.00534920
0.00560670
0.00547510
0.00534420
0.00544850
0.00503500
0.00572900
0.00557810
0.00557800
0.00528700
0.00538210
0.00554910
0.00505320
0.00476390
0.00505090
0.00478400
0.00501300
0.00497630
0.00513430
0.00545980
0.00567270
0.00534720
0.00501710
0.00493300
0.00530330
0.00542030
0.00514420
0.00540350
0.00563280
0.00555890
0.00516590
0.00491550
0.00546340
0.00569890
0.00554440
0.00519690
0.00579860
0.00549340
0.00521920
0.00501050
0.00543680
0.00512080
0.00508990
0.00493640
0.00571200
0.00544260
0.00541140
0.00560350
0.00589250
0.00507980
0.00535390
0.00552510
0.00536300
0.00550710
0.00511580
0.00537550
0.00523830
0.00464240
0.00561300
0.00539310
0.00491990
0.00498980
0.00489250
0.00494030
0.00529170
0.00524310
0.00530420
0.00504440
0.00528800
0.00494520
0.00521700
0.00530070
0.00512840
0.00534860
0.00526680
0.00517100
0.00564040
0.00535730
0.00522060
0.00534700
0.00550450
0.00528970
0.00534480
0.00502320
0.00564370
0.00553170
0.00533220
0.00531840
0.00517920
0.00526670
0.00518900
0.00527960
0.00510340
0.00527140
0.00587000
0.00560560
0.00512150
0.00511260
0.00521190
0.00511480
0.00556140
0.00556890
0.00523070
0.00543270
0.00536610
0.00589810
0.00494380
0.00562110
0.00543460
0.00527020
0.00535910
0.00520250
0.00538380
0.00513070
0.00515850
0.00543300
0.00499950
0.00517590
0.00500450
0.00485250
0.00553140
0.00495840
0.00492380
0.00520640
0.00508480
0.00498530
0.00520950
0.00547630
0.00557290
0.00534500
0.00522650
0.00492920
0.00539070
0.00514030
0.00522470
0.00515030
0.00546010
0.00554830
0.00530330
0.00476140
0.00540040
0.00529780
0.00569820
0.23072700
0.00513610
0.00534820
0.00522040
0.00542720
0.00549790
0.00525860
0.00574130
0.00565710
0.00586380
0.00535610
0.00549000
0.00525460
0.00575770
0.00556670
0.00562990
0.00552220
0.00514490
0.00534390
0.00476190
0.00526060
0.00509960
0.00487700
0.00531790
0.00563170
0.00515890
0.00527060
0.00515180
0.00554220
0.00545090
0.00491000
0.00518390
0.00533460
0.00535560
0.00543990
0.00539980
0.00530140
0.00545120
0.00534020
0.00522190
0.00534760
0.00536890
0.00522150
0.00545840
0.00500650
0.00502040
0.00542320
0.00534020
0.00518750
0.00512510
0.00515500
0.00498810
0.00534710
0.00559670
0.00540360
0.00532160
0.00559050
0.00506640
0.00526920
0.00524160
0.00539920
0.00553940
0.00530180
0.00567690
0.00575190
0.00546100
0.00549090
0.00588860
0.00531370
0.00508190
0.00551290
0.00534450
0.00568690
0.00542850
0.00563610
0.00548570
0.00547950
0.00575580
0.00521510
0.00552030
0.00555290
0.00553180
0.00566240
0.00540110
0.00506780
0.00529240
0.00560760
0.00551440
0.00539460
0.00542370
0.00516660
0.00553920
0.00536980
0.00512770
0.00520950
0.00579570
0.00555700
0.00546910
0.00541020
0.00541910
0.00542630
0.00533290
0.00510880
0.00531930
0.00531960
0.00541490
0.00530850
0.00567520
0.00521800
0.00543410
0.00511660
0.00503540
0.00519710
0.00517770
0.00527630
0.00499880
0.00502300
0.00492340
0.00526000
0.00517860
0.00508600
0.00483430
0.00511720
0.00536070
0.00489690
0.00508530
0.00489090
0.00522740
0.00559250
0.00508390
0.00522440
0.00533550
0.00543600
0.00526640
0.00541900
0.00554410
0.00562510
0.00565230
0.00516720
0.00551070
0.00505460
0.00553650
0.00564900
0.00552700
0.00543250
0.00547880
0.00539870
0.00543680
0.00575730
0.00609260
0.00550270
0.00607320
0.00586220
0.00573390
0.00573140
0.00573560
0.00533100
0.00571850
0.00581670
0.00565710
0.00552160
0.00539620
0.00545700
0.00576300
0.00539500
0.00578780
0.00533810
0.00564810
0.21381400
0.00538460
0.00578050
0.00565280
0.00552460
0.00523160
0.00522030
0.00551960
0.00555950
0.00543550
0.00596080
0.00547950
0.00557630
0.00515060
0.00519210
0.00573190
0.00503330
0.00535510
0.00580480
0.00563910
0.00571920
0.00523240
0.00550060
0.00535770
0.00566370
0.00538630
0.00536530
0.00545210
0.00555150
0.00537930
0.00534330
0.00538500
0.00523690
0.00558820
0.00563790
0.00557460
0.00494480
0.00540460
0.00530410
0.00496560
0.00499340
0.00504900
0.00558270
0.00552500
0.00492560
0.00475720
0.00529930
0.00514640
0.00543730
0.00553210
0.00593610
0.00566460
0.00533230
0.00552550
0.00540080
0.00495650
0.00518280
0.00518490
0.00497930
0.00554190
0.00530390
0.00541170
0.00547390
0.00528840
0.00528580
0.00477270
0.00492920
0.00558420
0.00544940
0.00495210
0.00519760
0.00469050
0.00489410
0.00525580
0.00515810
0.00490570
0.00488780
0.00503490
0.00534550
0.00526190
0.00534170
0.00525880
0.00541740
0.00483460
0.00502350
0.00474850
0.00471580
0.00486510
0.00486490
0.00523370
0.00521380
0.00528340
0.00527940
0.00528480
0.00497170
0.00476170
0.00492880
0.00511050
0.00529660
0.00545330
0.00545280
0.00548450
0.00523970
0.00501540
0.00492550
0.00498270
0.00485640
0.00491910
0.00475980
0.00503940
0.00491600
0.00480000
0.00494880
0.00505010
0.00500370
0.00476820
0.00514170
0.00483980
0.00519240
0.00557850
0.00586740
0.00488240
0.00515210
0.00546010
0.00510980
0.00542990
0.00522290
0.00510030
0.00522310
0.00502230
0.00513370
0.00505590
