0.20635770
0.00438820
0.00446760
0.00458370
0.00457830
0.00422970
0.00440520
0.00431610
0.00409850
0.00404630
0.00421140
0.00427880
0.00495680
0.00488920
0.00481600
0.00474320
0.00420650
0.00414450
0.00430680
0.00437850
0.00416410
0.00456240
0.00447740
0.00441630
0.00467090
0.00470130
0.00430110
0.00431380
0.00414630
0.00498180
0.00425950
0.00456810
0.00451380
0.00441590
0.00423940
0.00409500
0.00415420
0.00417020
0.00411530
0.00440540
0.00439340
0.00451570
0.00445760
0.00435140
0.00410890
0.00430270
0.00437850
0.00446050
0.00466440
0.00443260
0.00462440
0.00468450
0.00465990
0.00458280
0.00467930
0.00528330
0.00480140
0.00432700
0.00424550
0.00458460
0.00469660
0.00472140
0.00449810
0.00469860
0.00453700
0.00442000
0.00534210
0.00500770
0.00520130
0.00494330
0.00522040
0.00501530
0.00487690
0.00505900
0.00533050
0.00526000
0.00532340
0.00520720
0.00518180
0.00535170
0.00515020
0.00514290
0.00518680
0.00560300
0.00537510
0.00538470
0.00534070
0.00523470
0.00491680
0.00476460
0.00500230
0.00523140
0.00527990
0.00532430
0.00569090
0.00559240
0.00500200
0.00489880
0.00478120
0.00570610
0.00567050
0.00553630
0.00522150
0.00519410
0.00528840
0.00492590
0.00523420
0.00557340
0.00544370
0.00506400
0.00518650
0.00528580
0.00558960
0.00492840
0.00513080
0.00544880
0.00557590
0.00539460
0.00546160
0.00515740
0.00528960
0.00537440
0.00514040
0.00513820
0.00505200
0.00550090
0.00557710
0.00544660
0.00517340
0.00527740
0.00551640
0.00521490
0.00536370
0.00555430
0.00597900
0.00560420
0.00538970
0.00546160
0.00573100
0.00546380
0.00545580
0.00588040
0.00552030
0.00529350
0.00545980
0.00542680
0.00522930
0.00532630
0.00517770
0.00529120
0.00543740
0.00578360
0.00541470
0.00519670
0.00539290
0.00526120
0.00527130
0.00520720
0.00547960
0.00550350
0.00538050
0.00555020
0.00547010
0.00552480
0.00564350
0.00583900
0.00574170
0.00570740
0.00541180
0.00587080
0.00531720
0.00537520
0.00565800
0.00603390
0.00547540
0.00564740
0.00568980
0.00572900
0.00522890
0.00518950
0.00548100
0.00559160
0.00537670
0.00533240
0.00539060
0.00554160
0.00578150
0.00540300
0.00548890
0.00523590
0.00596550
0.00553910
0.00570730
0.00555920
0.00548040
0.00605670
0.00570150
0.00577930
0.00528910
0.00538050
0.00550580
0.00555020
0.00535480
0.00539100
0.00584690
0.00548250
0.00577030
0.00578210
0.00551900
0.00564300
0.00541000
0.00571270
0.00609160
0.00548600
0.00564800
0.00605730
0.00555720
0.00607430
0.00589720
0.00584200
0.00549740
0.00577130
0.00556500
0.00545220
0.00561680
0.00575480
0.00565150
0.00573710
0.00564600
0.00560810
0.00543090
0.00548500
0.00573340
0.00555800
0.00589620
0.00565060
0.00553150
0.00552850
0.00547060
0.00547180
0.00550550
0.00589030
0.00580290
0.00596690
0.00604830
0.00593950
0.00598790
0.00604820
0.00595920
0.00593250
0.00611710
0.00612960
0.00574620
0.00576150
0.00592900
0.00583150
0.00621690
0.00581390
0.00610130
0.00602060
0.00616020
0.00570850
0.00607320
0.00619030
0.00602310
0.00554040
0.00565110
0.00577820
0.00630650
0.00612800
0.00583330
0.00618140
0.00666720
0.00633610
0.00624880
0.00642120
0.00609200
0.00595910
0.00631310
0.00623280
0.00587280
0.00577210
0.00625670
0.00627720
0.00615510
0.00574590
0.00602610
0.00632200
0.00643770
0.00650990
0.00606590
0.00581870
0.00607100
0.00628620
0.00594950
0.00605320
0.00630690
0.00603260
0.00586300
0.00571090
0.00569050
0.00627930
0.00588230
0.00621420
0.00575330
0.00630960
0.00575670
0.00629600
0.00597460
0.00635670
0.00638300
0.00602290
0.00583250
0.00630160
0.00599710
0.00635810
0.00657810
0.00614960
0.00619780
0.00638840
0.00637720
0.00621370
0.00616740
0.00610010
0.00634470
0.00684130
0.00666600
0.00637420
0.00669860
0.00667620
0.00632830
0.00685130
0.00623320
0.00654550
0.00650400
0.00618070
0.00650200
0.00656750
0.00646560
0.00633120
0.00657250
0.00647120
0.00619210
0.00683480
0.00697960
0.00626040
0.00648710
0.00648330
0.00647390
0.00612340
0.00622260
0.00673580
0.00621820
0.00646660
0.00654620
0.00660340
0.00658630
0.00628600
0.00643990
0.00646610
0.00641220
0.00613910
0.00615180
0.00750340
0.00672540
0.00675130
0.00662080
0.00674870
0.00653740
0.00650640
0.00635200
0.00657430
0.00646670
0.00650150
0.00624190
0.00657400
0.00665230
0.00636900
0.00644530
0.00657550
0.00651130
0.00674140
0.00639090
0.00678030
0.00665210
0.00657630
0.00671870
0.00662920
0.00669680
0.00666240
0.00658110
0.00649570
0.00682140
0.00664350
0.00666270
0.00672950
0.00640140
0.00675040
0.00651370
0.00659970
0.00653870
0.00646850
0.00699220
0.00650550
0.00663780
0.00664610
0.00664580
0.00675470
0.00649710
0.00658870
0.00663670
0.00706900
0.00682810
0.00638540
0.00643530
0.00632990
0.00633980
0.00643330
0.00659580
0.00719210
0.00634010
0.00632440
0.00636940
0.00634170
0.00626300
0.00635810
0.00667910
0.00657370
0.00667560
0.00645300
0.00632260
0.00627780
0.00659990
0.00646470
0.00666080
0.00668470
0.00697880
0.00701740
0.00689390
0.00659470
0.00643650
0.00688470
0.00666280
0.00680790
0.00677170
0.00671420
0.00668490
0.00691630
0.00638050
0.00652220
0.00706420
0.00707470
0.00688230
0.00697780
0.00667690
0.00680350
0.00707600
0.00668290
0.00692740
0.00662330
0.00639880
0.00638990
0.00675810
0.00672850
0.00671090
0.00689700
0.00686640
0.00689820
0.00665900
0.00643150
0.00663120
0.00673750
0.00679450
0.00722210
0.00690710
0.00690680
0.00660410
0.00689680
0.00637990
0.00691860
0.00681340
0.00691510
0.00655710
0.00661760
0.00741370
0.00706360
0.00707470
0.00707940
0.00708820
0.00678260
0.00672650
0.00684960
0.00694850
0.00669160
0.00670900
0.00690590
0.00707560
0.00674580
0.00680860
0.00670440
0.00642960
0.00660560
0.00651930
0.00690670
0.00685340
0.00690630
0.00691900
0.00693610
0.00650270
0.00642470
0.00687080
0.00751110
0.00678440
0.00693870
0.00695600
0.00684560
0.00672250
0.00694490
0.00730690
0.00709730
0.00720590
0.00709850
0.00694710
0.00650390
0.00699910
0.00684080
0.00701390
0.00673480
0.00721010
0.00694090
0.00695090
0.00650310
0.00657930
0.00659790
0.00693410
0.00725290
0.00704880
0.00678730
0.00660590
0.00657720
0.00710080
0.00697180
0.00705620
0.00667250
0.00717970
0.00695600
0.00722640
0.00694850
0.00658010
0.00716770
0.00714660
0.00692660
0.00689550
0.00705930
0.00700610
0.00688990
0.00712340
0.00700530
