0.25589560
0.00583370
0.00582460
0.00585440
0.00627210
0.00588200
0.00592220
0.00554630
0.00585140
0.00636250
0.00603950
0.00645310
0.00595340
0.00619120
0.00615330
0.00623410
0.00602620
0.00634110
0.00569460
0.00631200
0.00616520
0.00615990
0.00618250
0.00597110
0.00513990
0.00597940
0.00607900
0.00626820
0.00610200
0.00595150
0.00607820
0.00572540
0.00594830
0.00565240
0.00568570
0.00566800
0.00607410
0.00587300
0.00598510
0.00631680
0.00571310
0.00559190
0.00588990
0.00566520
0.00535530
0.00583650
0.00589220
0.00572110
0.00536690
0.00581120
0.00553800
0.00568490
0.00569490
0.00548840
0.00558750
0.00559270
0.00559740
0.00573990
0.00526410
0.00593090
0.00601890
0.00566580
0.00550850
0.00559670
0.00649370
0.00619230
0.00580670
0.00568470
0.00580730
0.00555270
0.00571070
0.00570060
0.00536490
0.00574950
0.00590140
0.00548030
0.00598430
0.00583250
0.00627490
0.00599460
0.00602400
0.00595600
0.00581230
0.00667890
0.00576480
0.00625120
0.00627520
0.00578730
0.00646270
0.00655910
0.00614980
0.00607250
0.00630880
0.00632560
0.00643460
0.00633590
0.00620220
0.00623000
0.00606330
0.00620490
0.00608360
0.00602040
0.00584920
0.00605570
0.00642460
0.00617750
0.00567640
0.00579300
0.00575770
0.00861640
0.00634670
0.00644120
0.00580940
0.00543990
0.00653560
0.00605120
0.00624200
0.00691320
0.00540430
0.00591620
0.00647710
0.00575050
0.00544540
0.00701590
0.00645850
0.00559270
0.00615000
0.00640910
0.00619530
0.00624170
0.00595970
0.00647810
0.00611630
0.00605570
0.00614440
0.00607730
0.00666790
0.00578490
0.00624700
0.00637530
0.00647440
0.00584530
0.00597990
0.00673070
0.00647720
0.00592630
0.00637220
0.00597910
0.00613750
0.00677500
0.00702890
0.00620810
0.00613340
0.00595940
0.00568310
0.00576810
0.00588650
0.00606040
0.00633440
0.00621600
0.00636420
0.00637140
0.00628470
0.00587520
0.00625000
0.00606050
0.00611740
0.00572340
0.00566890
0.00627560
0.00619580
0.00600010
0.00633240
0.00633530
0.00660310
0.00652060
0.00685520
0.00622040
0.00647600
0.00668380
0.00667220
0.00607220
0.00661390
0.00595360
0.00581770
0.00599750
0.00668300
0.00665550
0.00649680
0.00590810
0.00658940
0.00677980
0.00683510
0.00648070
0.00618290
0.00599750
0.00638820
0.00641240
0.00617560
0.00603620
0.00658090
0.00630680
0.00654760
0.00650470
0.00652990
0.00695960
0.00591840
0.00763760
0.00540240
0.00770520
0.00659660
0.00659660
0.00608490
0.00748400
0.00706490
0.00617280
0.00641000
0.00555330
0.00602660
0.00629650
0.00607020
0.00577530
0.00586160
0.00588670
0.00598680
0.00627860
0.00678200
0.00715880
0.00619970
0.00958510
0.00677730
0.00845610
0.00725030
0.00598140
0.00624810
0.00622680
0.00604070
0.00585390
0.00652940
0.00615380
0.00619790
0.00573370
0.00599390
0.00639160
0.00672240
0.00640090
0.00604070
0.00558710
0.00557460
0.00606420
0.00605920
0.00641650
0.00709850
0.00611520
0.00704920
0.00730100
0.00752690
0.00741300
0.00699570
0.00556550
0.00682110
0.00615980
0.00592440
0.00675440
0.00654640
0.00646990
0.00679860
0.00604230
0.00621760
0.00611460
0.00691780
0.00717360
0.00633610
0.00735110
0.00830430
0.00654500
0.00732260
0.00555000
0.00590930
0.00663670
0.00598560
0.00620600
0.00612540
0.00569700
0.00634240
0.00593590
0.00818300
0.00739400
0.00637070
0.00590240
0.00616560
0.00577400
0.00591260
0.00648570
0.00542710
0.00567240
0.00586730
0.00586460
0.00753380
0.00689990
0.00591950
0.00631780
0.00636260
0.00609980
0.00593750
0.00631210
0.00538210
0.00607750
0.00638380
0.00616000
0.00628660
0.00611290
0.00580490
0.00583130
0.00599770
0.00585880
0.00638720
0.00596970
0.00604350
0.00563830
0.00567450
0.00596330
0.00588230
0.00591490
0.00606710
0.00703450
0.00573730
0.00568430
0.00623550
0.00606300
0.00659460
0.00568660
0.00564990
0.00661900
0.00639060
0.00587580
0.00586720
0.00627420
0.00616130
0.00592210
0.00605690
0.00595850
0.00605780
0.00565460
0.00613450
0.00541580
0.00564100
0.00586120
0.00534330
0.00597370
0.00618250
0.00603880
0.00634980
0.00674480
0.00608780
0.00909860
0.00616530
0.00657390
0.00585850
0.00601180
0.00673510
0.00733480
0.00594570
0.00635120
0.00664930
0.00660090
0.00571390
0.00611380
0.00602400
0.00563320
0.00618580
0.00572170
0.00548920
0.00626060
0.00627140
0.00622590
0.00687840
0.00649610
0.00588210
0.00630610
0.00598250
0.00583260
0.00598020
0.00576560
0.00595350
0.00567840
0.00588920
0.00559660
0.00616970
0.00594700
0.00637120
0.00607870
0.00618930
0.00605520
0.00686350
0.00656930
0.00637670
0.00617250
0.00610120
0.00608340
0.00612210
0.00607490
0.00626770
0.00584480
0.00559080
0.00581850
0.00583960
0.00583300
0.00654030
0.00633490
0.00558550
0.00597070
0.00578560
0.00543490
0.00594200
0.00622780
0.00623330
0.00592440
0.00563310
0.00588580
0.00648800
0.00705420
0.00608530
0.00599670
0.00599480
0.00644230
0.00559880
0.00621420
0.00582280
0.00588290
0.00687120
0.00640710
0.00633860
0.00641390
0.00670910
0.00592510
0.00609630
0.00632110
0.00618400
0.00623410
0.00603540
0.00583790
0.00592830
0.00620740
0.00670620
0.00653790
0.00668620
0.00662940
0.00721170
0.00604710
0.00646980
0.00577710
0.00596010
0.00623260
0.00652640
0.00588810
0.00648790
0.00640740
0.00621070
0.00655460
0.00687870
0.00659270
0.00647120
0.00672100
0.00620890
0.00612990
0.00608860
0.00601170
0.00623230
0.00644610
0.00676750
0.00614580
0.00603910
0.00577190
0.00575670
0.00560470
0.00572880
0.00600100
0.00608360
0.00605680
0.00602690
0.00685700
0.00607240
0.00594110
0.00586590
0.00620840
0.00562330
0.00700690
0.00648940
0.00601150
0.00627810
0.00561420
0.00599590
0.00567960
0.00651300
0.00584360
0.00608050
0.00609350
0.00620640
0.00573320
0.00609380
0.00593140
0.00541120
0.00617750
0.00588410
0.00566210
0.00589460
0.00613060
0.00557270
0.00582310
0.00597490
0.00531090
0.00584720
0.00583520
0.00598470
0.00554200
0.00638150
0.00555560
0.00621090
0.00546970
0.00615000
0.00582430
0.00574860
0.00540260
0.00567450
0.00610230
0.00617130
0.00571100
0.00579870
0.00681210
0.00553060
0.00620740
0.00711990
0.00651570
0.00575640
0.00622510
0.00658850
0.00622650
0.00615550
0.00591420
0.00573070
0.00602900
0.00577290
0.00545220
0.00601070
0.00576100
0.00590870
0.00588770
0.00577550
0.00574120
0.00622430
0.00691510
0.00571060
0.00573090
0.00556310
0.00623810
0.00620220
0.00573970
0.00649880
0.00612490
0.00605770
0.00668570
0.00678040
0.00791430
0.00762770
0.00601090
0.00599180
0.00583060
0.00604760
0.00587280
0.00575730
0.00583160
0.00540000
0.00559230
0.00553230
0.00633290
0.00573210
0.00582020
0.00518160
0.00523570
0.00528800
0.00548460
0.00580560
0.00581620
0.00510950
0.00642270
0.00572260
0.00646140
0.00719740
0.00583160
0.00593940
0.00540730
0.00839430
0.01857330
0.00900710
0.01508800
0.00803980
0.00665300
0.00874680
0.00569860
0.00550760
0.00573590
0.00586070
0.00603650
0.00616580
0.00626360
0.00615600
0.00601250
0.00612730
0.00627030
0.00583120
0.00596240
0.00566870
0.00619510
0.00604470
0.00626310
0.00574990
0.00560960
0.00575650
0.00553490
0.00591070
0.00597030
0.00572930
0.00569860
0.00609430
0.00534250
0.00599120
0.00565580
0.00641390
0.00549940
0.00618350
0.00598510
0.00595180
0.00551930
0.00593470
0.00547110
0.00627000
0.00550990
0.00583020
0.00589580
0.00581850
0.00602380
0.00575900
0.00616510
0.00594840
0.00658970
0.00620280
0.00593500
0.00624260
0.00619930
0.00608370
0.00631820
0.00631980
0.00632660
0.00599970
0.00632040
0.00647730
0.00697850
0.00620600
0.00618620
0.00567930
0.00625340
0.00635670
0.00650370
0.00656660
0.00647950
0.00660700
0.00694450
0.00608090
0.00606220
0.00604970
0.00667790
0.00645350
0.00650650
0.00654420
0.00628870
0.00602160
0.00594400
0.00634060
0.00608460
0.00635390
0.00859510
0.00666700
0.01102530
0.01294580
0.01248550
0.00791800
0.01010650
0.00722940
0.00725360
0.00753540
0.00735330
0.00621280
0.00595150
0.00608040
0.00582910
0.00559510
0.00558090
0.00615320
0.00583680
0.00616360
0.00622900
0.00579520
0.00699480
0.00687300
0.00663240
0.00633480
0.00662950
0.00625170
0.00648980
0.00596610
0.00630870
0.00590780
0.00587990
0.00569300
0.00571550
0.00607480
0.00593180
0.00619810
0.00609430
0.00587040
0.00571700
0.00595680
0.00572570
0.00593810
0.00601880
0.00599610
0.00617430
0.00652290
0.00601890
0.00605370
0.00578660
0.00570630
0.00551130
0.00548210
0.00590990
0.00598100
0.00544500
0.00558200
0.00542460
0.00514160
0.00594890
