0.19989910
0.00497340
0.00447950
0.00438510
0.00458240
0.00486100
0.00430680
0.00473580
0.00470150
0.00450510
0.00453610
0.00452440
0.00505300
0.00472840
0.00487870
0.00463520
0.00469860
0.00470400
0.00447380
0.00445030
0.00440730
0.00437590
0.00495880
0.00490750
0.00452030
0.00476610
0.00501590
0.00492730
0.00499040
0.00511650
0.00516040
0.00505990
0.00508350
0.00573500
0.00550120
0.00559340
0.00552670
0.00522860
0.00666700
0.00593800
0.00622540
0.00551830
0.00599500
0.00584290
0.00588520
0.00573830
0.00628180
0.00619960
0.00611310
0.01333210
0.00672950
0.00669630
0.00691480
0.00690870
0.00641940
0.00659280
0.00702190
0.00761260
0.00785850
0.00816380
0.00757430
0.00785650
0.00853850
0.00719470
0.00733680
0.00739710
0.00784930
0.00772760
0.00877090
0.00868950
0.00775060
0.00899170
0.00956530
0.00868300
0.00798280
0.00847070
0.00976710
0.00874480
0.00871620
0.00980380
0.00922380
0.00897320
0.00917200
0.00993920
0.01138480
0.01126120
0.01126760
0.01027720
0.01009260
0.00930500
0.00997990
0.01154620
0.00974630
0.01117240
0.00986240
0.01130220
0.01170230
0.01026840
0.01113910
0.01101230
0.01191990
0.00991830
0.01155040
0.00890550
0.00854450
0.00907630
0.00864100
0.00860090
0.00817630
0.00959550
0.00902830
0.00738050
0.00720290
0.00704160
0.00708370
0.00790960
0.00749280
0.00702480
0.00684520
0.00675540
0.00654570
0.00622930
0.00567050
0.00569240
0.00579530
0.00587050
0.00583200
0.00540160
0.00550100
0.00513930
0.00519280
