0.31470600
0.00782540
0.00880590
0.00910810
0.00848850
0.00792680
0.00831490
0.00862500
0.00833100
0.00842070
0.00815250
0.00737300
0.00785280
0.00725240
0.00805290
0.00686420
0.00754670
0.00764100
0.00734270
0.00720660
0.00783190
0.00728580
0.00699630
0.00824660
0.00700260
0.00675520
0.00604030
0.00725040
0.00743440
0.00701000
0.00742650
0.00668270
0.00772590
0.00764190
0.00711260
0.00751840
0.00645350
0.00592330
0.00612200
0.00610800
0.00621420
0.00629970
0.00609400
0.00606570
0.00699460
0.00680620
0.00697170
0.00601380
0.00572210
0.00608990
0.00594660
0.00595160
0.00636790
0.00584030
0.00597680
0.00613430
0.00580840
0.00589180
0.00603570
0.00555270
0.00547270
0.00572170
0.00546970
0.00595420
0.00701940
0.01111700
0.01528740
0.00755210
0.00871200
0.00628130
0.00597210
0.00604220
0.00606280
0.00640230
0.00580500
0.00599760
0.00606620
0.00549870
0.00649830
0.00619860
0.00854450
0.00731830
0.00621110
0.00628130
0.00667240
0.00732800
0.00669210
0.00686500
0.00680630
0.00664810
0.00684100
0.01558110
0.00684430
0.00983760
0.00802540
0.00867510
0.00746550
0.00728320
0.00678750
0.00603080
0.00723160
0.00745420
0.00814360
0.00664180
0.00740590
0.00578420
0.00549490
0.00601820
0.00850180
0.00637900
0.00672180
0.00645050
0.00546440
0.00575910
0.00567410
0.00573200
0.00595690
0.00639830
0.00563430
0.00594060
0.00699640
0.00564680
0.00560070
0.00571730
0.00585650
0.00582680
0.00599080
0.00587260
0.00551410
0.00591770
0.00592740
0.00586110
0.00601090
0.00569370
0.00597220
0.00748340
0.00740760
0.00728390
0.00871610
0.00647550
0.00665810
0.00576710
0.00581500
0.00558100
0.00539270
0.00536990
0.00523200
0.00537500
0.00544150
0.00515150
0.00552120
0.00529990
0.00533110
0.00495170
0.00610440
0.00627090
0.00518440
0.00583710
0.00571410
0.00588880
0.00603550
0.00559950
0.00579890
0.00621940
0.00569480
0.00582370
0.00570970
0.00557480
0.00582010
0.00522500
0.00557410
0.00534170
0.00534060
0.00558440
0.00511670
0.00569050
0.00571700
0.00505120
0.00510530
0.00563650
0.00585400
0.00532100
0.00565080
0.00547850
0.00574320
0.00501120
0.00515110
0.00519060
0.00548050
0.00498330
0.00526120
0.00506490
0.00545220
0.00547290
0.00533180
0.00512960
0.00495860
0.00509420
0.00543840
0.00541250
0.00602970
0.00588740
0.00606960
0.00631320
0.00618750
0.00600620
0.00581880
0.00716330
0.00564400
0.00557160
0.00556710
0.00498030
0.00467740
0.00511240
0.00509900
0.00467470
0.00569010
0.00487610
0.00479190
0.00501000
0.00472360
0.00492040
0.00489160
0.00496050
0.00536490
0.00546300
0.00559030
0.00548240
0.00563930
0.00529250
0.00530620
0.00558780
0.00496220
0.00536130
0.00543560
0.00502830
0.00514190
0.00514880
0.00483580
0.00528210
0.00503610
0.00518420
0.00496080
0.00505970
0.00534350
0.00543640
0.00536250
0.00518670
0.00513940
0.00535910
0.00524250
0.00514470
0.00521400
0.00521910
0.00520490
0.00493800
0.00500750
0.00526300
0.00507790
0.00461090
0.00482020
0.00494720
0.00507050
0.00524160
0.00525250
0.00488970
0.00535460
0.00526390
0.00513340
0.00551770
0.00538350
0.00478690
0.00528670
0.00527620
0.00474210
0.00523630
0.00522960
0.00533390
0.00530350
0.00503660
0.00508430
0.00547890
0.00511020
0.00537320
0.00532640
0.00500400
0.00543380
0.00505510
0.00516640
0.00511720
0.00521580
0.00527990
0.00517710
0.00526550
0.00551460
0.00510790
0.00529240
0.00526350
0.00521680
0.00549640
0.00514140
0.00523070
0.00540700
0.00511960
0.00533670
0.00613370
0.00516060
0.00482120
0.00521900
0.00503940
0.00543120
0.00513170
0.00548800
0.00558710
0.00525090
0.00532490
0.00502460
0.00497010
0.00563170
0.00530370
0.00534540
0.00508270
0.00562500
0.00575030
0.00552560
0.00537380
0.00525570
0.00521630
0.22235480
0.00526830
0.00498490
0.00554190
0.00488120
0.00541760
0.00533850
0.00508090
0.00512490
0.00535970
0.00525050
0.00519900
0.00501120
0.00505820
0.00498840
0.00536020
0.00518610
0.00526190
0.00561740
0.00551370
0.00478230
0.00508910
0.00509730
0.00556750
0.00572250
0.00532820
0.00585410
0.21577140
0.21654560
0.20967600
0.20884970
0.00640270
0.00638880
0.00588790
0.00602020
0.00578050
0.00570010
