3.64023570
0.00809530
0.00622150
0.00586660
0.00549980
0.00539120
0.00555720
0.00542800
0.00544900
0.00542790
0.00502610
0.00513950
0.00482880
0.00495650
0.00501600
0.00524420
0.00529020
0.00476340
0.00528730
0.00516820
0.00512610
0.00499800
0.00460540
0.00500730
0.00462720
0.00448190
0.00451130
0.00473160
0.00471430
0.00449910
0.00494620
0.00483850
0.00451760
0.00483290
0.00478050
0.00488470
0.00492240
0.00479280
0.00455150
0.00477360
0.00424310
0.00416710
0.00408210
0.00422630
0.00430240
0.00424900
0.00411370
0.00434390
0.00416660
0.00407930
0.00408850
0.00407000
0.00403610
0.00432740
0.00439540
0.00427640
0.00427980
0.00446230
0.00431180
0.00422730
0.00420950
0.00408980
0.00420960
0.00447760
0.00441170
0.00417170
0.00425940
0.00446800
0.00427000
0.00445710
0.00427030
0.00415660
0.00465200
0.00468020
0.00459440
0.00439260
0.00439920
0.00421390
0.00411860
0.00378980
0.00397300
0.00429140
0.00381140
0.00403910
0.00423000
0.00436160
0.00396820
0.00373870
0.00397090
0.00419480
0.00403590
0.00410120
0.00432360
0.00432290
0.00412960
0.00420930
0.00386200
0.00395670
0.00403620
0.00386310
0.00397520
0.00424580
0.00416110
0.00418000
0.00418540
0.00421080
0.00416700
0.00405100
0.00390480
0.00411040
0.00398760
0.00393270
0.00391070
0.00403480
0.00450650
0.00544390
0.00476390
0.00548880
0.00595260
0.00585450
0.00524490
0.00561490
0.00567070
0.00459450
0.00457800
0.00516700
0.00522070
0.00569940
0.00534680
0.00584450
0.00477250
0.00471890
0.00459200
0.00436780
0.00485270
0.00518370
0.00532520
0.00482140
0.00457940
0.00464320
0.00525230
0.00520210
0.00526710
0.00523630
0.00486300
0.00542440
0.00556220
0.00528580
0.00580990
0.00575210
0.00602840
0.00589430
0.00576000
0.00587210
0.00587060
0.00521790
0.00538030
0.00637240
0.00624310
0.00624240
0.00549060
0.00649120
0.00653160
0.00673890
0.00549230
0.00597800
0.00677470
0.00689100
0.00636860
0.00625850
0.00661990
0.00605670
0.00631230
0.00699930
0.00696150
0.00673370
0.00660000
0.00626180
0.00661920
0.00719360
0.00692620
0.00693510
0.00677250
0.00692220
0.00628030
0.00602010
0.00699440
0.00581850
0.00571130
0.00633750
0.00661880
0.00603680
0.00716240
0.00693400
0.00728960
0.00742880
