0.22630540
0.00599450
0.00610670
0.00582930
0.00646590
0.00630440
0.00602850
0.00565750
0.00574670
0.22383910
0.00614740
0.00574290
0.00618200
0.00575850
0.00603060
0.00652100
0.00600080
0.00605940
0.00600250
0.00639500
0.00615060
0.00614400
0.00614270
0.00626660
0.23389920
0.00722290
0.00710840
0.00733810
0.00713760
0.00737860
0.00759970
0.00723760
0.00687770
0.00700980
0.00724620
0.00728380
0.00719540
0.00729730
0.00749370
0.00725290
0.00734420
0.00753970
0.00764760
0.00732740
0.00756020
0.00804680
0.00759680
0.00750900
0.00799940
0.00749560
0.00761200
0.00778080
0.00765960
0.00753080
0.00783960
0.00780440
0.00776470
0.00780790
0.00769620
0.00738650
0.00773470
0.00789280
0.00745030
0.00751060
0.00736100
0.00735940
0.00763370
0.00773160
0.00768110
0.00777070
0.00758840
0.00768540
0.00787770
0.00744450
0.00712780
0.00790380
0.00796680
0.00770020
0.00791820
0.00784580
0.00780590
0.00793410
0.00811430
0.00799190
0.00814840
0.00818440
0.00885920
0.01763050
0.00964160
0.00789450
0.00816650
0.00815930
0.00794830
0.00826990
0.00832970
0.00899490
0.00793290
0.00809820
0.00790190
0.00790790
0.00798410
0.00824460
0.00756750
0.00831690
0.00808870
0.00841780
0.00781760
0.00773650
0.00829610
0.00802180
0.00858210
0.00784860
0.00854190
0.00821340
0.00807450
0.00781690
0.00770240
0.00842450
0.00811860
0.00825690
0.00862620
0.00865750
0.00819410
0.00830120
0.00821270
0.00823360
0.00812500
0.00780590
0.00807540
0.00809240
0.00817570
0.00825290
0.00795630
0.00827710
0.00807020
0.00827630
0.00843260
0.00823620
0.00825010
0.00836560
0.00870260
0.00825630
0.00847260
0.00831500
0.00847880
0.00840240
0.00832100
0.00844790
0.00819980
0.00823810
0.00851800
0.00803220
0.00819110
0.00838300
0.00815050
0.00808510
0.00865570
0.00849090
0.00825790
0.00846920
0.00832610
0.00847780
0.00802730
0.00832530
0.00837000
0.00842280
0.00852130
0.00841930
0.00821530
0.00809760
0.00820000
0.00919950
0.00876300
0.00858480
0.00823520
0.00841880
0.00859060
0.00849360
0.00832650
0.00846870
0.00840400
0.00807080
0.00820640
0.00836770
0.00841360
0.00882980
0.00929370
0.00975560
0.00954530
0.00938430
0.00846090
0.00948370
0.00934020
0.00920370
0.00913580
0.00911290
0.00931790
0.00925140
0.00876330
0.00908920
0.00868810
0.00841910
0.00873910
0.00869110
0.00883230
0.00849320
0.00905420
0.00820100
0.00866080
0.00890990
0.00877520
0.00838170
0.00888050
0.00894200
0.00891300
0.00882010
0.00838300
0.00887410
0.00908150
0.00813710
0.00869690
0.00911540
0.00884550
0.00887970
0.00856180
0.00856280
0.00856510
0.00809060
0.00854540
0.00880600
0.00853780
0.00889140
0.00912550
0.00825230
0.00890250
0.00900460
0.00865810
0.00885310
0.00890430
0.00887310
0.00898310
0.00901990
0.00897650
0.00922990
0.00881920
0.00869410
0.00920050
0.00892540
0.00887850
0.00904060
0.00884290
0.00857830
0.00868410
0.00882660
0.00879360
0.00860670
0.00887700
0.00865090
0.00897300
0.00898440
0.00899860
0.00904480
0.00893020
0.00885760
0.00854700
0.00884080
0.00887620
0.00855190
0.00858540
0.00874680
0.00854780
0.00854170
0.00893390
0.00891120
0.00857900
0.00915130
0.00884860
0.00882640
0.00889960
0.00898120
0.00886540
0.00919220
0.00891870
0.00887450
0.00855590
0.00857820
0.00858370
0.00867500
0.00880500
0.00864250
0.00890260
0.00903020
0.00887380
0.00843770
0.00886570
0.00857380
0.00874960
0.00880490
0.00841520
0.00825460
0.00859660
0.00856160
0.00822040
0.00856810
0.00874740
0.00857800
0.00871460
0.00860310
0.00842820
0.00870850
0.00900430
0.00884440
0.00847920
0.00877710
0.00859690
0.00859330
0.00864420
0.00894880
0.00833720
0.00862400
0.00852670
0.00878840
0.00871030
0.00829760
0.00840880
0.00822870
0.00856290
0.00860600
0.00822740
0.00859770
0.00859840
0.00853840
0.00875690
0.00888070
0.00885640
0.00877090
0.00867590
0.00851950
0.00955040
