0.22263640
0.00537290
0.00598650
0.00562750
0.00528990
0.00554700
0.00550610
0.00537220
0.00542210
0.00523020
0.00540750
0.00554360
0.00517860
0.00592230
0.00575480
0.00574980
0.00569070
0.00548260
0.00532800
0.00528150
0.00532870
0.00556850
0.00566080
0.00558330
0.00544200
0.00508640
0.00498840
0.00497970
0.00521390
0.00513000
0.00506050
0.00525420
0.00525970
0.00522730
0.00504900
0.00496850
0.00527180
0.00583470
0.00586500
0.00562720
0.00541680
0.00466630
0.00462980
0.00475660
0.00465100
0.00478350
0.00479870
0.00486230
0.00467870
0.00475140
0.00467400
0.00460460
0.00460120
0.00444090
0.00475360
0.00522780
0.00480350
0.00484900
0.00474880
0.00470980
0.00471170
0.00485950
0.00482900
0.00480410
0.00475740
0.00481140
0.00435670
0.00433700
0.00438590
0.00458970
0.00469780
0.00490190
0.00467660
0.00486540
0.00479870
0.00444920
0.00454370
0.00406440
0.00409430
0.00402060
0.00402620
0.00415240
0.00435280
0.00413430
0.00414500
0.00479080
0.00461970
0.00485380
0.00425960
0.00418080
0.00433990
0.00474280
0.00472310
0.00466100
0.00426600
0.00427790
0.00423320
0.00429210
0.00527460
0.00447030
0.00436600
0.00423180
0.00416030
0.00419890
0.00454420
0.00453330
0.00465620
0.00454770
0.00449020
0.00464780
0.00457550
0.00482430
0.00444450
0.00435930
0.00439860
0.00435410
0.00453590
0.00467500
0.00511940
0.00456390
0.00434520
0.00437530
0.00424740
0.00408990
0.00438700
0.00438720
0.00417220
0.00429960
0.00433810
0.00422220
0.00420230
0.00433520
0.00453260
0.00395130
0.00408060
0.00394050
0.00386670
0.00391440
0.00428040
0.00423890
0.00413470
0.00422990
0.00427430
0.00419400
0.00421140
0.00410220
0.00434680
0.00433770
0.00434170
0.00401690
0.00410950
0.00435210
0.00444840
0.00433960
0.00435810
0.00425540
0.00409220
0.00416310
0.00418100
0.00437320
0.00449390
0.00434810
0.00436250
0.00451750
0.00433210
0.00436400
0.00460720
0.00433760
0.00412400
0.00443390
0.00442280
0.00429390
0.00427440
0.00436800
0.00416850
0.00425350
0.00440890
0.00449480
0.00419420
0.00392090
0.00411810
0.00399920
0.00401720
0.00409530
0.00402410
0.00427940
0.00427190
0.00421360
0.00410120
0.00414420
0.00430140
0.00437180
0.00437980
0.00405860
0.00403650
0.00408460
0.00429680
0.00436350
0.00430060
0.00432120
0.00414160
0.00436610
0.00426220
0.00419560
0.00428910
0.00439440
0.00449500
0.00429860
0.00433410
0.00419530
0.00381070
0.00380420
0.00381840
0.00404990
0.00395700
0.00386710
0.00381180
0.00376520
0.00384210
0.00415000
0.00385340
0.00382620
0.00420210
0.00433520
0.00422370
0.00429470
0.00424410
0.00404880
0.00404110
0.00432460
0.00427890
0.00390910
0.00406890
0.00385590
0.00381980
0.00390520
0.00452230
0.00416150
0.00426770
0.00437200
0.00432420
0.00441540
0.00434200
0.00420570
0.00432050
0.00389030
0.00379740
0.00395690
0.00441770
0.00429620
0.00415600
0.00411200
0.00422100
0.00419930
0.00403150
0.00412780
0.00413470
0.00429550
0.00395920
0.00422780
0.00440810
0.00437390
0.00433850
0.00394060
0.00376850
0.00375850
0.00381490
0.00433130
0.00416640
0.00416000
0.00437800
0.00434300
0.00403310
0.00445040
0.00430030
0.00416680
0.00408470
0.00409120
0.00423100
0.00388250
0.00416500
0.00434240
0.00397120
0.00386940
0.00382120
0.00380980
0.00389610
0.00390060
0.00392590
0.00382890
0.00379690
0.00420570
0.00438890
0.00429630
0.00435710
0.00455400
0.00444530
0.00439610
0.00398750
0.00410960
0.00429930
0.00496550
0.00411050
0.00401920
0.00393980
0.00412320
0.00435810
0.00403160
0.00416380
0.00414870
0.00418470
0.00422580
0.00442900
0.00390810
0.00410960
0.00410030
0.00436940
0.00446900
0.00437550
0.00387370
0.00387270
0.00386390
0.00385160
0.00385710
0.00384110
0.00400560
