0.21911460
0.00570270
0.00505260
0.00512390
0.00551540
0.00499450
0.00533770
0.00532180
0.00532450
0.00496500
0.00490940
0.00505840
0.00487430
0.00492700
0.00468520
0.00504660
0.00462380
0.00494550
0.00479370
0.00464210
0.00467050
0.00519390
0.00513940
0.00436550
0.00493860
0.00464400
0.00495990
0.00467780
0.00473290
0.00486910
0.00481710
0.00484870
0.00456230
0.00497760
0.00495050
0.00463070
0.00457430
0.00440370
0.00441670
0.00440130
0.00455050
0.00479370
0.00494360
0.00437590
0.00468790
0.00494960
0.00482240
0.00479360
0.00485670
0.00492390
0.00473600
0.00442300
0.00445500
0.00486440
0.00474660
0.00468050
0.00465260
0.00471920
0.00483330
0.00473930
0.00471990
0.00467590
0.00633860
0.00493570
0.00470710
0.00493650
0.00478330
0.00471340
0.00497500
0.00434490
0.00453860
0.00477740
0.00498490
0.00491890
0.00489100
0.00463730
0.00478910
0.00449090
0.00511460
0.00552180
0.00538440
0.00530580
0.00556460
0.00569220
0.00566340
0.00558390
0.00561490
0.00570180
0.00570520
0.00520260
0.00522800
0.00560290
0.00550300
0.00570350
0.00556690
0.00573870
0.00532050
0.00517620
0.00590540
0.00506900
0.00505790
0.00515780
0.00537490
0.00466070
0.00473580
0.00475680
0.00469480
0.00457190
0.00436780
0.00428000
0.00480510
0.00474170
0.00446110
0.00432130
0.00446920
0.00438380
0.00438290
0.00431360
0.00440760
0.01028660
0.00477520
0.00471040
0.00462560
0.00461800
0.00513410
0.00535970
0.00505520
0.00491990
0.00510140
0.00502620
0.00461750
0.00482390
0.00501310
0.00524470
0.00516850
0.00518400
0.00514830
0.00508780
0.00500420
0.00508850
0.00511820
0.00509740
0.00512100
0.00520340
0.00498200
0.00485670
0.00483420
0.00476800
0.00483320
0.00565250
0.00539880
0.00488020
0.00473560
0.00466650
0.00476890
0.00463100
0.00491060
0.00444150
0.00472890
0.00495890
0.00478290
0.00493140
0.00489680
0.00496330
0.00495270
0.00496120
0.00443910
0.00435190
0.00448580
0.00474780
0.00455950
0.00488330
0.00508800
0.00527670
0.00520990
0.00512950
0.00488590
0.00484450
0.00532980
0.00530490
0.00535900
0.00460400
0.00463840
0.00455320
0.00469690
0.00489940
0.00542170
0.00524120
0.00509090
0.00481560
0.00489930
0.00481090
0.00523900
0.00479590
0.00473530
0.00463730
0.00479220
0.00471810
0.00486510
0.00471720
0.00490320
0.00463260
0.00489240
0.00487230
0.00542790
0.00549840
0.00527280
0.00512760
0.00511460
0.00488430
0.00500870
0.00486630
0.00481480
0.00511620
0.00530760
0.00517760
0.00509810
0.00484380
0.00481720
0.00486330
0.00500470
0.00521250
0.00523740
0.00515840
0.00531580
0.00542880
0.00541530
0.00535250
0.00523060
0.00506400
0.00554310
0.00532080
0.00456380
0.00463610
0.00455030
0.00449900
0.00492650
0.00471790
0.00507930
0.00502960
0.00516710
0.00511870
0.00544300
0.00532020
0.00541030
0.00499530
0.00494350
0.00479150
0.00557490
0.00513770
0.00491770
0.00505600
0.00495340
0.00517130
0.00509750
0.00481190
0.00482830
0.00469830
0.00466920
0.00503440
0.00508830
0.00457670
0.00458120
0.00476310
0.00475850
0.00477020
0.00487700
0.00502180
0.00537500
0.00483380
0.00507710
0.00529140
0.00518620
0.00524730
0.00530530
0.00503310
0.00589910
0.00557190
0.00551740
0.00561730
0.00566520
0.00538410
0.00503320
0.00552950
0.00537500
0.00544120
0.00530740
0.00506350
0.00575360
0.00558550
0.00554030
0.00563150
0.00531990
0.00538940
0.00548460
0.00542930
0.00545170
0.00531550
0.00541400
0.00519640
0.00513590
0.00525340
0.00539160
0.00532970
0.00552650
0.00555880
0.00550010
0.00534720
0.00535790
0.00555860
0.00551130
0.00536270
0.00535260
0.00528150
0.00532920
0.00513460
0.00525300
0.00558130
0.00502620
0.00501670
0.00525900
0.00523400
0.00507240
0.00495290
0.00484930
0.00488830
0.00533170
0.00516190
0.00492840
0.00494510
0.00521740
0.00541600
0.00536300
0.00574340
0.00493810
0.00503860
0.00495150
0.00472690
0.00511280
0.00469800
0.00454590
0.00496600
0.00491200
0.00480250
0.00532210
0.00574650
0.00544430
0.00524470
0.00512720
0.00523380
0.00514900
0.00499210
0.00497650
0.00534560
0.00537520
0.00000000
0.00000000
0.00000000
0.00000000
0.20028230
0.00515640
0.00495730
0.00494610
0.00462500
0.00455840
