0.21090230
0.00568640
0.00622840
0.00632630
0.00616440
0.00618860
0.00688950
0.00644840
0.00591270
0.00671560
0.00654410
0.00651160
0.00604040
0.00609770
0.00603860
0.00607170
0.00640340
0.00628520
0.00607230
0.00586050
0.00608420
0.00670390
0.00601140
0.00642520
0.00611030
0.00648210
0.00580200
0.00656670
0.00618530
0.00618690
0.00596380
0.00641730
0.00628260
0.00614860
0.00600040
0.00615050
0.00618230
0.00619960
0.00611630
0.00602840
0.00595480
0.00591720
0.00612730
0.00613760
0.00672410
0.00608920
0.00650460
0.00576140
0.00598600
0.00606270
0.00587020
0.00628520
0.00598460
0.00584560
0.00625360
0.00588890
0.00558780
0.00610220
0.00600460
0.00555970
0.00585460
0.00585320
0.00553530
0.00591610
0.00609770
0.00605310
0.00615100
0.00576060
0.00585160
0.00611470
0.00577950
0.00591720
0.00603300
0.00611340
0.00577060
0.00609290
0.00613420
0.00597280
0.00631560
0.00652080
0.00653760
0.00647360
0.00636650
0.00627600
0.00616530
0.00601120
0.00618160
0.00644300
0.00646760
0.00607490
0.00639460
0.00638100
0.00632660
0.00611380
0.00596530
0.00602400
0.00645410
0.00618940
0.00607620
0.00627830
0.00626990
0.00606610
0.00598280
0.00611530
0.00611120
0.00636020
0.00642350
0.00611430
0.00585060
0.00632390
0.00589450
0.00640080
0.00607480
0.00596920
0.00588790
0.00664690
0.00597430
0.00622820
0.00613780
0.00622850
0.00627660
0.00580690
0.00591430
0.00645910
0.00669700
0.00707880
0.00628810
0.00657730
0.00673950
0.00638860
0.00695740
0.00649140
0.00660670
0.00607610
0.00652500
0.00663280
0.00647610
0.00637170
0.00652900
0.00653060
0.00643880
0.00603380
0.00602300
0.00648770
0.00640310
0.00598930
0.00607650
0.00664240
0.00676260
0.00687400
0.00677980
0.00714880
0.00646780
0.00578510
0.00605260
0.00640230
0.00596030
0.00599830
0.00686320
0.00677630
0.00666310
0.00665400
0.00601490
0.00627490
0.00609070
0.00659640
0.00615860
0.00631980
0.00620910
0.00630170
0.00579680
0.00624230
0.00644830
0.00644710
0.00664530
0.00673110
0.00662260
0.00616650
0.00665700
0.00697880
0.00667990
0.00659830
0.00623840
0.00599100
0.00638450
0.00640440
0.00620300
0.00690330
0.00664880
0.00665370
0.00662910
0.00673900
0.00623130
0.00576510
0.00638810
0.00602980
0.00594270
0.00621060
0.00613360
0.00693480
0.00675790
0.00685870
0.00715980
0.00686120
0.00673750
0.00659020
0.00598550
0.00642880
0.00608000
0.00613080
0.00639080
0.00629490
0.00676730
0.00614310
0.00684890
0.00636130
0.00675530
0.00639430
0.00618040
0.00689080
0.00627090
0.00632060
0.00622530
0.00594000
0.00637840
0.00636350
0.00655210
0.00643610
0.00655310
0.00646650
0.00650120
0.00653440
0.00610240
0.00631530
0.00632610
0.00630330
0.00619960
0.00627860
0.00612130
0.00609970
0.00637280
0.00635630
0.00630940
0.00674380
0.00614610
0.00659260
0.00604660
0.00659800
0.00613980
0.00655890
0.00645200
0.00642900
0.00591560
0.00599080
0.00639980
0.00628140
0.00632360
0.00615430
0.00668990
0.00643110
0.00641050
0.00629970
0.00636310
0.00688340
0.00693000
0.00680360
0.00653120
0.00636790
0.00647560
0.00649190
0.00631070
0.00645880
0.00602050
0.00656870
0.00656700
0.00670150
0.00597960
0.00661440
0.00640790
0.00596610
0.00638610
0.00651010
0.00621880
0.00679600
0.00611190
0.00686700
0.00692220
0.00663160
0.00686440
0.00683670
0.00726390
0.00707010
0.00689310
0.00640680
0.00613290
0.00705880
0.00642070
0.00663290
0.00674020
0.00658100
0.00662840
0.00654870
0.00605480
0.00627030
0.00637310
0.00651050
0.00646940
0.00624880
0.00613850
0.00610220
0.00664620
0.00648200
0.00651420
0.00611330
0.00636590
0.00609680
0.00643730
0.00585280
0.00579280
0.00620660
0.00618320
0.00617970
0.00618310
0.00625790
0.00631400
0.00625970
0.00626770
0.00617570
0.00612320
0.00623140
0.00636700
0.00618990
0.00659640
0.00631150
0.00626000
0.00620300
0.00617870
0.00612410
0.00655940
0.00634450
0.00604170
0.00624280
0.00635550
0.00633790
0.00664280
0.00637760
0.00651750
0.00679890
0.00660940
0.00678030
0.00642930
0.00669580
0.00621220
0.00657910
0.00591390
0.00596730
0.00640920
0.00649840
0.00612910
0.00661920
0.00622140
0.00627530
0.00635510
0.00641150
0.00656970
0.00623210
0.00652540
0.00598010
0.00597650
0.00593200
0.00595150
0.00610530
0.00597850
0.00608730
0.00638880
0.00649320
0.00687930
0.00695580
0.00641530
0.00638350
0.00646820
0.00651370
0.00647030
0.00666840
0.00691590
0.00661050
0.00693330
0.00609880
0.00623350
0.00629120
0.00649090
0.00635380
0.00662050
0.00652270
0.00656430
0.00623430
0.00644630
0.00647220
0.00697770
0.00624340
0.00639200
0.00617860
0.00649470
0.00685590
0.00645520
0.00621260
0.00671020
0.00615620
0.00658630
0.00649020
0.00624750
0.00634970
0.00650800
0.00673730
0.00643190
0.00686080
0.00632980
0.00633310
0.00650140
0.00639840
0.00624210
0.00645040
0.00586450
0.00649250
0.00657400
0.00664630
0.00663130
0.00637090
0.00630590
0.00657080
0.00614450
0.00639440
0.00620090
0.00632780
0.00601790
0.00665590
0.00623840
0.00646430
0.00604550
0.00593950
0.00627440
0.00651730
0.00638050
0.00653240
0.00651560
0.00660610
0.00685260
0.00684160
0.00683520
0.00638780
0.00668940
0.00638560
0.00598850
0.00609820
0.00630890
0.00618940
0.00606790
0.00633890
0.00671330
0.00655330
0.00700260
0.00678210
0.00605860
0.00625800
0.00653820
0.00592030
0.00603180
0.00613900
0.00619600
0.00634510
0.00642150
0.00645560
0.00630050
0.00580960
0.00610810
0.00602940
0.00609030
0.00604700
0.00636300
0.00651690
0.00640430
0.00647620
0.00654200
0.00604860
0.00608110
0.00627980
0.00596470
0.00582830
0.00600530
0.00617100
0.00626660
0.00633980
0.00645720
0.00648890
0.00597120
0.00616980
0.00662400
0.00647270
0.00644660
0.00605870
0.00659440
0.00614130
0.00640600
0.00624600
0.00621760
0.00583150
0.00599290
0.00618170
0.00591490
0.00638370
0.00611570
0.00611250
0.00607280
0.00616000
0.00667680
0.00630550
0.00635270
0.00639280
0.00626860
0.00598240
0.00637640
0.00624830
0.00601240
0.00624480
0.00611520
0.00582430
0.00640650
0.00609410
0.00637800
0.00597580
0.00588580
0.00635080
0.00616750
0.00616240
0.00624850
0.00629090
0.00662710
0.00654920
0.00615140
0.00594950
0.00607390
0.00623520
0.00634050
0.00643480
0.00596510
0.00607530
0.00620890
0.00615950
0.00611150
0.00591880
0.00594290
0.00611470
0.00611150
0.00576890
0.00617440
0.00604660
0.00636790
0.00639080
0.00618930
0.00604270
0.00664170
0.00648140
0.00621720
0.00588440
0.00643200
0.00623440
0.00626330
0.00629670
0.00607140
0.00614580
0.00612820
0.00597950
0.00605870
0.00593550
0.00598810
0.00636570
0.00633840
0.00631170
0.00610240
0.00586890
0.00606950
0.00610370
0.00622270
0.00639780
0.00624630
0.00645480
0.00608320
0.00582650
0.00655260
0.00586320
0.00633420
0.00607160
0.00622870
0.00648500
0.00649110
0.00596800
0.00644950
0.00570710
0.00637920
0.00611880
0.00642400
0.00615170
0.00623790
0.00621550
0.00604020
0.00620420
0.00623550
0.00633270
0.00608770
0.00619750
0.00640290
0.00627580
0.00652700
0.00630390
0.00633520
0.00627280
0.00601520
0.00603450
0.00575370
0.00621480
0.00600370
0.00593190
0.00617080
0.00626390
0.00628070
0.00637410
0.00666250
0.00621120
0.00636230
0.00581760
0.00648540
0.00656190
0.00624470
0.00641310
0.00608970
0.00626620
0.00641740
0.00631670
0.00633560
0.00631950
0.00649320
0.00585820
0.00645350
0.00657650
0.00653900
0.00638820
0.00616610
0.00653550
0.00630320
0.00620390
0.00644910
0.00626010
0.00586980
0.00589300
0.00632500
0.00623090
0.00626500
0.00650300
0.00622600
0.00619710
0.00608930
0.00651800
0.00640620
0.00612670
0.00602410
0.00670410
0.00646290
0.00628020
0.00654610
0.00658060
0.00668660
0.00636620
0.00652870
0.00633090
0.00645160
0.00641660
0.00618400
0.00601620
0.00618670
0.00585030
0.00654060
0.00641200
0.00622500
0.00640990
0.00624660
0.00614710
0.00610130
0.00627690
0.00578010
0.00600900
0.00599990
0.00599780
0.00634840
0.00635780
0.00649700
0.00643830
0.00612550
0.00586510
0.00612380
0.00624620
0.00602170
0.00585170
0.00564780
0.00610590
0.00574140
0.00657190
0.00581660
0.00597450
0.00591780
0.00599570
0.00622900
0.00607820
0.00613190
0.00597320
0.00613950
0.00637050
0.00596010
0.00634140
0.00626230
0.00633170
0.00605140
0.00622600
0.00601240
0.00621350
0.00599980
0.00563960
0.00609770
0.00630080
0.00648120
0.00655540
0.00639610
0.00648850
0.00631530
0.00625080
0.00589670
0.00599070
0.00603130
0.00626560
0.00622740
0.00611150
0.00625750
0.00613750
