1
134.80,26.69,32.32,123.37
135.68,26.39,33.23,121.86
134.44,25.63,33.89,120.79
134.33,26.21,34.29,120.76
133.00,26.41,34.71,120.29
132.10,27.16,35.00,120.28
130.77,28.09,35.17,120.21
131.28,28.32,35.23,120.31
130.09,28.54,35.28,120.14
129.39,28.15,35.29,120.31
129.31,30.45,35.17,120.31
129.05,29.16,34.95,120.83
128.47,30.71,35.04,120.72
129.16,31.04,35.02,120.37
127.53,32.06,35.32,119.23
126.82,32.22,35.32,119.37
126.27,33.11,35.32,119.57
127.18,33.32,35.29,119.63
126.94,32.07,35.28,119.63
127.29,31.72,35.20,119.60
128.03,31.38,35.12,119.28
127.37,30.14,35.03,119.28
128.26,29.44,34.94,119.78
129.29,30.23,35.01,119.58
129.29,29.85,34.84,119.40
130.00,29.98,34.78,119.41
129.93,30.01,34.94,119.56
131.12,29.90,34.85,119.82
130.99,30.31,34.90,119.64
132.30,31.20,34.88,119.82
131.61,30.83,34.89,119.49
132.26,31.85,34.92,120.03
132.69,32.63,34.95,119.95
131.75,32.54,35.12,119.31
131.11,33.78,35.04,119.41
130.38,33.73,35.03,119.51
130.18,33.86,34.89,119.72
129.19,33.74,34.83,119.40
128.21,34.83,34.95,119.39
128.31,33.51,34.87,119.56
127.13,34.51,34.89,119.36
127.73,34.70,34.70,119.11
127.48,33.76,34.83,118.85
127.58,34.29,34.73,119.40
128.19,35.15,34.81,119.39
128.04,35.16,34.87,119.67
128.73,35.49,34.75,119.60
127.77,35.54,34.70,119.72
128.20,37.02,34.68,119.84
127.53,36.20,34.64,119.75
128.03,37.09,34.67,119.59
127.46,36.50,34.73,119.56
126.85,36.41,34.80,119.66
127.45,37.03,34.74,119.65
126.62,36.37,34.71,119.38
127.26,35.85,34.65,119.01
126.19,36.31,34.71,118.82
126.34,35.60,34.62,119.34
127.21,35.26,34.51,119.60
127.76,34.63,34.50,119.58
127.77,34.11,34.49,119.60
127.94,34.97,34.48,119.61
128.80,34.43,34.37,119.08
129.32,35.34,34.69,118.08
130.44,36.63,34.64,117.09
131.30,36.92,34.62,116.02
131.85,36.89,34.71,115.17
132.34,38.23,35.03,113.85
133.14,38.48,35.16,112.45
133.48,39.02,35.76,111.64
132.77,40.23,36.33,110.51
132.21,41.18,36.84,109.81
130.73,41.56,37.48,109.35
129.15,41.50,38.06,108.47
127.82,43.15,38.52,108.22
124.22,40.23,39.17,107.48
120.58,39.97,39.92,106.96
116.67,39.16,40.30,106.62
111.35,38.98,40.85,105.93
104.81,37.15,41.59,105.72
99.68,36.72,42.18,105.78
94.76,35.68,42.47,106.52
91.05,36.07,42.54,106.04
88.94,36.32,42.85,105.46
86.53,36.45,43.69,103.24
84.77,37.64,44.06,100.50
83.49,37.68,44.16,98.36
83.02,40.47,44.02,95.45
81.73,44.87,42.97,93.09
80.44,45.88,41.70,90.52
84.42,44.81,42.04,88.34
80.88,45.71,43.02,85.66
77.16,46.28,42.48,82.78
74.61,46.46,41.99,80.93
70.03,43.83,41.94,79.19
68.10,43.72,41.72,77.04
62.81,43.16,41.70,76.05
52.73,42.29,41.78,74.76
49.07,42.97,41.89,73.30
38.82,42.62,42.02,72.36
33.28,44.20,41.69,72.43
28.39,44.99,41.55,72.16
18.86,44.81,41.27,71.36
9.98,45.21,40.98,71.50
6.59,45.50,40.76,71.44
-2.19,44.70,39.92,71.27
-6.09,45.78,38.35,71.47
-7.85,44.59,36.39,72.24
50.95,29.42,36.16,71.34
41.96,28.14,35.92,70.66
39.20,27.07,35.88,69.22
30.18,26.09,35.59,68.06
21.40,24.40,35.12,66.95
13.85,22.38,34.44,66.16
4.61,15.59,34.38,66.11
4.61,15.59,34.38,66.11
-2.52,26.05,32.14,67.16
-3.22,-0.09,31.41,66.63
-2.22,-1.55,31.41,66.63
43.79,-6.72,34.09,62.93
34.25,-5.54,36.25,59.73
24.87,-4.91,37.54,57.67
9.11,-3.54,39.08,55.74
4.55,-2.79,40.41,53.99
-2.78,1.45,37.83,55.59
-3.93,3.80,35.46,56.98
1.91,-1.27,35.82,56.40
-0.07,2.38,34.15,56.43
-5.17,0.81,31.80,56.16
4.12,-10.60,33.47,53.37
7.69,-11.51,35.12,51.08
5.88,-10.48,37.24,48.00
2.70,-5.64,37.51,46.70
-0.12,-6.04,37.51,46.52
-7.78,13.32,35.42,48.03
-7.78,13.32,35.42,48.03
-4.98,14.01,33.17,50.42
-5.81,-0.30,30.82,53.14
-7.09,-2.64,29.96,54.24
5.84,-18.93,32.37,51.43
8.30,-18.50,35.19,48.91
10.92,-15.21,38.68,45.70
9.26,-15.30,41.86,43.12
8.03,-15.06,44.06,41.44
18.70,-13.40,48.17,38.20
11.50,-11.26,52.87,34.92
5.54,-8.29,57.39,31.69
0.28,-6.20,60.13,29.83
-3.67,-5.74,61.41,29.25
-6.09,-4.30,61.31,29.18
-4.89,-5.32,60.54,29.35
-1.19,-1.28,60.87,29.34
-3.37,-2.46,60.90,29.69
-4.14,-3.50,60.68,30.02
0.70,-3.74,62.44,29.57
1.05,-1.06,63.66,29.95
-2.61,-3.05,63.69,30.32
-3.92,-3.36,64.50,30.28
-3.28,-3.26,64.95,30.02
-3.59,-3.32,65.65,29.67
-4.59,-3.41,65.49,29.33
-4.94,-3.47,65.49,29.16
-1.49,-5.46,67.67,27.64
-1.65,-6.89,69.04,26.48
-1.65,-6.89,69.04,26.48
-3.97,-2.38,69.67,26.05
-5.54,-0.42,69.07,25.69
-7.35,-1.20,67.54,25.29
-11.39,-1.34,65.80,25.44
-8.79,2.18,64.23,26.18
-8.60,0.49,63.45,26.58
-9.35,-1.03,62.98,27.70
-7.53,-1.06,62.36,28.69
-6.56,-1.24,61.96,29.38
-5.31,-1.61,61.67,30.12
-6.81,-1.07,60.84,30.70
-6.38,-1.20,60.04,31.35
-6.08,-1.57,59.74,31.40
-5.71,-2.97,58.96,31.42
-5.82,-3.30,58.47,31.16
-5.08,-3.27,58.19,30.50
-4.97,-3.50,58.39,29.63
-4.34,-3.16,58.39,28.83
-4.31,-3.25,58.38,28.07
-4.79,-3.19,58.15,27.17
-5.08,-3.03,57.90,26.31
-4.58,-3.08,57.24,25.58
-4.60,-3.48,56.50,24.75
-5.00,-2.86,55.83,23.94
-5.27,-3.09,54.82,23.20
-5.35,-3.60,54.11,22.32
-5.20,-3.34,53.27,21.65
-5.16,-3.46,52.63,20.96
-5.28,-3.42,51.86,20.36
-5.53,-3.15,50.73,19.83
-6.03,-3.45,49.67,19.32
-6.34,-3.35,48.07,18.94
-6.62,-3.28,46.44,18.61
-5.10,-3.24,45.34,18.28
-6.11,-2.83,44.12,17.95
-5.98,-2.47,42.92,17.65
-5.65,-2.40,41.81,17.38
-5.61,-2.23,40.59,17.12
-5.61,-1.78,39.33,16.94
-5.62,-0.53,38.38,16.64
-6.03,-1.51,37.32,16.27
-5.11,0.13,36.17,16.14
-3.92,-1.07,35.28,15.95
-4.80,-1.18,33.98,16.43
-4.63,-1.50,32.69,16.76
-3.96,-1.19,31.67,16.73
-3.49,-1.35,30.91,16.79
-3.48,-1.30,30.22,16.68
-3.77,-1.30,29.77,16.59
-3.58,-0.99,29.51,16.41
-3.28,-1.12,29.19,16.46
-3.05,-1.44,29.08,16.52
-2.90,-1.04,29.11,16.45
-2.85,-1.21,29.18,16.52
-3.02,-1.11,29.28,16.56
-3.10,-1.05,29.35,16.61
-2.12,-1.03,29.62,16.65
-1.30,-1.36,29.84,16.76
-2.35,-1.48,29.97,16.84
-3.23,-1.24,30.03,16.66
-2.34,-1.32,30.27,16.53
-2.30,-1.50,30.30,16.44
-2.27,-1.73,30.44,16.30
-3.25,0.22,30.63,16.51
-2.18,-0.44,30.86,16.53
-3.42,-0.57,31.04,16.30
-2.59,-0.94,31.09,16.19
-1.67,-1.20,31.22,16.06
-2.54,-0.96,31.16,15.79
-3.53,-1.11,30.98,15.72
-3.48,-1.11,30.37,15.52
-3.77,-1.48,29.99,15.38
-4.09,-1.56,29.40,15.20
-2.55,-1.75,29.35,14.93
-3.48,-1.71,28.89,14.73
-1.96,-1.44,28.86,14.44
-2.87,-1.65,28.33,14.37
-3.32,-1.63,27.75,14.23
-3.29,-1.59,27.03,14.15
-2.62,-0.21,26.72,14.30
-3.22,-1.18,25.92,14.48
-3.23,-1.36,25.41,14.37
-2.95,-1.20,24.85,14.15
-2.77,-1.05,24.28,13.99
-2.09,-1.28,23.87,13.89
-2.01,-1.15,23.37,13.73
-1.93,-1.07,22.97,13.59
-2.47,-1.33,22.70,13.51
-2.22,-0.93,22.40,13.20
-2.24,-1.12,22.03,13.18
-2.27,-0.77,21.67,12.91
-2.92,-0.99,21.23,12.83
-2.81,-0.32,20.27,13.29
-2.55,0.15,19.36,13.68
-3.06,0.31,18.50,14.22
-2.39,-0.37,18.16,14.61
-2.55,-0.23,17.42,14.84
-1.48,-0.44,17.30,14.89
-1.86,-0.65,16.89,14.96
-1.85,0.52,16.45,15.22
-1.68,-0.23,16.14,15.37
0.27,-0.35,16.59,15.18
1.70,-0.63,17.35,15.07
1.31,-1.01,17.91,14.98
0.47,-0.94,18.38,14.84
-0.25,-0.39,18.70,14.80
0.25,-0.54,18.83,14.87
0.55,-0.28,18.96,14.85
-0.44,-0.36,19.13,15.01
0.59,-0.26,19.10,15.10
1.18,-0.37,19.01,15.18
-0.03,-0.19,19.01,15.24
1.03,0.00,19.11,15.33
-0.22,-0.43,19.12,15.53
-0.24,-0.21,19.23,15.65
-0.10,-0.07,19.30,15.74
-0.30,-0.51,19.28,15.93
0.76,-0.10,19.41,15.86
0.54,-0.51,19.57,16.03
-0.07,-0.46,19.67,16.13
0.74,-0.25,19.79,16.05
1.19,-0.20,19.92,16.09
0.55,-0.59,20.08,16.29
0.24,-0.77,20.27,16.50
1.12,-0.56,20.39,16.48
1.69,-0.69,20.51,16.65
2.22,-0.90,20.61,16.75
2.46,-0.73,20.80,16.77
1.24,-0.60,21.21,16.80
-3.64,-0.57,20.24,17.15
-2.26,-0.98,19.92,17.39
-2.48,-0.60,19.19,17.45
-3.03,-0.99,18.54,17.65
-1.69,-1.00,18.23,17.63
-1.77,-0.99,17.76,17.71
-2.45,-0.58,17.50,17.62
-1.45,-0.89,17.51,17.48
-1.66,-1.09,17.35,17.43
-2.38,-1.15,17.34,17.23
-2.07,-1.12,17.21,17.14
-2.17,-0.63,17.19,16.85
-1.25,-0.81,16.93,16.89
-1.84,-0.98,17.10,16.66
-1.34,-1.06,17.10,16.53
-1.49,-1.11,17.25,16.40
-1.25,-0.98,17.34,16.13
-0.18,-0.74,17.34,15.92
-0.13,-0.48,17.55,15.65
-0.84,-0.12,17.88,15.44
-0.01,-0.64,17.92,15.45
-0.34,-0.43,18.20,15.29
-0.68,-0.19,18.53,15.17
-0.23,-0.16,18.70,15.21
-0.80,-0.11,19.05,15.20
-0.96,0.13,19.27,15.19
-0.72,-0.35,19.40,15.33
-0.13,-0.36,19.58,15.42
-0.50,-0.08,19.83,15.36
0.13,-0.45,19.93,15.54
-0.18,-0.44,20.02,15.72
1.29,-0.48,20.23,15.82
0.84,-0.16,20.55,15.82
0.67,-0.72,21.02,15.96
0.14,-0.39,21.50,16.20
-0.45,-0.57,21.86,16.40
-1.87,-0.84,21.63,16.76
-1.17,-1.06,21.49,16.70
-1.32,-0.80,21.34,16.58
0.60,-0.36,21.61,16.46
-1.59,-0.81,21.52,16.42
-1.77,0.37,21.52,16.55
-1.57,-0.41,21.35,16.57
0.29,-0.46,21.33,16.50
-0.51,-0.33,21.31,16.55
-0.55,-0.20,21.33,16.94
-1.87,-0.53,20.97,17.34
-2.83,-0.79,20.58,17.61
-0.55,-0.17,20.40,17.54
-2.06,-1.18,20.26,17.79
-0.67,-1.08,20.30,17.78
0.07,-1.24,20.53,17.52
0.12,-1.11,20.69,17.24
-0.30,-1.01,20.93,17.07
-0.83,-0.81,20.65,17.30
-0.20,-0.93,20.61,17.35
-1.18,-0.95,20.83,17.26
-0.73,-0.98,20.90,17.09
-0.93,-1.11,20.80,16.89
-1.64,-0.56,20.35,16.87
-1.21,-1.41,20.63,16.73
-0.82,-0.97,20.77,16.34
-0.80,-0.94,21.05,16.19
0.18,-1.25,21.57,15.64
-0.47,-0.96,21.28,15.59
-1.42,-0.31,21.20,15.50
-2.00,0.16,20.45,15.84
-2.10,0.63,19.98,16.18
-1.73,0.00,19.63,16.26
0.41,0.10,19.64,16.51
0.48,0.29,20.17,16.40
0.55,0.38,20.35,16.59
-2.19,-0.02,19.86,17.05
-1.48,-0.27,19.99,17.13
-1.51,-0.44,20.09,16.77
-0.39,-0.88,20.39,16.72
-1.06,-0.32,20.47,16.81
-0.45,-0.30,20.78,16.99
-1.06,-1.06,21.19,17.07
0.53,-0.05,21.69,17.06
-1.75,0.12,21.35,17.20
-0.22,-0.22,21.30,17.18
0.38,-2.90,22.49,16.05
0.52,-3.02,23.81,15.10
-1.88,-0.87,23.07,15.50
-0.41,-0.64,23.14,15.44
-0.84,-0.90,23.29,15.66
-1.89,-0.81,23.08,16.03
-2.70,-0.14,22.63,16.37
-1.91,-0.04,22.35,16.68
-1.03,0.14,22.54,16.73
-0.66,0.13,23.00,16.78
-0.14,-0.05,23.38,16.85
0.85,-0.03,23.76,16.96
0.91,-0.54,25.08,16.17
0.77,-0.72,26.25,15.56
0.59,-1.10,27.22,15.27
-1.63,1.22,26.64,16.35
-1.54,1.01,26.17,17.13
-1.09,0.96,25.83,17.95
-1.19,0.69,25.68,18.71
-1.08,0.07,25.73,19.39
-1.08,1.39,25.63,20.26
-1.23,0.51,25.62,20.83
-1.30,-0.04,25.83,21.17
-1.59,1.21,25.90,21.86
0.16,0.11,26.47,22.27
-0.65,-0.86,27.10,22.37
-0.72,0.89,27.28,22.67
-1.17,-0.31,27.59,22.85
-1.55,-1.21,27.91,22.91
-1.80,-1.41,28.08,22.89
-1.80,-1.41,28.08,22.89
0.20,2.52,27.11,23.76
-0.54,1.81,26.43,24.46
-1.08,2.35,26.01,25.31
5.54,3.75,25.74,26.03
7.98,5.13,25.72,26.49
10.77,5.60,25.45,26.98
12.91,4.49,25.52,27.36
14.95,5.98,25.44,27.41
16.95,4.61,25.50,27.72
19.16,5.92,25.57,27.75
20.81,5.34,25.86,27.75
22.86,4.41,25.98,27.80
24.59,5.06,26.28,27.76
26.10,4.79,26.40,27.74
27.89,4.48,26.50,27.70
29.10,4.20,26.75,27.63
30.88,3.48,26.90,27.62
32.59,3.58,26.90,27.68
31.81,3.19,27.00,27.68
34.04,3.14,27.03,27.54
35.31,3.36,27.20,27.56
34.08,3.18,27.08,27.49
35.48,3.81,27.08,27.46
36.32,3.61,27.11,27.49
34.97,3.41,26.85,27.51
36.33,3.36,26.91,27.33
37.61,3.04,27.14,27.35
35.89,3.21,27.08,27.36
37.03,3.16,27.14,27.28
38.24,2.94,27.18,27.22
36.97,2.63,27.36,26.99
39.09,1.97,27.20,26.91
40.15,1.88,27.26,26.78
41.20,1.55,27.35,26.66
42.59,0.84,27.33,26.55
44.11,0.40,27.29,26.25
45.23,0.33,27.17,26.09
46.54,0.29,27.08,26.00
47.99,0.80,27.13,25.85
49.08,1.05,26.91,25.98
50.27,1.28,26.88,26.04
52.30,2.36,26.71,26.21
53.28,2.59,26.64,26.29
54.76,2.42,26.45,26.57
56.05,2.69,26.35,26.82
54.75,2.48,26.26,26.93
57.37,4.02,25.97,26.72
58.68,3.18,26.12,26.87
57.06,3.13,26.12,26.93
58.21,3.04,26.30,26.85
59.35,4.00,26.41,26.91
57.59,3.64,26.49,26.68
58.46,3.49,26.40,26.91
59.49,3.89,26.44,27.14
60.30,3.91,26.51,27.08
58.73,3.65,26.40,27.21
60.00,3.46,26.40,27.16
58.46,3.29,26.41,27.10
59.96,3.95,26.50,27.18
60.70,3.14,26.84,27.34
59.11,3.29,26.96,27.42
60.36,2.21,27.01,27.53
60.87,2.79,27.31,27.49
58.64,2.05,27.26,27.51
59.63,1.90,27.38,27.54
57.72,1.82,27.40,27.43
58.86,1.68,27.34,27.54
57.90,3.27,27.34,27.52
56.52,2.64,27.49,27.52
57.87,2.84,27.58,27.76
56.37,2.54,27.62,27.81
57.77,2.83,27.67,28.07
55.96,2.78,27.66,28.16
57.25,2.81,27.80,28.29
56.20,4.30,27.81,28.30
54.84,3.49,28.00,28.45
56.69,3.95,28.10,28.75
54.97,4.11,28.34,29.11
56.26,3.98,28.61,29.37
54.70,4.30,28.67,29.63
55.56,4.31,29.08,29.95
53.59,4.56,29.42,29.98
54.58,4.79,29.67,30.15
52.78,5.81,29.47,30.30
51.75,5.79,29.47,30.27
52.75,5.44,29.67,30.61
50.89,5.17,29.72,30.74
51.76,5.48,29.89,30.88
50.31,5.60,29.84,30.96
49.35,5.20,29.74,31.09
51.42,5.54,29.70,31.44
50.33,5.04,29.53,31.57
49.30,5.25,29.61,31.51
48.61,4.60,29.56,31.61
50.35,4.66,29.79,31.61
48.75,4.72,29.93,31.44
47.34,4.66,29.98,31.46
49.17,4.45,30.17,31.48
47.54,4.22,30.37,31.54
46.45,4.40,30.47,31.57
48.50,4.10,30.60,31.56
47.08,3.76,30.52,31.83
48.91,3.32,30.65,32.09
47.68,3.11,30.72,32.04
46.86,2.50,30.97,31.99
49.02,2.71,31.00,32.09
48.54,1.44,30.90,32.12
51.54,0.80,30.91,32.08
50.57,-0.11,31.07,31.98
53.39,-0.26,30.83,31.69
52.41,-1.60,30.86,31.43
55.29,-0.80,30.88,31.21
54.34,-1.39,30.90,30.94
57.09,-1.50,30.71,30.84
56.23,-2.23,30.62,30.68
58.67,-1.02,30.39,30.51
58.57,-1.80,30.12,30.53
57.52,-1.11,30.04,30.33
59.69,-0.70,29.86,30.35
59.50,-0.93,29.69,30.55
58.95,-0.99,29.62,30.59
58.82,-1.59,29.47,30.65
58.07,-1.16,29.51,30.72
57.57,-1.22,29.47,30.82
57.17,-1.77,29.36,30.88
56.54,-2.06,29.42,30.88
55.78,-1.60,29.37,30.62
55.17,-1.79,29.35,30.62
54.57,-2.04,29.32,30.61
53.93,-2.17,29.37,30.51
56.25,-2.01,29.46,30.44
55.72,-2.27,29.52,30.53
55.15,-1.44,29.43,30.32
55.13,-2.58,29.42,30.32
57.94,-2.37,29.44,30.23
57.39,-2.58,29.59,30.15
59.83,-1.06,29.56,29.95
59.36,-1.85,29.54,30.14
58.98,-2.13,29.50,29.98
59.15,-2.72,29.43,29.86
61.80,-1.95,29.39,29.50
61.34,-1.88,29.34,29.40
61.39,-2.81,29.19,29.30
61.49,-2.73,28.99,28.99
61.92,-2.44,28.76,28.71
62.19,-2.59,28.54,28.49
62.01,-2.19,28.33,28.28
62.20,-2.43,28.18,28.17
61.78,-1.90,28.04,27.99
61.93,-2.20,27.64,28.09
61.62,-1.89,27.49,28.03
61.40,-2.01,27.33,28.24
61.16,-1.48,27.17,28.25
61.01,-1.33,27.03,28.55
60.77,-1.29,26.83,28.92
60.72,-1.32,26.64,29.26
60.66,-1.21,26.55,29.43
61.00,-1.85,26.47,29.66
60.28,-0.72,26.55,29.58
