0.26793760
0.02345420
0.01579680
0.01626100
0.01579930
0.01598000
0.01623760
0.01551480
0.01584940
0.01603480
0.01599100
0.01580180
0.01619470
0.01604070
0.01461560
0.00511630
0.00492450
0.00492200
0.00474140
0.00482690
0.00500420
0.00499350
0.00487170
0.00526830
0.00509560
0.00525010
0.00488430
0.00495950
0.00519030
0.00549740
0.00533060
0.00523260
0.00530700
0.00506410
0.00518320
0.00538710
0.00497650
0.00521140
0.00528670
0.00488960
0.00488600
0.00473700
0.00521400
0.00480070
0.00477260
0.00476010
0.00506620
0.00460640
0.00455060
0.00454860
0.00429290
0.00443700
0.00477350
0.00431670
0.00458800
0.00442880
0.00497270
0.00466870
0.00469890
0.00476560
0.00476840
0.00436110
0.00443230
0.00442670
0.00424460
0.00457570
0.00481030
0.00449530
0.00435660
0.00460040
0.00442050
0.00439350
0.00445930
0.00412350
0.00448660
0.00472250
0.00453390
0.00468350
0.00453190
0.00451070
0.00457220
0.00439380
0.00445550
0.00451760
0.00456250
0.00516400
0.00456460
0.00444110
0.00440050
0.00422190
0.00414080
0.00431450
0.00430920
0.00423390
0.00446690
0.00400930
0.00426510
0.00455410
0.00426980
0.00435420
0.00436550
0.00409350
0.00434360
0.00457400
0.00428290
0.00437140
0.00445680
0.00445040
0.00433850
0.00393610
0.00392460
0.00444260
0.00414910
0.00444400
0.00437810
0.00423400
0.20471200
0.00436960
0.00423620
0.00420800
0.00415520
0.00435020
0.00427100
0.00447970
0.00432820
0.00489280
0.00411470
0.00436160
0.00421040
0.00409790
0.00419080
0.00417310
0.00404210
0.00397450
0.00425950
0.00411940
0.22223900
0.00403000
0.00464470
0.00462050
0.00434250
0.00453390
0.00427610
0.00454690
0.00447480
0.00427250
0.00433110
0.00422900
0.00459580
0.00448030
0.00424860
0.00429110
0.00431890
0.00424730
0.00445960
0.00466010
0.00414940
0.00428570
0.00462020
0.00446520
0.00457670
0.00458820
0.00409610
0.00436000
0.00434730
0.20984710
0.00450640
0.00448240
0.00441850
0.00487580
0.00444330
0.00452130
0.00439580
0.00422070
0.00426110
0.00420490
0.00437550
0.00416000
0.00422070
0.00420740
0.00415010
0.00415900
0.00444000
0.00420680
0.00434070
0.00405630
0.00428230
0.00429500
0.00446010
0.00398150
0.00397760
0.00428660
0.00429060
0.00441000
0.00444910
0.00431390
0.00438800
0.00439960
0.00441680
0.00447730
0.00436730
0.00423360
0.00432440
0.00432940
0.00427200
0.00431820
0.00436570
0.00419820
0.00427920
0.00427150
0.00431650
0.00424960
0.00418130
0.00432520
0.00437930
0.00395230
0.00417380
0.00433160
0.00417280
0.00434550
0.00413920
0.00443600
0.00437910
0.00440610
0.00434120
0.00431440
0.00421580
0.00425780
0.00390700
0.00384680
0.00399050
0.00410290
0.00445380
0.00425650
0.00507660
0.00417100
0.00427110
0.00391210
0.00388000
0.00430300
0.00440160
0.00434930
0.00451900
0.00419990
0.00392360
0.00409220
0.00419430
0.00413560
0.00412540
0.00414690
0.00410120
0.00407500
0.00434230
0.00423810
0.00421450
0.00406030
0.00420510
0.00423960
0.00427400
0.00427630
0.00435490
0.00434880
0.00430820
0.00423220
0.00432120
0.00431140
0.00396870
0.00390160
0.00425850
0.00422730
0.00422900
0.00408890
0.00424490
0.00415690
0.00407250
0.00428620
0.00431690
0.00394560
0.00399950
0.00395660
0.00437390
0.00416560
0.00427520
0.00439130
0.00404000
0.00409830
0.00382030
0.00378400
0.00376400
0.00405820
0.00425090
0.00388060
0.00420490
0.00438330
0.00397560
0.00416730
0.00418090
0.00408530
0.00390480
0.00400920
0.00405550
0.00410140
0.00390990
0.00382050
0.00426010
0.00418700
0.00420340
0.00401550
0.00398480
0.00429930
0.00463060
0.00406090
0.00404640
0.00429360
0.00411120
0.00417640
0.00407170
0.00396180
0.00403990
0.00412590
0.00369240
0.00384140
0.00385610
0.00418950
0.00423490
0.00472740
0.00410880
0.00402700
0.00411930
0.00425430
0.00444430
0.00434220
0.00404040
0.00409330
0.00439540
0.00409220
0.00427330
0.00424270
0.00407100
0.00427850
0.00426660
0.00423940
0.00374130
0.00406540
0.00426810
0.00448860
0.00407830
0.00404070
0.00415040
0.00417070
0.00431670
0.00428160
0.00406680
0.00402170
0.00394290
0.00402670
0.00398830
0.00413040
0.00389410
0.00418910
0.00437230
0.00429330
0.00407090
0.00448230
0.00428740
0.00401440
0.00432360
0.00402740
0.00378150
0.00393450
0.00409760
0.00401800
0.00424900
0.00417920
0.03620190
0.03619990
0.00500950
0.00472380
0.00756800
0.00516190
0.00450650
0.00427100
0.00414740
0.00399510
0.00416080
0.00402190
0.00398610
0.00412670
0.00407370
0.00372510
0.00425950
0.00409500
0.00404030
0.00401370
0.00402130
0.00397090
0.00412580
0.00405890
0.00414960
0.00422900
0.00411540
0.00401100
0.00413470
0.00415770
0.00422440
0.00426080
0.00409630
0.22471650
0.00449150
0.00442010
0.00444420
0.00411900
0.00410000
0.00408280
0.00435390
0.00439020
0.00429030
0.00436730
0.00403720
0.00415800
0.00408970
0.00430440
0.00442730
0.00436280
0.00417520
0.00429850
0.00392520
0.00412590
0.00389820
0.00416160
0.00401900
0.00399650
0.00456700
0.00452370
0.00446580
0.00415710
0.00403220
0.00407970
0.00422790
0.00403650
0.00411910
0.00433730
0.00430100
0.00409730
0.00408460
0.00403210
0.00415720
0.00427060
0.00411320
0.00409640
0.00402900
0.00396690
0.00383930
0.00422940
0.00405500
0.00426870
0.00420000
0.00396870
0.00400170
0.00386740
0.00385410
0.00416560
0.00410060
0.00394540
0.00416260
0.00410240
0.00419480
0.00419600
0.00408030
0.00410040
0.00410310
0.00415950
0.00416880
0.00438810
0.00405260
0.00419190
0.00428410
0.00426370
0.00438110
0.00449530
0.00433850
0.00442620
0.00432110
0.00405900
0.00463800
0.00405910
0.00413600
0.00415990
0.00447890
0.00429060
0.00423330
0.00435080
0.00422100
0.00423500
0.00402620
0.00379590
0.00421960
0.00404710
0.00422170
0.00424770
0.00418790
0.00417800
0.00433720
0.00426470
0.00440140
0.00417840
0.00418760
0.00430390
0.00417710
0.00429690
0.00429670
0.00403120
0.00471880
0.00441710
0.00431730
0.00427110
0.00384590
0.00391640
0.00410090
0.00432600
0.00416820
0.00389690
0.00403730
0.00406420
0.00441100
0.00410160
0.00427360
0.00427390
0.00417690
0.00417080
0.00423690
0.00440200
0.00430530
0.00427990
0.00405740
0.00398310
0.00403190
0.00405630
0.00419450
0.00446010
0.00434580
0.00423130
0.00401290
0.00456960
0.00421250
0.00411220
0.00411280
0.00420440
0.00417160
0.00410790
0.00411560
0.00433350
0.00424200
0.00421800
0.00432060
0.00422850
0.00412170
0.00405370
0.00423120
0.00435920
0.00435790
0.00431060
0.00445410
0.00446960
0.00418440
0.00404450
0.00418460
