0.21000360
0.00649490
0.00576290
0.00557560
0.00642480
0.00625360
0.00568980
0.00565970
0.00602700
0.00592030
0.00579770
0.00655140
0.00587440
0.00575840
0.00604140
0.00628590
0.00646680
0.00637900
0.00576060
0.00597660
0.00614100
0.00639210
0.00530150
0.00644790
0.00563590
0.00642530
0.00550400
0.00503680
0.00554130
0.00525000
0.00513970
0.00671040
0.00623790
0.00601090
0.00551840
0.00610570
0.00524850
0.00497980
0.00495330
0.00493530
0.00481400
0.00547840
0.00548580
0.00510560
0.00531780
0.00488030
0.00503070
0.00556980
0.00534710
0.00488390
0.00483590
0.00541520
0.00523690
0.00541630
0.00540590
0.00482190
0.00530280
0.00527710
0.00504280
0.00496430
0.00506780
0.00509300
0.00509770
0.00508210
0.00496040
0.00495690
0.00502600
0.00491490
0.00498060
0.00484030
0.00478570
0.00472090
0.00428170
0.00416880
0.00445390
0.00416600
0.00422130
0.00478830
0.00472240
0.00450440
0.00437240
0.00465980
0.00498850
0.00475580
0.00451050
0.00448560
0.00472270
0.00394990
0.00385210
0.00387150
0.00446630
0.00420650
0.00439620
0.00397860
0.00390870
0.00388320
0.00386360
0.00383950
0.00419360
0.00423150
0.00410080
0.00391480
0.00390220
0.00397760
0.00459540
0.00477970
0.00467980
0.00464800
0.00452650
0.00476540
0.00436480
0.00407690
0.00392370
0.00391670
0.00400370
0.00443700
0.00420650
0.00391560
0.00431140
0.00434190
0.00388920
0.00383000
0.00384520
0.00405070
0.00433510
0.00421230
0.00409180
0.00447830
0.00411480
0.00420420
0.00433140
0.00414340
0.00408150
0.00401100
0.00370150
0.00369910
0.00380330
0.00424900
0.00421180
0.00428060
0.00407180
0.00421560
0.00395080
0.00412230
0.00376000
0.00372530
0.00415290
0.00390700
0.00386900
0.00408750
0.00428700
0.00399840
0.00421160
0.00388750
0.00384760
0.00400070
0.00433260
0.00394030
0.00396390
0.00436590
0.00408510
0.00409190
0.00409150
0.00426990
0.00428290
0.00440790
0.00410640
0.00399450
0.00393200
0.00389030
0.00385470
0.00385190
0.00414170
0.00441690
0.00423740
0.00422970
0.00442680
0.00431170
0.00408990
0.00410900
0.00417660
0.00416500
0.00473360
0.00410580
0.00451890
0.00394750
0.00374740
0.00370700
0.00410430
0.00432270
0.00422880
0.00386650
0.00409990
0.00439650
0.00421700
0.00425670
0.00419760
0.00420600
0.00430680
0.00403520
0.00394820
0.00376000
0.00375460
0.00410740
0.00427210
0.00421890
0.00415390
0.00434870
0.00420030
0.00410890
0.00450920
0.00394170
0.00430680
0.00415460
0.00422160
0.00404300
0.00417080
0.00428790
0.00409560
0.00409890
0.00397900
0.00402060
0.00421480
0.00424590
0.00417600
0.00459310
0.00427470
0.00411510
0.00413630
0.00406470
0.00403290
0.00416100
0.00415700
0.00398560
0.00408550
0.00406790
0.00410050
0.00410670
0.00470290
0.00377250
0.00366560
0.00364020
0.00372000
0.00432880
0.00402770
0.00403880
0.00396940
0.00396660
0.00394940
0.00400690
0.00401400
0.00397710
0.00416680
0.00415120
0.00407800
0.00417420
0.00405990
0.00392760
0.00439360
0.00465530
0.00436710
0.00442340
0.00431340
0.00413990
0.00382270
0.00408390
0.00385770
0.00388640
0.00411860
0.00423420
0.00416330
0.00414960
0.00432920
0.00378030
0.00373190
0.00390950
0.00400190
0.00375240
0.00373300
0.00369630
0.00384920
0.00407820
0.00399330
0.00397890
0.00399040
0.00399220
0.00397560
0.00396060
0.00418950
0.00382330
0.00382350
0.00408160
0.00423660
0.00403740
0.00421780
0.00406600
0.00395540
0.00393800
0.00399120
0.00392530
0.00398860
0.00403480
0.00411780
0.00401650
0.00402570
0.00399490
0.00377900
0.00388380
0.00403980
0.00419170
0.00421320
0.00415420
0.00408860
0.00408630
0.00406840
0.00409380
0.00398860
0.00406700
0.00401780
0.00407080
0.00397910
0.00387480
0.00394210
0.00417670
0.00423180
0.00386410
0.00415790
0.00416170
0.00402840
0.00412550
0.00400080
0.00410560
0.00413160
0.00412000
0.00413130
0.00418300
0.00412650
0.00420580
0.00412390
0.00376640
0.00401940
0.00422090
0.00421620
0.00416610
0.00402540
0.00405000
0.00394170
0.00412090
0.00404330
0.00394390
0.00401680
