0.22849350
0.00521000
0.00491430
0.00528760
0.00514160
0.00424300
0.00446750
0.00426270
0.00422330
0.00447160
0.00424820
0.00447040
0.00401060
0.00397920
0.00395430
0.00411090
0.00452290
0.00440630
0.00452410
0.00444760
0.00405190
0.00449080
0.00405010
0.00393020
0.00424820
0.00436870
0.00392710
0.00399920
0.00443120
0.00445490
0.00428180
0.00418770
0.00421690
0.00446120
0.00430750
0.00412180
0.00425030
0.00435900
0.00422300
0.00452880
0.00423550
0.00432040
0.00444630
0.00431340
0.00418980
0.00428460
0.00461830
0.00398980
0.00387930
0.00387770
0.00412970
0.00441990
0.00421990
0.00412420
0.00432170
0.00462270
0.00451720
0.00425340
0.00388830
0.00382380
0.00401890
0.00425940
0.00447690
0.00435400
0.00416960
0.00434180
0.00437030
0.00439780
0.00448520
0.00482390
0.00456890
0.00476710
0.00451570
0.00440410
0.00417910
0.00437440
0.00437510
0.00406790
0.00427350
0.00451180
0.00433420
0.00431860
0.00411690
0.00414410
0.00398690
0.00395120
0.00440120
0.00437940
0.00510530
0.00405010
0.00434320
0.00410880
0.00476020
0.00439980
0.00508840
0.00540210
0.00545390
0.00548970
0.00563280
0.00556510
0.00551380
0.00545620
0.00546260
0.00551060
0.00576650
0.00516780
0.00497580
0.00520380
0.00523460
0.00600980
0.00607000
0.00605320
0.00586590
0.00537730
0.00596060
0.00590650
0.00612570
0.00614510
0.00630890
0.00649310
0.00577310
0.00660790
0.00646900
0.00655510
0.00678890
0.00628010
0.00726100
0.00608260
0.00652350
0.00786880
0.00842360
