0.29281430
0.01903600
0.01610490
0.01644330
0.01640170
0.01553630
0.01554280
0.01561850
0.01568720
0.01580930
0.01598750
0.01523990
0.01451990
0.01555930
0.01582590
0.00638510
0.00604320
0.00614870
0.00621750
0.00615550
0.00649920
0.00593980
0.00607660
0.00628540
0.00707700
0.00718810
0.00636850
0.00585370
0.00672200
0.00675800
0.00599610
0.00596470
0.00591050
0.00587620
0.00564310
0.00566210
0.00572040
0.00653230
0.00626430
0.00609470
0.00605890
0.00692370
0.00589230
0.00637830
0.00627990
0.00643380
0.00620970
0.00637720
0.00636790
0.00635170
0.00709540
0.00675410
0.00642580
0.00626740
0.00645040
0.00575590
0.00574560
0.00584880
0.00573710
0.00521260
0.00505770
0.00501740
0.00518490
0.00530980
0.00519850
0.00505120
0.00530480
0.00516900
0.00536920
0.00544350
0.00541700
0.00544180
0.00541740
0.00552310
0.00563800
0.00615460
0.00589850
0.00582960
0.00564910
0.00611610
0.00620760
0.00606140
0.00648730
0.00604500
0.00620750
0.00564280
0.00558220
0.00551140
0.00509310
0.00499710
0.00512200
0.00548890
0.00557410
0.00543540
0.00517490
0.00518240
0.00530340
0.00552400
0.00502190
0.00553430
0.00510790
0.00509250
0.00542060
0.00536620
0.00554590
0.00497170
0.00594360
0.00681910
0.00548110
0.00529960
0.00576660
0.00553290
0.00572270
0.00591810
0.00586240
0.00613680
0.00602260
0.00609200
0.00552230
0.00556070
0.00578030
0.00599250
0.00598260
0.00601360
0.00606310
0.00578930
0.00602470
0.00574710
0.00684470
0.00659550
0.00658130
0.00628640
0.00643460
0.00643390
0.00643830
0.00612250
0.00633500
0.00637160
0.00623390
0.00600730
0.00562600
0.00595270
0.00581530
0.00567380
0.00605320
0.00542390
0.00542350
0.00522360
0.00536520
0.00546500
0.00529510
0.00525730
0.00493020
0.00496900
0.00627120
0.00556900
0.00548110
0.00524640
0.00563970
0.00640160
0.00675840
0.00656270
0.00587840
0.00555510
0.00592010
0.00580510
0.00580620
0.00582700
0.00594380
0.00625520
0.00647700
0.00736020
0.00658540
0.00699390
0.00692290
0.00738790
0.00726970
0.00706350
0.00628330
0.00739060
0.00711020
0.00728720
0.00682340
0.00699430
0.00694350
0.00669740
0.00744970
0.00715100
0.00645150
0.00716190
0.00777830
0.00709700
0.00683360
0.00698850
0.00720020
0.00673560
0.00677680
0.00703260
0.00717430
0.00797000
0.00667410
0.00693250
0.00675760
0.00666650
0.00704000
0.00654280
0.00664690
0.00641060
0.00664150
0.00679260
0.00770700
0.00685860
0.00709790
0.00739570
0.00723470
0.00707830
0.00715420
0.00721950
0.00728780
0.00747000
0.00845390
0.00959730
0.00931590
0.00873340
0.00849800
0.00968550
0.00728020
0.00755880
0.00756990
0.00743910
0.00692210
0.00678970
0.00718360
0.00715850
0.00676320
0.00691000
0.00753200
0.00758000
0.00750290
0.00762510
0.00722170
0.00723570
0.00721010
0.00762000
0.00834750
0.00873230
0.00941230
0.00865110
0.00926760
0.00925350
0.00813100
0.00801950
0.00765690
0.00771750
0.00743900
0.00703320
0.00806710
0.00795310
0.00755140
0.00730830
0.00702740
0.00719490
0.00717540
0.00702430
0.00764360
0.00736740
0.00722560
0.00730640
0.00706800
0.00805310
0.00728130
0.00706900
0.00734880
0.00702240
0.00755120
0.00777170
0.00768660
0.00707640
0.00715010
0.00684260
0.00693370
0.00751520
0.00722080
0.00734970
0.00744180
0.00740740
0.00765410
0.00761790
0.00719850
0.00764030
0.00749230
0.00745230
0.00708720
0.00708600
0.00762000
0.00786840
0.00836150
0.00788700
0.00731470
0.00763780
0.00731980
0.00695950
0.00722680
0.00796960
0.00795230
0.00737580
0.00853910
0.00991790
0.00951870
0.01110590
0.00984580
0.00990480
0.00882180
0.00844840
0.00836040
0.00891900
0.00918440
0.00861760
0.00796810
0.00845540
0.00802720
0.00849410
0.00838260
0.00856520
0.00916940
0.00841290
0.00880820
0.00877280
0.00849890
0.00943330
0.00925800
0.00832980
0.00882930
0.00923140
0.00921600
0.00936860
0.00947900
0.00916010
0.00823270
0.00875320
0.00819560
0.00880550
0.00839160
0.00866860
0.00927150
0.00845060
0.00879590
0.00873510
0.00842360
0.00845660
0.00883940
0.00793520
0.00841180
0.01008760
0.01024310
0.01085370
0.01075670
0.01151290
0.00964310
0.00908670
0.00862800
0.00888080
0.00909990
0.00872810
0.00821260
0.00879490
0.00817190
0.00823250
0.00807240
0.00874520
0.00792730
0.00835350
0.00879710
0.00879550
0.00797500
0.00808570
0.00836280
0.00838670
0.00890440
0.00821020
0.00855190
0.00819160
0.00854840
0.00840850
0.00867820
0.00879280
0.00852120
0.00819660
0.00834600
0.00889510
0.00825470
0.00879190
0.00827870
0.00876340
0.00825380
0.00920510
0.00964990
0.00892640
0.00906060
0.00935250
0.00898520
0.00785410
0.00797700
0.00879840
0.00863720
0.00796550
0.00888130
0.00830940
0.00820420
0.00809310
0.00870720
0.00841740
0.00755320
0.00831330
0.00823250
0.00857120
0.00834260
0.00814250
0.00872070
0.00881930
0.00885190
0.00855270
0.00827730
0.00896920
0.00797740
0.00826220
0.00801030
0.00838460
0.00859950
0.00810940
0.00887540
0.00885480
0.00897300
0.00802650
0.00880510
0.00827940
0.00801140
0.00894790
0.00886350
0.00881250
0.00844190
0.00896310
0.00853830
0.00892740
0.00779820
0.00833730
0.00844560
0.00859490
0.00941520
0.00874080
0.00779720
0.00811330
0.00791170
0.00849290
0.00862040
0.00849910
0.00844320
0.00858720
0.00805010
0.00778690
0.00904680
0.00832540
0.00853850
0.00844050
0.00895180
0.00836190
0.00864040
0.00857630
0.00922310
0.00898410
0.00878170
0.00901970
0.00900840
0.00835960
0.00774990
0.00864620
0.00866920
0.00869580
0.00832680
0.00828070
0.00891390
0.00820210
0.00786700
0.00770560
0.00878710
0.00873410
0.00878880
0.00861690
0.00831300
0.00884060
0.00871230
0.00867920
0.00875190
0.00895890
0.00908460
0.00870050
0.00845580
0.00885690
0.00873500
0.00858960
0.00849150
0.00865500
0.00874520
0.00836480
0.00873570
0.00857840
0.00856740
0.00816380
0.00820050
0.00877310
0.00893710
0.00915200
0.00881070
0.00857520
0.00853370
0.00871140
0.00822510
0.00840410
0.00850530
0.00879120
0.00876560
0.00895550
0.00877010
0.00870960
0.00788200
0.00796530
0.00897720
0.00893770
0.00876340
0.00857180
0.00885690
0.00818340
0.00892420
0.00861420
0.00800060
0.00934780
0.00965610
0.00906860
0.00946190
