0.30235270
0.00584040
0.00678720
0.00597560
0.00629980
0.00635580
0.00609270
0.00664730
0.00603050
0.00673490
0.00647310
0.00680930
0.00657270
0.00644590
0.00652080
0.00596340
0.00643740
0.00645200
0.00658330
0.00652880
0.00580750
0.00562700
0.00686180
0.00581970
0.00571450
0.00570400
0.00582140
0.00648230
0.00584790
0.00583390
0.00588800
0.00577410
0.00556970
0.00564860
0.00584720
0.00585610
0.00643380
0.00552570
0.00601410
0.00601230
0.00580120
0.00508000
0.00548480
0.00645720
0.00610960
0.00547030
0.00815030
0.00684110
0.00842320
0.00676210
0.00643870
0.00509890
0.00551740
0.00544340
0.00521110
0.00538640
0.00552680
0.00565640
0.00551470
0.00522650
0.00527270
0.00552380
0.00559090
0.00534830
0.00621200
0.00546450
0.00574170
0.00545160
0.00737900
0.00661920
0.00802820
0.00680290
0.00587610
0.00608570
0.00553690
0.00533230
0.00546310
0.00500560
0.00787940
0.00681430
0.00654490
0.00510500
0.00532450
0.00506410
0.00598460
0.00512710
0.00503930
0.00503500
0.00504780
0.00534140
0.00533780
0.00506480
0.00704190
0.00554620
0.00571050
0.00556230
0.00567550
0.00652020
0.00565260
0.00548370
0.00560150
0.00521900
0.00528950
0.00604870
0.00500000
0.00508300
0.00711820
0.00618070
0.00548260
0.00492690
0.00569910
0.00586980
0.00524630
0.00602920
0.00568860
0.00567760
0.00530740
0.00588230
0.00603410
0.00552320
0.00520460
0.00545520
0.00494560
0.00541930
0.00516360
0.00546270
0.00601150
0.00536260
0.00503730
0.00528340
0.00504210
0.00498730
0.00504540
0.00533030
0.00606160
0.00742960
0.00535540
0.00598140
0.00501350
0.00509110
0.00482590
0.00576260
0.00517670
0.00585100
0.00465520
0.00550230
0.00507050
0.00499200
0.00515390
0.00514820
0.00526130
0.00522740
0.00489190
0.00577540
0.00625860
0.00540180
0.00526630
0.00535150
0.00548970
0.00527430
0.00486090
0.00504220
0.00495510
0.00527420
0.00543610
0.00541140
0.00535110
0.00497570
0.00571720
0.00518830
0.00517760
0.00488940
0.00510270
0.00677660
0.00527040
0.00498830
0.00612090
0.00497300
0.00472800
0.00546670
0.00600420
0.00538650
0.00536500
0.00529710
0.00527790
0.00513610
0.00516780
0.00565460
0.00523740
0.00512150
0.00528880
0.00532070
0.00531190
0.00498260
0.00554540
0.00510580
0.00546420
0.00603690
0.00587930
0.00567570
0.00568590
0.00522620
0.00533100
0.00465360
0.00499840
0.00504210
0.00548920
0.00519850
0.00509870
0.00491600
0.00500260
0.00524840
0.00499580
0.00543430
0.00536900
0.00575380
0.00713350
0.00583660
0.00511490
0.00594730
0.00556510
0.00609010
0.00526380
0.00580820
0.00524740
0.00535910
0.00534470
0.00501770
0.00469010
0.00494700
0.00521260
0.00519280
0.00513360
0.00507540
0.00700890
0.00526490
0.00511000
0.00543940
0.00505750
0.00473530
0.00530960
0.00505840
0.00543190
0.00555830
0.00558390
0.00536290
0.00561770
0.00560080
0.00545940
0.00522480
0.00536110
0.00530600
0.00521680
0.00507620
0.00521330
0.00503290
0.00661270
0.00515820
0.00497860
0.00490620
0.00465620
0.00510790
0.00492050
0.00446150
0.00517950
0.00491760
0.00684890
0.00527800
0.00502180
0.00506670
0.00473330
0.00506260
0.00500580
0.00482050
0.00526940
0.00510530
0.00517380
0.00512780
0.00507160
0.00460550
0.00646080
0.00714860
0.00547290
0.00495060
0.00523810
0.00650930
0.00504890
0.00501380
0.00600280
0.00573240
0.00575820
0.00649850
0.00596130
0.00490390
0.00493050
0.00492470
0.00499110
0.00516350
0.00483500
0.00486290
0.00637580
0.00645610
0.00750560
0.00460020
0.00530810
0.00742910
0.00630010
0.00597940
0.00514610
0.00522920
0.00493620
0.00506280
0.00526330
0.00526040
0.00481150
0.00632020
0.00494790
0.00526980
0.00505680
0.00510060
0.00486560
0.00509040
0.00506480
0.00499790
0.00484320
0.00481660
0.00501500
0.00493930
0.00515180
0.00507970
0.00454040
0.00474030
0.00507800
0.00496990
0.00497270
0.00501620
0.00510380
0.00496130
0.00510680
0.00489250
0.00652910
0.00546240
0.00545120
0.00670420
0.00702100
0.00538340
0.00507590
0.00480280
0.00474610
0.00564490
0.00524590
0.00561980
0.00501050
0.00458410
0.00450590
0.00484340
0.00548700
0.00492740
0.00525940
0.00489260
0.00539000
0.00648670
0.00722970
0.00735250
0.00455350
0.00565200
