0.25389470
0.00633540
0.00707860
0.00712840
0.00618900
0.00563110
0.00549300
0.00561680
0.00544010
0.00589450
0.00620340
0.00563180
0.00504100
0.00484510
0.00458630
0.00523840
0.00456880
0.00506600
0.00914140
0.00889770
0.00946240
0.00830430
0.00560130
0.00783070
0.00527680
0.00509090
0.00552280
0.00593420
0.00577040
0.00504100
0.00487060
0.00558120
0.00565160
0.00532570
0.00476830
0.00559060
0.00528790
0.00548380
0.00660570
0.00561820
0.00462160
0.00550950
0.00453640
0.00535970
0.00593640
0.00591210
0.00563870
0.00526930
0.00463740
0.00554990
0.00557970
0.00567630
0.00564050
0.00502360
0.00487120
0.00472450
0.00492550
0.00556780
0.00492950
0.00503020
0.00536030
0.00556880
0.00589030
0.00565740
0.00492770
0.00478900
0.00499150
0.00484660
0.00480030
0.00495820
0.00584390
0.00515610
0.00559620
0.00466050
0.00492880
0.00502510
0.00492270
0.00537770
0.00528640
0.00508990
0.00487480
0.00468770
0.00598490
0.00502940
0.00477700
0.00564680
0.00565660
0.00569040
0.00585180
0.00506500
0.00498920
0.00485020
0.00497200
0.00551780
0.00513330
0.00490280
0.00513610
0.00438240
0.00454800
0.00432490
0.00566600
0.00548300
0.00481450
0.00533700
0.00614580
0.00554400
0.00524540
0.00480730
0.00590860
0.00480860
0.00491080
0.00531270
0.00509810
0.00512930
0.00519320
0.00559810
0.00548050
0.00524210
0.00685380
0.00565780
0.00534700
0.00472440
0.00484520
0.00519330
0.00492100
0.00498360
0.00488760
0.00529610
0.00605700
0.00519600
0.00517460
0.00526390
0.00588130
0.00482110
0.00419670
0.00380040
0.00492500
0.00410650
0.00388910
0.00389850
0.00383540
0.00377580
0.00395180
0.00391560
0.00385880
0.00439430
0.00421630
0.00476480
0.00402630
0.00392070
0.00361650
0.00398630
0.00381060
0.00371740
0.00393940
0.00377870
0.00379580
0.00383160
0.00372420
0.00387660
0.00375370
0.00392050
0.00400230
0.00358460
0.00357550
0.00359470
0.00383880
0.00379140
0.00375650
0.00365000
0.00364860
0.00363150
0.00370150
0.00398960
0.00395540
