0.21744880
0.00466550
0.00475270
0.00478460
0.00459630
0.00480350
0.00449460
0.00485790
0.00476060
0.00453950
0.00489100
0.00474280
0.00489950
0.00469200
0.00486320
0.00488250
0.00495820
0.00496230
0.00490750
0.00475300
0.00484530
0.00513520
0.00500220
0.00456310
0.00484190
0.00441450
0.00430790
0.00443050
0.00458840
0.00468340
0.00492740
0.00484690
0.00475880
0.00472200
0.00475150
0.00471670
0.00481480
0.00475360
0.00479920
0.00467400
0.00457020
0.00461230
0.00473100
0.00478690
0.00481200
0.00463780
0.00453590
0.00474310
0.00478480
0.00458810
0.00458510
0.00451780
0.00477210
0.00462040
0.00432200
0.00423380
0.00445610
0.00453250
0.00470490
0.00451740
0.00453390
0.00470140
0.00439250
0.00468310
0.00438330
0.00495210
0.00476880
0.00465700
0.00426690
0.00424270
0.00422700
0.00426770
0.00436250
0.00422330
0.00433950
0.00434530
0.00430000
0.00442340
0.00449160
0.00456500
0.00448800
0.00430640
0.00423210
0.00447070
0.00473000
0.00477590
0.00495750
0.00475630
0.00478010
0.00441530
0.00439340
0.00446600
0.00462610
0.00449330
0.00473460
0.00453560
0.00440880
0.00419660
0.00443840
0.00414100
0.00429810
0.00436800
0.00435590
0.00415050
0.00416780
0.00455270
0.00471800
0.00460570
0.00452950
0.00463480
0.00474320
0.00465680
0.00488550
0.00454250
0.00428090
0.00411950
0.00418800
0.00417470
0.00438670
0.00449880
0.00446630
0.00459030
0.00485520
0.00413980
0.00444290
0.00445250
0.00438240
0.00461160
0.00469860
0.00504290
0.00479860
0.00453670
0.00433320
0.00429920
0.00450930
0.00553910
0.00465030
0.00443320
0.00461680
0.00470610
0.00454090
0.00454460
0.00436030
0.00497880
0.00447720
0.00439160
0.00435510
0.00444120
0.00444710
0.00431720
0.00422820
0.00415030
0.00448310
0.00435480
0.00429660
0.00440770
0.00424660
0.00420000
0.00434470
0.00408160
0.00404620
0.00399860
0.00412120
0.00400430
0.00397960
0.00400360
0.00439060
0.00451630
0.00440970
0.00436200
0.00449940
0.00451340
0.00431560
0.00439580
0.00458370
0.00435740
0.00442800
0.00448700
0.00428880
0.00409350
0.00432590
0.00424100
0.00432080
0.00437640
0.00434720
0.00431880
0.00429390
0.00433870
0.00444370
0.00449790
0.00459270
0.00434880
0.00406710
0.00383080
0.00441220
0.00433530
0.00433650
0.00430530
0.00425530
0.00435250
0.00458960
0.00417670
0.00438790
0.00429770
0.00411370
0.00437810
0.00519670
0.00435760
0.00439290
0.00435160
0.00428400
0.00424490
0.00432320
0.00428870
0.00430930
0.00430640
0.00437130
0.00401480
0.00402950
0.00416180
0.00420110
0.00419070
0.00433220
0.00430060
0.00419580
0.00420630
0.00406580
0.00431850
0.00439310
0.00431930
0.00427230
0.00398130
0.00434600
0.00399170
0.00416150
0.00437790
0.00428230
0.00432780
0.00438840
0.00434650
0.00423910
0.00420820
0.00436810
0.00446500
0.00424620
0.00420580
0.00442990
0.00472180
0.00445550
0.00445650
0.00433510
0.00432240
0.00435120
0.00449690
0.00451280
0.00428750
0.00424030
0.00417050
0.00421770
0.00454780
0.00521500
0.00466500
0.00473530
0.00424170
0.00431570
0.00446740
0.00421500
0.00444420
0.00429200
0.00425490
0.00433660
0.00437100
0.00414900
0.00433190
0.00414140
0.00446260
0.00463800
0.00414680
0.00464190
0.00457030
0.00483760
0.00435270
0.00426880
0.00431830
0.00430260
0.00423370
0.00395690
0.00392690
0.00410870
0.00435390
0.00434420
0.00419690
0.00425700
0.00427300
0.00399380
0.00443550
0.00432470
0.00421020
0.00388770
0.00387870
0.00424780
0.00403440
0.00428020
0.00413660
0.00413460
0.00444120
0.00426070
0.00415800
0.00426090
0.00435290
0.00415260
0.00391940
0.00388690
0.00391060
0.00424250
0.00424860
0.00405990
0.00417890
0.00403430
0.00422160
0.00421620
0.00433660
0.00422460
0.00415780
0.00427900
0.00490170
0.00427570
0.00452120
0.00434480
0.00397510
0.00409300
0.00413150
0.00416050
0.00436610
0.00428750
0.00432370
0.00415300
0.00448740
0.00424750
0.00415040
0.00413120
0.00415900
0.00402110
0.00428390
0.00392290
0.00432810
0.00419670
0.00426930
0.00417810
0.00411740
0.00398940
0.00440620
0.00397330
0.00405540
0.00405110
0.00382730
0.00376620
0.00387580
0.00429560
0.00391100
0.00433580
0.00426890
0.00420390
0.00427350
0.00419370
0.00407880
