0.22439730
0.00466490
0.00523650
0.00515610
0.00519520
0.00541900
0.00510480
0.00479990
0.00471770
0.00476000
0.00502860
0.00529310
0.00472930
0.00467440
0.00496000
0.00502490
0.00507410
0.00447170
0.00470160
0.00445510
0.00449760
0.00449290
0.00466640
0.00450320
0.00440070
0.00441380
0.00468600
0.00431050
0.00444330
0.00458770
0.00450420
0.00453170
0.00469600
0.00423880
0.00413800
0.00439210
0.00446610
0.00441100
0.00442080
0.00458500
0.00471320
0.00483920
0.00478010
0.00474700
0.00410090
0.00446760
0.00489640
0.00418800
0.00474430
0.00453330
0.00439690
0.00478560
0.00449050
0.00464360
0.00466960
0.00443510
0.00455290
0.00429770
0.00460790
0.00437620
0.00445750
0.00416080
0.00443160
0.00451040
0.00471500
0.00469210
0.00420840
0.00422190
0.00454750
0.00451560
0.00450360
0.00427770
0.00457170
0.00445400
0.00453080
0.00446910
0.00445020
0.00449980
0.00438520
0.00454940
0.00414060
0.00439620
0.00456600
0.00418620
0.00416880
0.00422370
0.00451700
0.00460350
0.00462490
0.00442800
0.00425600
0.00438230
0.00424040
0.00445710
0.00428900
0.00420420
0.00451770
0.00433100
0.00442400
0.00444740
0.00444780
0.00406550
0.00449960
0.00470150
0.00437350
0.00400670
0.00422080
0.00453910
0.00458200
0.00456230
0.00475230
0.00439580
0.00419710
0.00461060
0.00439470
0.00423660
0.00404250
0.00457110
0.00432990
0.00445180
0.00451690
0.00414970
0.00467520
0.00449440
0.00462450
0.00468650
0.00449550
0.00433910
0.00402560
0.00432760
0.00422070
0.00450410
0.00454890
0.00456060
0.00455970
0.00467840
0.00409490
0.00427960
0.00466310
0.00420520
0.00436090
0.00448940
0.00454820
0.00415610
0.00473220
0.00429840
0.00491940
0.00466290
0.00448140
0.00470520
0.00453400
0.00449170
0.00445760
0.00409610
0.00459910
0.00474950
0.00479670
0.00421040
0.00418190
0.00417350
0.00455740
0.00444430
0.00452920
0.00509850
0.00501830
0.00479550
0.00508010
0.00531120
0.00510050
0.00512290
0.00490770
0.00524880
0.00514670
0.00490530
0.00535820
0.00518990
0.00497350
0.00503150
0.00510870
0.00510740
0.00502290
0.00489920
0.00458590
0.00518200
0.00515600
0.00503670
0.00484510
0.00460860
0.00511550
0.00498020
0.00513360
0.00517790
0.00480380
0.00523270
0.00514160
0.00527460
0.00516210
0.00509960
0.00506150
0.00531240
0.00523880
0.00511010
0.00506410
0.00519270
0.00498120
0.00515150
0.00525080
0.00507720
0.00511540
0.00501690
0.00493710
0.00482810
0.00504810
0.00505980
0.00521300
0.00468540
0.00491050
0.00523900
0.00487340
0.00490280
0.00499090
0.00530220
0.00529320
0.00502790
0.00531360
0.00507090
0.00512360
0.00482830
0.00484210
0.00522770
0.00526400
0.00539490
0.00513240
0.00512910
0.00532490
0.00514210
0.00509920
0.00535260
0.00522170
0.00533410
0.00549730
0.00530040
0.00519550
0.00555750
0.00533080
0.00520660
0.00515140
0.00534090
0.00507730
0.00506860
0.00486000
0.00486410
0.00524960
0.00511700
0.00493840
0.00556090
0.00526950
0.00484070
0.00528960
0.00563920
0.00500270
0.00530140
0.00486740
0.00512130
0.00504970
0.00524330
0.00513640
0.00519540
0.00503320
0.00514440
0.00519190
0.00529700
0.00545090
0.00565920
0.00534220
0.00524250
0.00525160
0.00535250
0.00493010
0.00531370
0.22976130
0.00560330
0.00530190
0.00571070
0.00516370
0.00566330
0.00554910
0.00552910
0.00541580
0.00547650
0.00538270
0.00528140
0.00535900
0.00577480
0.00534580
0.00540030
0.00512270
0.00555380
0.00559800
0.00560680
0.00575160
0.00535000
0.00542910
0.00536370
0.00562310
0.00537740
0.00542590
0.00549740
0.00555020
0.00554510
0.00541120
0.00546560
0.00530650
0.00579430
0.00518030
0.00572930
0.00546660
0.00536570
0.00557560
0.00535670
0.00542720
0.00525040
0.00530480
0.00519980
0.00514060
0.00544810
0.00517600
0.00533440
0.00567960
0.00553810
0.00545120
0.00553800
0.00535690
0.00538130
0.00544880
0.00537750
0.00544360
0.00565410
0.00582980
0.00570620
0.00551870
0.00548720
0.00547080
0.00529150
0.00576430
0.00567570
0.00569380
0.00557420
0.00569780
0.00533630
0.00563660
0.00549800
0.00528830
0.00514570
0.00584360
0.00582560
0.00594370
0.00568590
0.00533890
0.00520590
0.00556650
0.00548320
0.00595490
0.00548780
0.00536220
0.00579970
0.00565240
0.00559390
0.00581090
0.00556070
0.00537790
0.00539370
0.00583810
0.00569210
0.00546360
0.00546590
0.00561250
0.00541440
0.00548370
0.00558960
0.00566950
0.00585380
0.00541400
0.00582770
0.00569430
0.00574580
0.00561870
0.00602490
0.00562070
0.00585700
0.00606180
0.00549750
0.00575170
0.00576800
0.00538550
0.00583760
0.00534610
0.00532700
0.00579910
0.00540170
0.00557640
0.00580490
