0.20818960
0.00616740
0.00627000
0.00625680
0.00657340
0.00598190
0.00601540
0.00662480
0.00620360
0.00611140
0.00611760
0.00647670
0.00599100
0.00615780
0.00602390
0.00599820
0.00582200
0.00579300
0.00584910
0.00590820
0.00632780
0.00593410
0.00639500
0.00647070
0.00602760
0.00722360
0.00661280
0.00649430
0.00614750
0.00625660
0.00616620
0.00603740
0.00590710
0.00592380
0.00613550
0.00624460
0.00628350
0.00492580
0.00504170
0.00504410
0.00481200
0.00503920
0.00493120
0.00504890
0.00500210
0.00496170
0.00493780
0.00479090
0.00465870
0.00484770
0.00517480
0.00504520
0.00502370
0.00556580
0.00494970
0.00513330
0.00493050
0.00495530
0.00491970
0.00488460
0.00486020
0.00488070
0.00507790
0.00506480
0.00505850
0.00494400
0.00479870
0.00457640
0.00466780
0.00461850
0.00428840
0.00471680
0.00464050
0.00500950
0.00447670
0.00453190
0.00417920
0.00415920
0.00414750
0.00412420
0.00409910
0.00414100
0.00430160
0.00442380
0.00456220
0.00466710
0.00439830
0.00438070
0.00447640
0.00465610
0.00467600
0.00429560
0.00429510
0.00426050
0.00474700
0.00462340
0.00442430
0.00447090
0.00445600
0.00481010
0.00489250
0.00426190
0.00399440
0.00399550
0.00411620
0.00396140
0.00405670
0.00457110
0.00422560
0.00405570
0.00417920
0.00416980
0.00414960
0.00438870
0.00428050
0.00417130
0.00446840
0.00450550
0.00428460
0.00420060
0.00420530
0.00413460
0.00426750
0.00424640
0.00429380
0.00430480
0.00445930
0.00437270
0.00420450
0.00421670
0.00424220
0.00419910
0.00426300
0.00433470
0.00427130
0.00418080
0.00413550
0.00383190
0.00388300
0.00407060
0.00406350
0.00415220
0.00432260
0.00439320
0.00448110
0.00420390
0.00423730
0.00438340
0.00422830
0.00424640
0.00394740
0.00423850
0.00400460
0.00453480
0.00433200
0.00431660
0.00442520
0.00421220
0.00433760
0.00453650
0.00446210
0.00471780
0.00462440
0.00428110
0.00415020
0.00445370
0.00446250
0.00444860
0.00436200
0.00414600
0.00460390
0.00443890
0.00420730
0.00416980
0.00421350
0.00411780
0.00422870
0.00420300
0.00402640
0.00401930
0.00399530
0.00426610
0.00442490
0.00530240
0.00425940
0.00423870
0.00409360
0.00422090
0.00422310
0.00407680
0.00415330
0.00444340
0.00414530
0.00430410
0.00443930
0.00432940
0.00445090
0.00432440
0.00441910
0.00424450
0.00437930
0.00400040
0.00386180
0.00387370
0.00420620
0.00414800
0.00387770
0.00392150
0.00391450
0.00390230
0.00389360
0.00414030
0.00398270
0.00383270
0.00379490
0.00378300
0.00379180
0.00383830
0.00433260
0.00444680
0.00392810
0.00381000
0.00382340
0.00422850
0.00425800
0.00419220
0.00411530
0.00388960
0.00411520
0.00401970
0.00400740
0.00387340
0.00390500
0.00399770
0.00400380
0.00400020
0.00384760
0.00408520
0.00440650
0.00437440
0.00417210
0.00406980
0.00439620
0.00424930
0.00481920
0.00408280
0.00426350
0.00405060
0.00398600
0.00394820
0.00397740
0.00414930
0.00438500
0.00409810
0.00391070
0.00404070
0.00402850
0.00404840
0.00403560
0.00412910
0.00411010
0.00428120
0.00376700
0.00371470
0.00432400
0.00408310
0.00421480
0.00393600
0.00439270
0.00378020
0.00395750
0.00422860
0.00408910
0.00379920
0.00382070
0.00391290
0.00384940
0.00366870
0.00362700
0.00362300
0.00367990
0.00407680
0.00397110
0.00425970
0.00448920
0.00387900
0.00387930
0.00418250
0.00402340
0.00408330
0.00410910
0.00414580
0.00410110
0.00406150
0.00386650
0.00409600
0.00414470
0.00376370
0.00363150
0.00365870
0.00403300
0.00412440
0.00422310
0.00413410
0.00415010
0.00420710
0.00414770
0.00398990
0.00414190
0.00409720
0.00395530
0.00396070
