0.20055710
0.00577360
0.00591180
0.00590980
0.00595140
0.00582660
0.00630330
0.00632450
0.00623380
0.00593100
0.00621430
0.00610410
0.00623620
0.00575170
0.00568820
0.00571150
0.00566950
0.00560820
0.00559530
0.00581100
0.00587110
0.00597480
0.00636610
0.00585050
0.00586170
0.00607600
0.00532770
0.00533530
0.00526320
0.00510650
0.00510480
0.00496700
0.00498950
0.00522680
0.00516780
0.00539650
0.00504340
0.00503850
0.00513370
0.00498360
0.00528480
0.00506810
0.00497780
0.00493140
0.00504600
0.00499170
0.00484620
0.00474270
0.00521310
0.00494170
0.00488880
0.00486160
0.00499130
0.00501680
0.00484510
0.00457510
0.00452790
0.00495280
0.00499470
0.00440650
0.00460960
0.00432750
0.00440760
0.00413180
0.00404710
0.00407010
0.00407040
0.00408940
0.00436970
0.00529540
0.00455770
0.00467720
0.00467860
0.00458640
0.00480510
0.00466190
0.00463000
0.00453350
0.00454740
0.00454850
0.00449000
0.00456570
0.00472300
0.00473160
0.00486190
0.00465120
0.00470390
0.00469530
0.00466900
0.00459370
0.00472140
0.00459980
0.00458560
0.00443680
0.00451250
0.00410090
0.00429460
0.00404260
0.00398520
0.00392780
0.00405280
0.00442070
0.00429390
0.00411930
0.00383750
0.00380540
0.00387000
0.00426800
0.00385880
0.00426010
0.00389280
0.00413240
0.00408900
0.00399580
0.00401320
0.00395140
0.00384920
0.00382340
0.00379140
0.00402890
0.00379760
0.00382140
0.00420690
0.00407320
0.00409420
0.00403800
0.00394710
0.00385630
0.00395100
0.00406030
0.00417370
0.00418900
0.00435630
0.00433520
0.00503360
0.00431040
0.00412780
0.00384270
0.00388620
0.00411950
0.00444930
0.00413090
0.00412510
0.00411500
0.00389120
0.00405000
0.00405690
0.00431130
0.00417640
0.00417170
0.00429670
0.00446770
0.00414650
0.00439450
0.00377990
0.00381880
0.00397200
0.00417430
0.00439230
0.00465390
0.00440800
0.00421310
0.00412740
0.00439810
0.00407540
0.00405780
0.00416430
0.00420610
0.00417140
0.00413320
0.00404590
0.00403100
0.00380370
0.00378440
0.00380870
0.00383710
0.00379350
0.00380060
0.00389590
0.00424100
0.00426540
0.00440780
0.00418110
0.00415760
0.00419480
0.00425270
0.00409960
0.00414280
0.00412640
0.00410650
0.00435560
0.00431870
0.00417700
0.00428070
0.00433180
0.00418500
0.00381110
0.00378580
0.00417210
0.00411540
0.00398050
0.00403940
0.00406910
0.00426890
0.00437950
0.00410070
0.00439950
0.00433540
0.00399450
0.00421380
0.00403620
0.00414580
0.00413720
0.00427330
0.00422690
0.00430010
0.00418150
0.00419790
0.00421750
0.00405150
0.00378840
0.00411610
0.00410050
0.00433550
0.00440860
0.00433700
0.00435600
0.00422310
0.00420230
0.00382370
0.00384610
0.00397520
0.00424930
0.00434690
0.00428710
0.00458180
0.00398650
0.00397860
0.00396400
0.00390240
0.00371720
0.00378280
0.00406980
0.00431660
0.00391970
0.00396020
0.00438560
0.00412120
0.00426120
0.00439240
0.00480880
0.00440070
0.00451030
0.00442760
0.00422160
0.00399890
0.00414640
0.00412710
0.00403050
0.00420720
0.00410400
0.00437290
0.00417980
0.00409210
0.00442120
0.00411110
0.00442870
0.00433440
0.00425580
0.00409000
0.00413730
0.00421790
0.00408170
0.00401770
0.00403360
0.00395380
0.00379100
0.00370060
0.00372470
0.00449800
0.00439500
0.00442580
0.00417330
0.00436980
0.00425840
0.00409030
0.00420230
0.00437600
0.00443020
0.00443500
0.00434570
0.00433110
0.00423880
0.00414620
0.00409880
0.00409870
0.00414170
0.00411250
0.00410450
0.00389580
0.00384720
0.00445090
0.00390090
0.00382770
0.00378870
0.00383350
0.00400870
0.00443090
0.00443320
0.00443470
0.00459730
0.00430610
0.00425820
0.00425360
0.00405530
0.00403570
0.00429480
0.00452570
0.00427130
0.00415590
0.00441820
0.00439300
0.00435400
0.00430470
0.00436450
0.00415240
0.00415890
0.00437440
0.00444540
0.00384420
0.00414960
0.00496470
0.00448190
0.00426660
0.00411080
0.00410150
0.00413210
0.00416080
0.00395350
0.00431630
0.00427940
0.00436640
0.00450850
0.00420920
0.00435970
0.00452270
0.00500980
0.00434450
0.00439660
0.00411380
0.00449310
0.00417760
0.00408340
0.00426860
0.00428490
0.00422960
0.00432600
0.00431520
0.00390210
0.00384350
0.00376220
0.00379110
0.00376580
0.00373220
0.00375340
0.00376600
0.00390740
0.00447080
0.00442030
0.00429770
0.00434870
0.00417750
0.00411450
0.00445060
0.00438480
0.00439550
0.00431730
0.00448360
0.00440580
0.00440540
0.00443950
0.00400160
0.00396750
0.00444470
0.00459860
0.00459920
0.00447480
0.00461750
0.00452960
0.00422310
0.00397330
0.00395890
0.00399650
0.00389450
0.00388130
0.00417300
0.00452820
0.00434200
0.00440550
0.00416170
0.00426710
0.00426080
0.00415570
0.00425850
0.00454160
0.00434380
0.00431260
0.00426640
0.00425230
0.00394780
0.00385080
0.00400190
0.00394780
0.00388930
0.00394620
0.00409740
0.00396520
0.00394680
0.00439940
0.00449600
0.00449600
0.00436130
0.00487910
0.00452760
0.00446570
0.00444320
0.00424560
0.00421840
0.00416910
0.00478770
0.00460810
0.00434550
0.00434120
0.00421350
0.00421480
0.00392240
0.00420850
0.00459640
0.00395900
0.00393190
0.00455920
0.00416170
0.00449830
0.00434000
0.00413600
0.00394440
0.00390480
0.00381940
0.00412790
0.00426350
0.00426230
0.00406090
0.00400900
0.00485310
0.00485290
0.00426120
0.00404610
0.00382020
0.00424440
0.00407370
0.00406650
0.00422570
0.00411880
0.00411540
0.00380090
0.00380690
0.00380260
0.00390650
0.00387760
0.00381420
0.00392290
0.00421210
0.00420070
0.00421500
0.00427880
0.00435890
0.00424290
0.00403890
0.00424280
0.00430440
0.00426470
0.00426280
0.00424960
0.00408080
0.00416780
0.00400040
0.00397660
0.00399300
0.00395500
0.00391320
0.00396510
0.00405550
0.00383280
0.00402480
0.00404380
0.00400200
0.00398800
0.00400040
0.00391440
0.00371670
0.00407890
0.00403360
0.00398160
0.00398830
0.00388680
0.00389540
0.00392510
0.00388190
0.00380870
0.00385480
0.00386960
0.00394430
0.00405910
0.00369760
0.00394860
0.00395360
0.00390350
0.00385770
0.00393900
0.00412710
0.00410830
0.00404180
0.00391740
0.00397690
0.00399880
0.00391380
0.00441620
0.00444990
0.00406120
0.00379840
0.00387160
0.00396680
0.00473390
0.00405760
0.00401800
0.00392050
0.00401750
0.00435010
0.00496670
0.00436500
0.00431100
0.00423690
0.00407630
0.00407340
0.00402560
0.00405910
0.00437050
0.00406990
0.00385070
0.00409530
0.00397370
0.00404270
0.00394630
0.00416760
0.00397390
0.00386180
0.00392660
0.00371680
0.00374160
0.00368950
0.00419190
0.00399520
0.00404570
0.00414140
0.00420870
0.00416960
0.00430990
0.00439110
0.00412070
0.00408510
0.00416320
0.00472640
0.00418950
0.00413070
0.00412760
0.00411850
0.00420810
0.00400150
0.00389520
0.00393490
0.00385030
0.00388260
0.00396890
0.00466780
0.00451040
0.00437930
0.00455520
0.00449000
0.00456610
0.00471630
0.00476610
0.00439660
0.00441710
0.00459300
0.00486560
0.00479370
0.00455310
0.00442190
0.00474530
0.00463180
0.00480000
0.00456020
0.00473270
0.00468780
0.00455350
0.00436980
0.00467950
0.00422440
0.00414910
0.00405560
0.00403020
0.00393290
0.00397360
0.00400970
0.00391940
0.00387650
0.00400830
0.00440230
0.00440220
0.00473990
0.00451410
0.00429010
0.00425540
0.00390350
0.00489710
0.00464180
0.00442480
0.00446580
0.00438430
0.00436290
0.00440280
0.00426700
0.00412320
0.00402080
0.00378050
0.00408570
0.00391340
0.00380330
0.00387650
0.00407680
0.00396220
0.00385930
0.00386480
0.00395340
0.00430970
0.00429290
0.00436120
0.00415980
0.00423970
0.00430630
0.00421750
0.00423820
0.00400280
0.00394550
0.00406050
0.00414530
0.00402130
0.00406820
0.00410090
0.00420050
0.00406900
