0.44409020
0.02018340
0.01976540
0.02086560
0.02024380
0.01915770
0.02249720
0.02374780
0.02035290
0.02110460
0.02004470
0.01799200
0.02070920
0.02061100
0.02059280
0.02070850
0.01752840
0.01272520
0.02410770
0.00990910
0.01161040
0.01175850
0.01366410
0.01549000
0.01186630
0.02470560
0.01217230
0.02519780
0.01712840
0.01962770
0.01696790
0.01545420
0.01234160
0.01223630
0.01194980
0.01136460
0.00969460
0.01125850
0.00938520
0.01121550
0.01460520
0.01848200
0.01023490
0.01587290
0.01160780
0.00955310
0.01182550
0.01814750
0.01253420
0.01227340
0.01539190
0.01135220
0.01181490
0.01535490
0.01198610
0.01175920
0.01134560
0.00915920
0.01215200
0.00983360
0.01148560
0.01265270
0.01178680
0.01207190
0.01185830
0.01283610
0.01826580
0.01166330
0.01605290
0.01481940
0.01172780
0.01208200
0.01142280
0.01226690
0.01295340
0.01235700
0.01231360
0.01605440
0.01372860
0.01190390
0.01281470
0.01284520
0.01228950
0.01220360
0.01275010
0.02113500
0.02855930
0.01646690
0.01315200
0.01622580
0.01236330
0.01353360
0.01172550
0.01344650
0.01242540
0.01229190
0.01196130
0.01402420
0.01227790
0.01265310
0.01533050
0.01292100
0.01228570
0.01228110
0.01247880
0.01231400
0.01219080
0.01152300
0.01299060
0.01363240
0.01243400
0.01270090
0.01172650
0.01202630
0.01228410
0.01778020
0.01724700
0.01869340
0.01536670
0.01225720
0.01230540
0.01315270
0.01458040
0.01245600
0.01626160
0.01361140
0.01648730
0.01265140
0.01332760
