1
71.81,124.05,32.14,24.15
72.57,123.41,31.22,24.41
72.95,123.46,30.44,24.58
73.61,123.86,29.85,24.41
75.69,123.27,29.74,24.35
75.50,124.54,29.47,24.30
76.53,123.78,29.20,24.02
77.38,123.07,28.87,23.85
78.19,122.81,28.76,23.53
78.00,122.86,28.87,23.20
78.61,123.28,28.91,23.12
79.35,122.58,28.64,23.06
79.47,122.12,28.53,23.05
80.41,121.89,28.39,23.03
80.53,121.13,28.30,23.03
81.01,120.75,28.27,22.94
81.50,120.37,28.19,22.74
81.86,119.83,28.15,22.69
82.26,119.62,27.87,22.45
82.34,119.88,27.85,22.43
82.39,122.03,27.91,22.10
84.73,121.17,27.90,22.17
83.84,121.03,28.06,22.02
83.36,120.84,27.83,21.93
83.99,122.39,27.60,21.95
86.71,121.83,27.79,22.02
86.30,121.82,27.62,21.99
86.76,121.93,27.37,21.94
89.02,121.75,27.59,21.89
88.79,122.51,27.68,21.89
88.78,121.78,27.67,21.93
90.36,121.80,27.87,22.10
89.17,121.74,28.00,22.13
89.35,120.61,27.77,22.40
89.40,120.51,27.60,22.70
89.78,121.45,27.47,22.63
89.17,120.92,27.55,22.55
89.34,121.01,27.43,22.67
90.13,123.38,27.31,22.56
90.45,122.33,27.13,22.68
90.29,123.87,27.35,22.62
90.07,123.42,27.25,22.62
90.34,124.92,27.18,22.53
90.17,124.64,27.08,22.50
89.89,126.63,27.05,22.38
90.04,125.51,26.94,22.27
89.57,126.89,27.06,21.95
89.11,128.22,26.85,21.79
91.38,127.02,26.98,21.81
90.95,126.80,26.74,21.64
91.38,126.40,26.36,21.55
91.12,126.29,26.08,21.48
93.56,126.29,26.49,21.39
93.56,126.53,26.44,21.40
93.64,126.15,26.58,21.62
93.30,126.12,26.69,21.81
93.65,125.81,26.80,21.75
94.02,125.26,26.73,21.75
95.81,125.75,27.09,21.79
95.39,126.12,27.32,21.75
95.76,125.42,27.70,21.72
95.34,125.60,27.90,21.85
96.21,125.33,27.89,22.03
96.37,124.93,28.07,22.30
96.59,125.22,28.21,22.20
96.44,125.33,28.54,22.41
96.12,124.67,28.94,22.30
96.34,123.99,29.04,22.38
96.25,125.38,28.90,22.28
96.74,124.37,28.78,22.39
96.83,124.52,28.79,22.52
97.75,124.36,28.63,22.74
97.11,124.09,28.67,22.74
97.60,124.01,28.38,22.92
97.29,124.51,28.37,23.10
97.94,123.29,28.41,23.10
97.86,123.97,28.31,23.14
98.02,124.33,28.41,23.21
98.40,124.03,28.43,23.27
98.70,123.92,28.31,23.32
99.22,123.28,28.49,23.31
99.17,124.15,28.42,23.27
99.11,124.31,28.21,23.24
98.82,124.55,28.15,23.33
99.62,123.35,28.14,23.48
99.78,123.40,28.08,23.32
99.54,123.27,27.97,23.36
99.24,123.09,28.01,23.37
99.17,123.39,28.17,23.23
99.43,122.81,27.98,23.58
98.70,123.86,28.05,23.67
98.76,123.32,27.94,23.74
99.09,122.85,27.91,23.85
98.99,122.98,28.20,23.64
99.04,122.40,28.09,23.90
98.61,122.43,27.87,23.97
98.22,122.55,28.10,24.00
98.68,121.90,27.92,24.17
98.36,122.48,28.04,24.06
99.20,122.30,28.01,24.30
99.69,121.94,28.23,24.49
100.10,121.77,28.31,24.55
99.73,123.83,28.74,24.08
99.83,123.17,29.14,24.15
99.76,122.68,29.42,24.14
99.65,123.29,29.40,24.26
99.33,122.77,29.44,24.34
99.55,122.92,29.36,24.38
99.83,123.04,29.46,24.31
99.62,122.72,29.71,24.31
99.85,122.15,29.59,24.39
99.38,122.54,30.00,24.37
99.70,122.39,30.00,24.25
99.61,122.38,30.23,24.07
99.69,122.09,30.16,24.03
99.78,122.40,30.67,23.97
99.53,122.21,30.82,23.74
99.76,121.53,30.88,23.76
99.87,121.56,31.08,23.92
99.69,121.07,31.14,24.00
99.32,121.54,31.22,24.13
99.74,120.74,31.10,24.07
100.11,121.37,30.98,23.90
100.01,121.36,31.07,23.95
99.58,121.78,31.01,24.04
99.71,121.19,31.09,23.91
100.26,121.53,30.89,23.84
100.33,121.81,30.82,23.87
100.71,121.79,30.95,23.97
100.93,120.74,30.91,24.04
100.65,121.02,31.21,23.91
100.52,122.15,31.42,23.85
100.34,122.08,31.36,23.91
101.05,121.84,31.27,23.95
100.96,122.62,31.39,23.89
101.67,122.55,31.15,23.86
101.86,122.62,31.00,23.88
102.11,121.38,30.92,23.87
102.13,121.87,31.11,23.97
102.14,121.80,30.93,23.99
101.90,121.38,30.76,24.02
102.04,121.53,30.93,23.95
101.20,121.26,31.11,23.92
101.06,121.08,30.88,24.06
100.66,121.13,30.70,24.20
101.22,121.18,30.70,24.21
100.87,120.73,30.76,24.16
101.17,120.18,30.51,24.12
100.87,120.21,30.66,24.17
100.78,120.42,30.75,24.09
101.11,121.62,30.69,24.03
103.30,121.11,30.67,24.03
102.16,120.78,30.95,24.03
101.02,120.89,31.09,23.98
100.55,120.80,31.01,23.95
100.85,120.79,30.71,23.96
100.87,120.72,30.57,24.02
100.81,120.80,30.48,24.09
101.30,121.94,30.69,23.78
101.50,121.64,30.55,23.78
101.72,121.44,30.29,23.59
101.73,121.86,30.55,23.35
101.69,121.45,30.24,23.39
101.59,121.11,29.93,23.55
101.98,122.74,29.84,23.52
102.45,121.51,29.70,23.64
102.29,121.46,29.78,23.69
102.03,121.28,30.17,23.53
101.62,121.28,30.01,23.60
101.71,121.29,29.87,23.57
101.76,121.11,29.79,23.57
102.11,121.10,29.57,23.61
102.13,120.89,29.68,23.41
101.92,120.54,29.79,23.55
101.74,120.77,29.74,23.71
101.33,120.86,29.49,23.76
103.52,121.25,29.90,23.91
102.69,121.15,29.82,24.06
102.49,121.69,30.03,24.16
102.35,121.19,30.19,24.04
102.14,120.77,30.11,23.99
101.80,120.29,30.31,24.13
101.57,120.21,30.41,24.23
101.81,120.39,30.39,24.43
101.87,120.85,30.53,24.43
102.53,121.90,30.76,24.29
101.92,121.83,31.11,24.47
103.90,121.57,31.57,24.72
103.37,122.90,31.85,24.44
102.64,121.93,32.21,24.48
101.71,121.66,32.37,24.56
101.34,121.01,32.35,24.75
100.86,120.77,32.49,24.79
100.94,120.40,32.29,24.95
100.51,120.13,32.43,25.11
100.88,119.77,32.23,25.20
100.41,118.78,31.89,25.23
103.13,120.39,32.01,25.33
102.35,119.51,32.21,25.31
105.45,120.75,32.40,25.22
104.58,120.79,32.73,25.27
103.80,119.75,32.83,25.39
106.32,121.51,32.81,25.09
104.94,121.08,33.11,25.26
103.92,120.32,33.10,25.37
104.22,119.90,32.95,25.71
104.11,119.22,33.08,25.90
103.94,118.66,32.71,26.15
106.75,120.62,32.89,25.79
105.64,119.93,32.90,25.78
107.64,121.47,32.88,25.50
106.20,121.33,32.79,25.57
105.62,120.10,32.48,25.84
108.02,120.58,32.51,25.76
109.26,122.65,32.39,25.49
107.85,122.55,32.37,25.53
109.26,123.32,32.21,25.60
107.89,122.19,32.11,25.74
106.69,121.68,31.94,26.00
106.50,121.45,32.10,26.00
108.55,122.22,32.42,26.01
106.99,121.27,32.50,25.85
106.32,120.50,32.77,25.88
108.67,122.95,32.85,25.91
109.94,122.40,32.92,25.81
110.88,122.55,33.28,26.03
109.38,120.88,33.16,26.17
111.58,122.51,33.24,26.03
109.64,120.50,33.53,26.00
108.42,119.10,33.29,26.25
111.45,120.76,33.12,26.14
108.45,121.08,35.21,24.52
104.27,121.15,37.53,23.16
101.96,120.56,38.64,22.11
103.86,122.67,39.91,21.12
97.39,121.42,40.71,20.58
95.48,119.65,41.15,20.42
95.11,121.32,41.55,20.16
94.12,119.57,41.79,20.16
103.20,122.51,42.88,19.81
105.86,125.18,43.90,19.20
105.13,124.23,44.28,19.09
104.98,125.25,43.88,18.54
108.21,125.12,44.06,18.60
107.27,126.54,44.51,18.13
107.14,124.94,44.57,18.14
106.95,126.12,44.56,17.86
109.96,124.66,44.75,17.89
109.20,125.66,44.91,17.72
108.26,124.72,45.32,17.97
106.51,125.89,45.51,17.88
108.89,125.10,45.71,18.08
111.41,124.43,46.38,18.08
110.11,123.85,47.08,18.10
112.26,125.37,47.22,18.00
111.67,124.19,47.12,18.09
113.73,123.89,47.50,18.29
112.16,125.51,47.86,18.00
114.81,123.81,47.70,18.07
113.58,124.79,47.82,17.82
115.65,124.03,47.98,18.08
114.17,123.35,47.84,18.42
113.95,124.39,47.39,18.39
117.18,122.95,47.53,18.52
116.40,124.08,47.28,18.49
115.31,123.65,47.47,18.59
117.26,124.45,47.12,18.45
118.55,123.50,47.42,18.56
116.30,124.05,47.52,18.30
118.81,124.78,47.12,18.04
119.83,123.93,47.35,18.23
116.04,123.42,49.16,17.34
117.41,122.33,49.19,17.74
120.28,123.32,49.38,17.68
120.96,121.48,49.85,17.67
122.24,119.99,49.86,17.91
119.96,120.75,50.17,17.91
116.57,119.71,51.64,17.17
117.79,119.47,52.54,16.60
115.75,121.68,52.69,16.08
118.59,120.12,52.61,15.74
121.75,122.04,52.05,15.47
124.76,120.31,51.45,15.35
122.38,120.06,51.11,15.20
125.63,122.11,50.52,15.25
124.71,121.05,49.88,15.42
124.74,122.93,49.75,15.27
129.77,121.70,48.86,15.51
128.85,121.34,48.71,15.70
129.59,122.96,47.76,15.80
129.41,121.47,47.27,16.00
129.51,123.16,47.34,15.76
129.80,121.65,47.59,15.84
128.37,120.52,48.13,15.83
128.10,122.39,48.28,15.87
130.11,120.86,48.79,16.04
129.64,122.79,48.88,15.88
129.62,121.67,48.82,15.88
127.93,120.89,48.91,15.81
130.85,122.54,48.99,15.59
129.69,121.63,48.62,15.78
127.77,121.04,48.67,15.72
126.22,122.79,48.67,15.73
125.09,121.48,48.51,15.83
128.46,123.62,47.98,15.83
131.83,122.39,48.11,15.72
130.68,124.37,47.66,15.76
135.25,123.20,46.83,15.79
135.88,125.41,46.12,15.95
135.78,124.66,45.83,15.80
135.39,124.99,45.74,15.65
135.57,125.06,45.59,15.65
135.82,125.32,45.38,15.61
137.99,125.37,45.17,15.59
136.90,125.79,45.41,15.47
135.88,128.20,45.48,15.38
134.91,128.22,45.45,15.41
134.89,130.22,45.39,15.39
135.39,128.92,45.19,15.54
134.91,127.63,45.00,15.63
133.40,126.45,45.30,15.52
133.51,125.31,45.23,15.41
132.66,124.55,45.10,15.50
136.06,123.87,45.31,15.66
132.00,123.25,45.34,15.74
130.85,122.37,45.40,15.81
133.23,121.81,45.55,15.90
131.91,121.15,45.85,15.98
130.76,120.32,46.00,16.03
129.13,119.93,46.85,15.97
128.47,122.51,46.90,16.01
127.36,121.33,46.83,15.97
126.75,123.51,46.72,15.82
125.82,122.75,46.63,15.75
124.35,122.20,46.73,15.83
122.82,124.51,46.54,15.80
121.55,126.58,46.55,15.56
119.25,125.90,47.29,15.56
121.13,127.67,47.24,15.72
118.88,126.15,47.49,15.87
120.29,128.78,47.20,16.03
117.55,127.35,47.40,16.08
114.27,129.92,47.97,16.03
115.09,129.05,48.07,16.20
116.23,128.35,48.32,16.36
113.16,131.00,48.82,16.04
115.04,130.03,48.93,16.18
112.13,129.46,49.26,16.30
111.89,132.31,48.92,16.19
104.98,134.90,49.26,15.95
108.52,133.06,48.85,16.18
106.86,131.67,48.98,16.09
105.65,131.31,48.91,16.14
107.30,130.44,49.13,16.40
105.13,129.90,48.75,16.45
104.13,132.29,48.55,16.41
105.33,130.98,48.58,16.62
104.08,130.05,48.31,16.81
102.77,132.27,48.14,17.03
100.37,130.80,48.38,17.04
98.78,129.69,48.39,17.17
101.03,131.27,47.14,18.13
96.28,133.60,46.40,18.69
99.02,128.69,45.69,19.37
97.49,127.67,45.34,19.95
97.00,130.04,44.85,20.12
96.61,128.89,44.36,20.33
95.69,127.74,44.28,20.49
96.92,129.93,43.46,20.82
94.63,128.88,43.18,21.06
95.02,131.74,42.52,21.35
95.03,130.24,42.48,21.30
91.57,129.30,42.67,21.40
91.35,128.45,42.92,21.60
90.06,131.07,42.80,21.71
86.24,130.23,43.11,21.86
85.22,132.94,42.90,21.88
83.28,132.31,42.96,22.09
80.68,131.59,42.88,22.00
78.71,130.90,43.52,21.79
77.59,129.84,43.94,21.88
76.27,132.23,44.02,22.18
75.36,130.88,44.21,22.36
74.99,132.26,42.35,24.14
73.60,131.08,42.83,23.71
73.12,132.47,41.31,24.98
72.22,131.28,41.88,24.68
70.33,130.09,42.22,24.77
69.33,132.00,42.47,24.71
67.30,130.25,43.05,24.77
64.12,128.92,44.10,24.45
61.19,127.74,45.26,24.22
