0.21749720
0.00646150
0.00624650
0.00615610
0.00587720
0.00613510
0.00585280
0.00608960
0.00621540
0.00636340
0.00624230
0.00602950
0.00626150
0.00633560
0.00616100
0.00607890
0.00637470
0.00647480
0.00633420
0.00607930
0.00597200
0.00591570
0.00577760
0.00609740
0.00637460
0.00611280
0.00611090
0.00612500
0.00596750
0.00609350
0.00503000
0.00497850
0.00492630
0.00501290
0.00463280
0.00487590
0.00490390
0.00479580
0.00492220
0.00477870
0.00466590
0.00472110
0.00499940
0.00533750
0.00520230
0.00479990
0.00468030
0.00465030
0.00465030
0.00478900
0.00487570
0.00464770
0.00493740
0.00486160
0.00504040
0.00465420
0.00469110
0.00466700
0.00469510
0.00501020
0.00486260
0.00474970
0.00457280
0.00465960
0.00477540
0.00410520
0.00409490
0.00436840
0.00451720
0.00418190
0.00401310
0.00398180
0.00429710
0.00420150
0.00406550
0.00405270
0.00420680
0.00423890
0.00420380
0.00428250
0.00422850
0.00412160
0.00396680
0.00411900
0.00426210
0.00389520
0.00393140
0.00429790
0.00433760
0.00418690
0.00416560
0.00415420
0.00404920
0.00423890
0.00389240
0.00382190
0.00396760
0.00391120
0.00437790
0.00429640
0.00407030
0.00414290
0.00438010
0.00403170
0.00405100
0.00429760
0.00421070
0.00402600
0.00400100
0.00417580
0.00392110
0.00400430
0.00389980
0.00397820
0.00397060
0.00393830
0.00415760
0.00406860
0.00435590
0.00419410
0.00397890
0.00401130
0.00426780
0.00412610
0.00387550
0.00386610
0.00417720
0.00420200
0.00406930
0.00403040
0.00409930
0.00428740
0.00413380
0.00416150
0.00417660
0.00410120
0.00421730
0.00434730
0.00424290
0.00420150
0.00445430
0.00425390
0.00443130
0.00444020
0.00408520
0.00416760
0.00409160
0.00415070
0.00419180
0.00408760
0.00391360
0.00382710
0.00395640
0.00400440
0.00388270
0.00388350
0.00419250
0.00402200
0.00390720
0.00413240
0.00427060
0.00394630
0.00413980
0.00398460
0.00405710
0.00412930
0.00405930
0.00396370
0.00433900
0.00415000
0.00404570
0.00382470
0.00391900
0.00384540
0.00381380
0.00381350
0.00388290
0.00376830
0.00396800
0.00405100
0.00393600
0.00390570
0.00400830
0.00409030
0.00401490
0.00397330
0.00451230
0.00410630
0.00412240
0.00427840
0.00423840
0.00418960
0.00393480
0.00412400
0.00413270
0.00432650
0.00429420
0.00403890
0.00428900
0.00411590
0.00447560
0.00421720
0.00426390
0.00421800
0.00395260
0.00375300
0.00433180
0.00384590
0.00400200
0.00397450
0.00396030
0.00423560
0.00409730
0.00413720
0.00405660
0.00429920
0.00417520
0.00420810
0.00395790
0.00416180
0.00422070
0.00434290
0.00421640
0.00425310
0.00425530
0.00429250
0.00399660
0.00417330
0.00389930
0.00427340
0.00408420
0.00432410
0.00427230
0.00409590
0.00411740
0.00401060
0.00478660
0.00436230
0.00431250
0.00418270
0.00417840
0.00426600
0.00421680
0.00425740
0.00414610
0.00410860
0.00420460
0.00430690
0.00388190
0.00434370
0.00407200
0.00394660
0.00393540
0.00406210
0.00406840
0.00414870
0.00407140
0.00408390
0.00421950
0.00401780
0.00407480
0.00427970
0.00432950
0.00411580
0.00420780
0.00422300
0.00407630
0.00413960
0.00393080
0.00385510
0.00381620
0.00406500
0.00387640
0.00382800
0.00404320
0.00407480
0.00421200
0.00408150
0.00399500
0.00402020
0.00432200
0.00387150
0.00435190
0.00424420
0.00416420
0.00406210
0.00436080
0.00407600
0.00435670
0.00422060
0.00384460
0.00412490
0.00404320
0.00394020
0.00390060
0.00383820
0.00374640
0.00427870
0.00386040
0.00365940
0.00368960
0.00386590
0.00392450
0.00410990
0.00425090
0.00402880
0.00418290
0.00415440
0.00405560
0.00411800
0.00400130
0.00412180
0.00404980
0.00393650
0.00389260
0.00416320
0.00416690
0.00405890
0.00392860
0.00430760
0.00430960
0.00413590
0.00395680
0.00382790
0.00441780
0.00433490
0.00405310
0.00439040
0.00436010
0.00428740
0.00393070
0.00389280
0.00380670
0.00442260
0.00434830
0.00414910
0.00419700
0.00478050
0.00397850
0.00460900
0.00392390
0.00387590
0.00400090
0.00434710
0.00417220
0.00413040
0.00421130
0.00406830
0.00421140
0.00408760
0.00404490
0.00402690
0.00397540
0.00440010
0.00422500
0.00413570
0.00421780
0.00413790
0.00417800
0.00401190
0.00413280
0.00434550
0.00419650
0.00404350
0.00386410
0.00384000
0.00410950
0.00397150
0.00390500
0.00428460
0.00405290
0.00393070
0.00423290
0.00413440
0.00412300
0.00431310
0.00409410
0.00413460
0.00423250
0.00395180
0.00401710
0.00418750
0.00428100
0.00432200
0.00409210
0.00392290
0.00390930
0.00414440
0.00405920
0.00394630
0.00388570
0.00422420
0.00432960
