0.27419850
0.00569440
0.00531960
0.00537710
0.00571240
0.00586720
0.00585610
0.00669190
0.01441720
0.00546100
0.00578400
0.00597470
0.00562290
0.00597590
0.00580160
0.00575320
0.00553450
0.00579010
0.00543550
0.00547600
0.00560080
0.00614880
0.00524680
0.00578480
0.00592500
0.00563920
0.00506680
0.00586930
0.00564870
0.00596960
0.00541670
0.00565220
0.00772080
0.00522730
0.00532920
0.00557920
0.00548740
0.00520910
0.00545420
0.00555850
0.00625570
0.00567230
0.00528370
0.00546120
0.00569060
0.00559730
0.00560390
0.00578410
0.00552390
0.00512010
0.00555440
0.00519820
0.00573130
0.00549750
0.00481590
0.00742110
0.00572870
0.00549870
0.00514860
0.00476160
0.00527940
0.00559470
0.00516750
0.00544230
0.00593780
0.00526930
0.00582340
0.00562420
0.00524950
0.00465080
0.00515000
0.00581400
0.00567120
0.00591630
0.00548470
0.00531700
0.00483000
0.00460940
0.00536950
0.00505250
0.00478200
0.00503120
0.00496670
0.00493320
0.00537400
0.00488120
0.00483480
0.00458480
0.00514030
0.00539650
0.00521600
0.00467850
0.00520090
0.00490340
0.00522140
0.00508380
0.00486570
0.00494820
0.00519720
0.00453650
0.00450440
0.00513380
0.00506030
0.00508680
0.00505330
0.00532920
0.00494280
0.29776980
0.00538580
0.00454040
0.00509610
0.00507400
0.00533930
0.00519910
0.00501250
0.00471450
0.00536040
0.00498950
0.00528000
0.00475530
0.00576380
0.00474140
0.00545240
0.00515410
0.00529010
0.00491010
0.00510720
0.00459040
0.00501910
0.00491110
0.00546330
0.00500300
0.00502190
0.00488670
0.00455600
0.00479150
0.00549440
0.00472040
0.25583160
0.00495380
0.00496820
0.00531330
0.00482550
0.00512270
0.00483470
0.00499190
0.00459990
0.00480370
0.00476150
0.00474370
0.00499940
0.00528000
0.00522600
0.00467200
0.00538900
0.00438550
0.00505640
0.00482320
0.00483780
0.00486260
0.00508600
0.00443780
0.00491290
0.00476010
0.00474420
0.00481160
0.00549130
0.00506740
0.00485110
0.00457430
0.00564970
0.00492160
0.00534000
0.00559680
0.00541590
0.00538220
0.00472960
0.00480290
0.00485330
0.00500220
0.00469670
0.00542820
0.00508980
0.00452580
0.00434850
0.00457280
0.00497240
0.00477560
0.00534160
0.00529650
0.00504460
0.00489430
0.00502270
0.00475610
0.00476020
0.00541370
0.00531350
0.00521720
0.00464360
0.00544260
0.00532240
0.00513790
0.00487760
0.00477180
0.00483970
0.00496060
0.00496090
0.00529960
0.00504270
0.00511020
0.00462520
0.00478070
0.00499210
0.00479860
0.00482840
0.00479690
0.00472060
0.00486730
0.00514430
0.00508190
0.00458320
0.00492410
0.26190030
0.00545780
0.00485140
0.00508380
0.00555960
0.00518030
0.00486160
0.00475020
0.00473610
0.00539150
0.00479230
0.00461740
0.00485600
0.24728540
0.28156930
0.00503170
0.00491540
0.00501000
0.28681660
0.00478230
0.00529210
0.00508060
0.00481990
0.00483820
0.00476230
0.00491080
0.00494880
0.00483290
0.00471010
0.00485230
0.00496130
0.00472620
0.00482230
0.00461940
0.00498380
0.00484730
0.00477290
0.00476200
0.00498740
0.00478770
0.00471570
0.00472640
0.00434420
0.00447610
0.00488100
0.00501970
0.00469720
0.00491020
0.00572110
0.00487040
0.00504960
0.00510380
0.00478690
0.00462520
0.00458210
0.26856040
0.00498050
0.00528140
0.00631100
0.00536460
0.00511660
0.00554180
0.00540080
0.00527190
0.00506820
0.00485000
0.00501360
0.00511710
0.00490170
0.00511670
0.00507910
0.00506980
0.00685890
0.00509860
0.00500380
0.00475060
0.00516950
0.00528570
0.00496110
0.00468610
0.00509260
0.26327480
0.00502680
0.00536900
0.00508650
0.00520470
0.00532270
0.00543260
0.00478410
0.00473950
0.00534400
0.00525470
0.00559720
0.00576600
0.00494490
0.00525240
0.00471710
0.00465560
0.00491280
0.00519680
0.00526820
0.00563390
0.00555530
0.00446330
0.00450230
0.00510240
0.00462550
0.00489430
0.00494280
0.00537590
0.00464950
0.00447290
0.00437550
0.00505510
0.00486230
0.00595290
0.00472030
0.00489190
0.00502450
0.00497580
0.00468120
0.00560080
0.00520510
0.25274580
0.00497420
0.00523570
0.00590380
0.00512660
0.00531590
0.00509770
0.00490380
0.00512940
0.00499610
0.29226750
0.00515970
0.00519790
0.00538920
0.00497590
0.00527720
0.00520710
0.00521790
0.00522940
0.33232170
0.00709310
