1
179.24,16.95,52.64,41.44
178.08,16.36,52.74,41.36
177.52,15.92,52.64,41.63
176.24,17.40,52.45,41.63
175.70,18.18,52.48,41.73
174.68,19.27,52.47,41.94
173.83,20.68,53.02,42.23
172.79,22.00,53.53,42.21
171.88,22.44,54.10,42.45
172.20,27.79,54.81,42.04
171.46,30.16,54.83,41.94
171.37,30.62,54.66,41.78
169.95,32.09,54.85,41.71
168.66,33.07,55.08,41.66
168.42,33.27,54.88,41.89
168.89,33.11,54.56,42.15
168.45,34.21,54.40,41.97
169.72,38.90,55.14,41.55
168.49,39.74,55.57,41.35
168.04,40.06,55.87,41.34
168.17,40.78,55.91,41.33
169.79,44.76,56.01,41.56
169.50,45.93,55.89,41.42
169.63,46.88,55.74,41.20
169.65,48.33,55.70,40.94
168.74,49.06,55.41,40.80
168.42,50.10,54.99,40.92
168.42,50.29,54.84,40.97
168.50,51.70,54.53,40.80
168.75,52.58,54.73,40.55
169.18,53.33,55.17,40.33
168.60,54.22,55.60,40.23
168.44,54.30,56.21,40.32
166.70,54.91,56.41,40.22
166.52,55.41,57.00,40.08
166.71,55.53,57.37,40.07
168.74,54.90,57.35,40.29
168.46,55.06,57.39,40.34
169.36,54.44,56.86,40.57
170.63,54.02,56.55,40.77
171.45,54.37,56.19,40.73
171.43,55.02,55.88,40.49
172.62,55.03,54.99,40.32
173.46,54.98,54.39,40.09
173.31,55.27,53.71,39.93
174.79,55.35,53.02,39.72
175.42,55.41,51.83,39.76
177.02,55.35,50.90,39.60
178.69,55.21,50.23,39.43
179.19,55.12,50.18,39.23
179.99,55.05,50.26,39.06
180.62,54.23,50.30,39.14
182.91,53.44,50.20,39.27
183.99,52.51,49.92,39.37
185.87,51.19,49.03,39.58
187.48,50.12,47.96,39.65
189.52,49.46,47.06,39.70
191.21,49.39,46.16,39.71
192.38,48.35,45.38,39.79
193.54,46.99,44.73,39.91
194.84,46.31,44.11,39.84
196.39,45.44,43.42,40.07
197.40,44.61,42.91,40.23
198.53,43.43,42.20,40.50
201.04,43.45,41.75,40.93
200.82,45.22,41.14,41.32
201.01,43.96,40.47,41.70
203.03,45.10,40.36,41.76
203.93,43.76,40.32,41.89
204.63,42.60,40.30,42.21
205.69,44.27,40.51,42.45
206.25,45.38,40.76,42.46
204.25,43.54,40.21,42.81
206.79,44.27,40.16,42.78
205.42,44.43,40.07,42.50
207.31,45.32,40.26,42.06
206.10,43.60,40.00,41.93
207.98,45.03,39.84,41.70
207.61,45.71,39.50,41.44
209.82,45.32,39.25,41.43
209.28,43.87,39.27,41.31
211.92,45.07,39.31,41.18
211.02,45.60,39.35,40.53
213.36,46.57,39.55,40.03
214.47,45.15,39.77,39.62
216.56,44.03,39.69,39.50
218.55,44.88,39.77,39.46
219.83,43.68,39.56,39.64
218.16,42.66,39.10,39.59
219.94,42.40,38.95,39.82
218.97,43.01,37.27,41.40
221.07,41.73,35.83,42.80
222.20,40.62,34.78,43.84
221.38,38.77,34.11,44.47
222.71,37.60,33.58,45.11
221.60,36.36,33.24,45.46
222.59,35.05,33.17,45.88
218.70,35.32,34.45,44.81
218.47,33.39,35.72,44.47
216.36,31.77,36.88,44.05
214.25,30.56,37.81,43.81
214.96,29.38,38.56,43.71
212.76,27.40,38.84,43.56
209.97,25.21,39.19,43.08
207.71,23.44,39.18,42.80
206.56,21.54,39.24,42.47
206.56,21.54,39.24,42.47
205.88,18.35,38.25,42.47
205.24,15.93,37.71,42.27
205.14,14.18,37.25,42.07
204.39,13.08,36.71,41.87
204.34,11.68,36.49,41.63
204.17,10.41,36.30,41.30
204.10,9.57,36.18,40.98
204.38,8.30,36.12,40.88
204.18,7.70,36.02,40.86
203.92,6.99,35.93,40.83
203.88,5.85,35.84,40.64
203.06,4.44,35.58,40.71
202.04,3.47,35.55,40.45
200.96,2.67,35.83,40.13
204.20,2.35,35.55,40.06
203.05,1.62,35.43,39.85
201.83,0.57,35.55,39.33
205.13,0.21,35.05,38.85
204.38,-0.58,34.97,38.18
222.05,-2.39,20.55,54.31
221.20,-2.75,20.05,53.96
223.03,-3.27,19.67,53.75
215.20,3.10,30.50,39.06
218.32,3.19,28.10,40.94
221.30,2.66,25.95,42.66
223.99,2.84,24.19,44.04
226.11,2.11,22.76,45.19
228.43,2.04,21.41,46.24
232.22,1.86,17.91,53.43
234.16,2.91,17.85,53.62
231.05,7.83,20.36,47.38
228.51,2.33,20.12,47.18
226.09,-1.78,20.41,45.90
227.84,-2.20,20.63,44.50
229.40,-2.77,20.59,43.31
230.59,-2.36,20.60,41.45
231.86,-0.39,20.33,40.34
232.93,-1.44,20.24,38.87
230.60,-1.66,21.27,36.67
229.09,-2.24,22.11,34.69
227.42,-2.20,22.74,33.03
225.89,-1.89,22.95,31.49
223.87,-2.33,22.93,30.41
218.21,-2.09,23.39,29.60
219.04,-1.77,23.88,28.79
219.90,-1.15,24.21,28.08
217.31,-0.75,24.59,27.66
218.05,-0.71,25.04,27.39
219.00,-0.18,25.41,27.08
220.02,-0.30,25.63,27.00
221.12,-0.48,25.72,26.89
222.65,-0.37,25.75,26.65
220.94,-0.24,25.74,26.52
218.63,-0.90,25.79,26.61
220.16,-1.35,25.58,26.54
222.12,-1.94,25.19,26.28
224.26,-2.65,24.74,25.81
226.69,-3.03,24.31,25.24
228.83,-2.92,23.91,24.86
230.25,-2.02,23.59,24.52
229.32,-1.59,23.55,24.32
231.12,-1.26,23.48,24.40
232.87,-1.07,23.49,24.64
231.25,-0.91,23.69,24.75
232.64,-0.84,23.90,24.96
224.77,-0.72,23.33,24.94
220.09,-0.92,22.87,24.87
215.64,-1.11,22.51,24.36
214.45,-1.16,22.14,23.89
216.05,-0.97,21.73,23.66
215.00,-1.31,21.23,23.38
213.69,0.55,20.96,23.20
212.79,-0.13,20.71,22.96
214.33,-0.29,20.33,22.79
213.38,-0.88,20.06,22.69
209.77,-1.19,19.68,22.26
205.88,-1.72,19.37,21.71
204.69,-1.90,19.10,21.00
203.58,-0.54,18.78,20.61
202.82,-0.97,18.54,20.25
173.72,53.65,33.09,36.43
199.16,-0.82,18.24,19.95
203.30,0.55,18.05,20.05
204.98,-0.32,17.68,20.42
204.32,-0.68,17.41,20.72
203.90,-0.78,17.19,20.89
205.58,-0.74,17.05,20.98
204.86,-0.67,16.96,21.08
204.19,-0.69,16.88,21.21
203.16,-0.77,16.83,21.21
202.11,-1.00,16.82,21.29
200.91,-0.89,16.75,21.43
199.78,-0.68,16.77,21.56
198.10,0.50,16.72,21.95
196.77,0.01,16.69,22.10
195.22,-0.33,16.81,21.93
193.70,-0.65,16.83,21.87
190.48,-0.64,16.93,21.78
189.80,-0.71,16.92,21.68
186.75,-0.56,16.90,21.64
185.53,0.01,16.86,21.60
184.09,1.93,16.80,21.97
182.94,1.62,16.71,22.27
181.42,2.02,16.67,22.42
177.85,2.33,16.93,22.76
178.81,2.73,17.03,22.76
178.05,3.09,17.15,22.79
180.25,3.27,16.12,23.30
179.68,3.21,15.25,23.64
179.23,3.43,14.46,24.33
176.21,2.00,13.99,24.68
116.29,76.21,35.89,36.22
169.07,9.38,14.18,24.27
109.14,80.14,36.30,36.59
110.36,77.74,36.50,36.69
166.72,2.23,13.85,24.68
165.58,1.72,13.40,25.21
164.91,2.35,13.11,25.48
165.70,2.06,12.67,25.94
164.64,2.21,12.45,26.39
163.56,2.31,12.42,26.59
162.00,2.34,12.30,27.09
158.13,1.00,12.31,26.95
154.54,1.01,12.34,26.87
152.42,1.51,12.30,27.33
84.21,86.82,37.59,37.78
80.49,85.65,37.74,37.96
76.97,89.41,37.77,37.98
78.14,88.23,37.94,37.90
137.82,1.13,11.76,28.31
75.69,85.55,38.43,37.95
68.09,87.80,38.25,38.29
69.15,86.11,37.99,38.59
134.90,-1.56,11.74,29.58
134.14,-1.41,12.08,29.30
133.03,-1.40,12.36,28.94
132.00,-1.76,12.59,28.51
132.79,-1.59,12.76,27.87
133.57,-1.55,12.83,27.19
134.41,-2.35,12.83,26.95
134.98,-1.35,12.82,26.84
135.97,-1.50,12.82,26.69
136.44,-1.49,12.83,26.46
134.89,-0.30,12.85,26.51
135.35,-1.01,12.87,26.37
133.65,-1.27,13.00,25.52
132.87,0.42,13.18,25.10
134.50,-0.09,13.14,25.07
135.57,-0.36,12.97,25.07
136.25,-1.33,12.74,25.43
137.17,-0.92,12.65,25.11
138.37,-0.98,12.61,25.00
141.47,-0.89,12.55,24.82
145.42,-0.17,12.52,24.89
149.14,0.36,13.61,23.79
151.90,2.76,14.46,23.33
154.84,3.62,15.21,22.97
160.67,6.00,15.83,23.16
167.18,9.03,15.15,24.23
80.27,96.23,39.99,39.55
158.75,9.15,15.38,23.64
160.21,11.31,15.85,22.98
164.35,12.98,16.17,22.48
168.84,16.85,15.37,23.53
175.98,18.46,14.82,24.14
182.78,17.61,14.10,24.70
186.66,17.61,13.51,25.27
113.22,93.52,38.52,39.85
115.59,92.54,38.17,39.93
117.69,91.80,37.91,40.03
194.02,17.90,14.09,24.14
193.35,18.25,15.00,23.52
194.91,18.06,15.77,23.06
196.37,18.19,16.50,22.63
196.27,17.40,17.03,22.29
198.36,17.10,17.40,22.12
198.22,16.16,17.59,22.01
199.56,15.32,17.83,22.11
201.20,14.54,18.09,22.22
200.04,14.18,18.18,22.40
199.49,13.84,18.25,22.53
120.57,87.17,37.33,38.50
118.78,85.42,36.97,38.13
200.63,13.32,18.43,22.83
123.39,86.46,36.70,37.69
201.22,12.90,18.73,23.17
118.63,86.99,36.24,37.34
120.21,85.44,36.02,37.17
118.50,87.46,35.84,36.96
120.92,86.22,35.59,36.71
122.92,88.41,35.43,36.51
205.28,11.63,20.05,24.16
124.03,86.43,35.48,36.36
126.53,85.48,35.26,36.30
128.63,87.30,35.34,36.33
127.73,86.39,34.99,36.29
208.19,10.30,20.75,24.46
210.31,10.41,20.92,24.36
211.85,10.50,21.17,24.17
213.75,11.16,21.30,24.10
215.43,12.15,21.55,24.00
216.68,12.50,21.63,23.93
218.08,12.80,21.70,23.89
217.46,12.40,21.68,23.81
219.39,11.97,21.58,23.77
221.48,11.23,21.42,23.70
223.23,10.54,21.42,23.56
225.61,9.84,21.42,23.57
228.12,8.88,21.34,23.49
230.24,8.13,21.25,23.47
232.05,8.17,21.15,23.26
234.27,8.51,21.02,23.05
236.77,8.71,20.98,22.65
241.24,9.70,20.95,22.54
243.43,10.29,20.93,22.51
245.08,10.88,21.04,22.63
246.95,11.38,21.21,22.69
249.54,10.99,21.20,22.86
251.33,11.16,21.18,23.04
253.28,11.45,21.21,23.01
255.44,11.72,21.21,23.01
257.66,11.28,21.35,23.01
260.25,10.95,21.36,22.95
263.00,12.54,21.32,23.10
265.48,10.77,21.19,23.33
267.94,9.48,21.01,23.45
273.20,8.27,20.92,23.69
277.25,6.51,20.73,23.83
279.35,2.89,20.60,23.77
284.32,0.89,20.61,23.50
290.14,-0.45,20.52,23.06
199.38,76.77,34.24,35.41
205.97,74.62,34.70,35.45
212.65,72.53,35.40,35.21
215.42,70.78,35.68,35.28
218.19,72.50,35.74,35.42
220.59,70.40,35.71,35.65
223.46,68.41,35.54,35.87
225.78,67.03,35.42,36.14
227.02,69.49,35.32,36.24
225.03,68.92,35.16,36.09
230.32,71.46,35.25,35.87
231.13,70.18,35.53,35.70
228.99,69.78,35.29,35.72
231.01,72.61,35.14,35.71
231.90,72.09,35.19,35.60
233.07,71.48,35.14,35.56
230.97,74.59,35.17,35.55
328.46,2.01,19.31,18.12
229.90,76.13,35.26,35.35
230.92,78.85,35.53,35.01
228.62,80.97,35.68,35.19
226.59,79.92,35.69,35.19
225.07,82.67,35.82,35.18
327.64,10.20,21.51,20.42
221.17,84.85,35.22,35.14
222.12,87.30,35.30,34.89
220.37,85.74,34.99,35.04
