0.22590140
0.00441210
0.00518490
0.00481250
0.00439080
0.00445790
0.00534220
0.00452150
0.00432050
0.00405120
0.00383390
0.00452280
0.00460850
0.00442050
0.00455960
0.00490600
0.00435440
0.00425200
0.00404830
0.00468470
0.00481210
0.00386540
0.00387300
0.00413250
0.00445590
0.00446410
0.00407530
0.00422350
0.00477610
0.00443950
0.00441770
0.00421200
0.00422960
0.00463250
0.00426720
0.00410480
0.00406430
0.00475660
0.00432620
0.00399910
0.00400320
0.00574320
0.00436470
0.00403720
0.00423540
0.00404130
0.00455080
0.00424570
0.00420450
0.00400680
0.00447170
0.00425490
0.00387070
0.00388180
0.00470010
0.22798140
0.00409450
0.00416430
0.00450070
0.00454010
0.00417280
0.00398710
0.00439410
0.00454540
0.00414430
0.00380630
0.00465950
0.00467540
0.00400970
0.00400490
0.00367740
0.00435890
0.00433140
0.00411820
0.00390960
0.21623260
0.00530940
0.00451110
0.00427100
0.00411850
0.00372850
0.00433590
0.00391700
0.00365200
0.00371590
0.00510460
0.00448240
0.00417210
0.00411900
0.00397050
0.00451010
0.00393160
0.00390720
0.00383890
0.00501220
0.00421970
0.00388430
0.00403370
0.00385320
0.00436190
0.00442270
0.00400970
0.00401220
0.00411350
0.00422730
0.00424860
0.00400560
0.00502480
0.00463970
0.00377740
0.00374910
0.00371020
0.00416900
0.00455050
0.00422190
0.00407590
0.00528980
0.00468340
0.00378240
0.00400020
0.00418970
0.00470220
0.00396200
0.00392190
0.00369470
0.00368040
0.00453110
0.00373600
0.00371990
0.00424000
0.00476150
0.00433600
0.00385830
0.00393190
0.00414800
0.00467520
0.00428850
0.00419910
0.00448750
0.00489030
0.00437940
0.00407510
0.00420530
0.00460510
0.00464330
0.00431080
0.00395480
0.00392140
0.00456610
0.00426480
0.00430010
0.00419780
0.00464790
0.00406010
0.00383930
0.00421310
0.00496630
0.00459110
0.00430180
0.00420740
0.00492730
0.00473820
0.00439610
0.00393740
0.00410390
0.00475430
0.00423800
0.00442210
0.00434920
0.00468700
0.00460940
0.00413660
0.00473610
0.00447330
0.00428620
