0.26606640
0.01358120
0.01072680
0.01136620
0.00954750
0.00926290
0.00985090
0.00955650
0.01153060
0.01002840
0.01118650
0.01000680
0.00927880
0.00929440
0.00821710
0.00888280
0.00783650
0.00721030
0.00909780
0.00829080
0.00781250
0.00805800
0.00770390
0.00710170
0.00955580
0.00805750
0.00740620
0.00802900
0.00794050
0.00854490
0.00842310
0.26014310
0.00909460
0.00659710
0.00633540
0.00822530
0.00751230
0.00712800
0.00812330
0.00717580
0.00687220
0.00855790
0.00741570
0.00665560
0.00739290
0.00727290
0.00690290
0.00678060
0.00735310
0.00592830
0.00596560
0.00632580
0.00590700
0.00556160
0.00568270
0.00630240
0.00548880
0.00641640
0.00761980
0.00661900
0.00645320
0.00792020
0.00637210
0.00609110
0.29163260
0.29844890
0.34574690
0.28432940
0.35115560
0.31189100
0.30381040
0.27239610
0.28513190
0.27853760
0.29322550
0.21804850
0.21707040
0.23406560
0.23073090
0.23229330
0.23007160
0.23439310
0.22789290
0.27804300
0.27683660
0.27271790
0.27069610
0.27785850
0.27307860
0.27608820
0.21969030
0.21110950
0.22476150
0.22424370
0.21898750
0.21551410
0.22461140
0.21700800
0.25197640
0.26235840
0.28149630
0.02475570
0.29372710
0.25778630
0.27722630
0.25890640
0.21080540
0.22403100
0.23001470
0.21759520
0.23778660
0.21458160
0.20711420
0.27937520
0.28795860
0.02113010
0.02090610
0.01583760
0.01950660
0.02079920
0.27647700
0.21077100
0.22008890
0.24244110
0.00775470
0.00646940
0.00646530
0.00614700
0.00693100
0.00703220
0.00645300
0.00687990
0.00665130
0.00664900
0.00741540
0.00727850
0.00666310
0.00650310
0.00716510
0.00690140
0.00651410
0.00780250
0.00651450
0.00667940
0.00762420
0.00661360
0.00594580
0.00595840
0.00713930
0.00630110
0.00620450
0.00783980
0.00731060
0.00640330
0.00549150
0.00612100
0.00528200
0.00528140
0.23126620
0.00529180
0.00512710
0.00554440
0.00552420
0.00582130
0.00513840
0.00653670
0.00572120
0.00544310
0.00630660
0.00559370
0.00489760
0.00490030
0.00524010
0.00586990
0.00550200
0.00524680
0.00642130
0.00562970
0.00497560
0.00536650
0.00648070
0.00583680
0.00562130
0.00549410
0.00593190
0.00515530
0.00534020
0.00643180
0.00572220
0.00541900
0.00497660
0.00609950
0.00598850
0.00549410
0.00512190
0.00589650
0.00560850
0.00526430
0.00539120
0.00565870
0.00511160
0.00549240
0.00503750
0.00578550
0.00547570
0.00529410
0.00626430
0.00563260
0.00541100
0.00495070
0.00598200
0.00502690
0.00505670
0.00487610
0.00581270
0.00558490
0.00551890
0.00541530
0.00545050
0.00493520
0.00498960
0.00500260
0.00588950
0.00522200
0.00474190
0.00470530
0.00540290
0.00476890
0.00490000
0.00508020
0.00548380
0.00541290
0.00532040
0.00526020
0.00571140
0.00542320
0.00511730
0.00686650
0.00535310
0.00527820
0.00502060
0.00587970
0.00550170
0.00569440
0.00525180
0.00542890
0.00556930
0.00507820
0.00476760
0.00570660
0.00533990
0.00513100
0.00497160
0.00562440
0.00531920
0.00471640
0.00504500
0.00555670
0.00522040
0.00573370
0.00659370
0.00541040
0.00504860
0.21891650
0.00550420
0.00554570
0.00499920
0.00507400
0.00578060
0.00546950
0.00482250
0.00493140
0.00616390
0.00507390
0.00520690
0.00528270
0.00561430
0.00512850
0.00499360
0.00528260
0.00581060
0.00555010
0.00510460
0.00564020
0.00667760
0.00676240
0.00648950
0.00746040
0.00651940
0.00752920
0.00690080
0.00586890
0.00626150
0.00743670
0.00644860
0.00760170
0.00638130
0.00614800
0.00550030
0.00684300
0.00636100
0.00686970
0.00617970
0.00725550
0.00666580
0.00577120
0.00640190
0.00601070
0.00661410
0.00712030
0.00674400
0.00618460
0.00854990
0.00632360
0.00602300
0.00924630
0.00635280
0.00706480
0.00722000
0.00697270
0.00598200
0.00531570
0.00576750
0.00564090
0.00658840
0.00636210
0.29298960
0.00640530
0.00689840
0.00575720
0.00517980
0.00771680
0.00598390
0.00551450
0.00543460
0.27158270
0.22145100
0.00508470
0.00501840
0.00541540
0.23573930
0.00670210
0.00699170
0.00650430
0.00637110
0.00723480
0.00645330
0.00639840
0.00781620
0.00670210
0.00647540
0.00790830
0.00653640
0.00622590
0.00625170
0.00711740
0.00654640
0.00622380
0.00754880
0.00683940
0.00613500
0.00815210
0.00754300
0.00784630
0.00756510
0.00612870
0.00580570
0.00550730
0.00662080
0.00607610
0.00565290
0.00685650
0.00596620
0.00550070
0.00518580
0.00626130
0.00567110
0.00543930
0.00536620
0.00586280
0.00559050
0.00573190
0.00697100
0.00602450
0.00572560
0.00572970
0.00593740
0.22166620
0.23307550
0.22298240
0.23263470
0.22978120
0.22580740
0.22878510
0.22075650
0.27238060
0.27292030
0.28445060
0.27196550
0.21706640
0.00581750
0.22122900
0.22310190
0.24448730
0.21762790
0.22488660
0.22521550
0.22060080
0.28173450
0.30247460
0.31134850
0.30174050
0.02048660
0.01473240
0.01529320
0.26923400
0.02563400
0.01843290
0.00632630
0.00676560
0.00621950
0.00598060
0.00600530
0.00643580
0.22759840
0.00599670
0.00622830
0.00615550
0.00586220
0.00720260
0.00631380
0.00545860
0.00554780
0.00630210
0.00573090
0.00541920
0.00578550
0.00662520
0.00578180
0.00584540
0.00610220
0.00576700
0.00559340
0.00536050
0.00632290
0.00593130
0.00587800
0.00706490
0.23348190
0.00567600
0.00640220
0.00559510
0.21829710
0.00535310
0.00651730
0.21907570
0.22593740
0.21858600
0.27187880
0.25726770
0.02180910
0.01560260
0.25336700
0.02478870
0.01721120
0.01862050
0.01472590
0.01651060
0.01578600
0.00518280
0.00506580
0.00460680
0.00477900
0.00478740
0.22349580
0.21963960
0.22140850
0.22452900
0.21605420
0.22157040
0.25525840
0.27303540
0.02237850
0.01849460
0.01447910
0.01639400
0.01454970
0.01345810
0.00514810
0.00605050
0.00497480
0.00480760
0.00475800
0.00564350
0.00553940
0.00511360
0.00481500
0.00576080
0.00509220
0.00459870
0.00450990
0.00482510
0.00549210
0.00512270
0.00470730
0.00627420
0.00521600
0.00492130
0.00508870
0.00615010
0.00565820
0.00476260
0.00469360
0.00567090
0.00478480
0.00475540
0.00439890
0.00628790
0.00505790
0.00504040
0.00444310
0.00555280
0.00488130
0.00468160
0.00467970
0.00582330
0.22494310
0.00474430
0.00464710
0.00524110
0.22078840
0.21499870
0.22125920
0.20593590
0.20920820
0.21237590
0.22166110
0.21863730
0.27471610
0.27334430
0.27214930
0.21360530
0.21780020
0.22781340
0.00602400
0.00626640
0.22227920
0.20881670
0.22376420
0.21693580
0.21667390
0.27463630
0.26553460
0.26096360
0.27897110
0.27607200
0.02051490
0.21520910
0.20456780
0.21490800
0.21675580
0.22834990
0.21976470
0.22474670
0.26885660
0.29537040
0.31055560
0.29647020
0.02482230
0.02094720
0.01554880
0.01758280
0.22714110
0.21790710
0.24097810
0.23245500
0.21693340
0.26638300
0.25184550
0.29412880
0.27430390
0.27627300
0.26942770
0.27856100
0.22137310
0.21194270
0.21138940
0.21408140
0.22764730
0.21778270
0.22310560
0.22317980
0.25997820
0.26712030
0.02580980
0.01766860
0.01506410
0.01524510
0.01960500
0.01523490
0.01711090
0.01544690
0.23337110
0.21913760
0.21120020
0.21739400
0.21591460
0.21767590
0.22276090
0.22389230
0.27647230
0.27265050
0.25843140
0.25865020
0.02384530
0.01501210
0.01515310
0.01730590
0.01457370
0.01822120
0.01799320
0.01506260
0.01632770
0.00869190
0.00470570
0.00500520
0.00555350
0.00516430
0.00466350
0.00549230
0.00446760
0.00454770
0.00446930
0.00513120
0.22721860
0.20479240
0.21255590
0.21001700
0.21828050
0.21855130
0.00478950
0.00483190
0.00521890
0.23140110
0.00536820
0.00487500
0.00459240
0.00450000
0.00483110
0.00506210
0.00446370
0.00430860
0.00442810
0.00537680
0.00460700
0.00455600
0.00456570
0.00537630
0.20677940
0.21390000
0.22470110
0.21497200
0.21839280
0.02119830
0.01675600
0.01424350
0.01780360
0.01375300
0.01370610
0.21305940
0.21114510
0.00518410
0.00664530
0.00580460
0.00512110
0.00492290
0.00606040
0.00558070
0.00514180
0.00502650
0.00611400
0.00530240
0.00543480
0.00515990
0.20271830
0.00545480
0.00642580
0.00565340
0.00526640
0.00510770
0.00551760
0.00529470
0.00493010
0.00491720
0.00543940
0.00567100
0.00532350
0.00523480
0.00579730
0.00545310
0.00513780
0.22841630
0.22340470
0.21199110
0.22507360
0.22711100
0.22340120
0.21415570
0.22498290
0.26636090
0.26643980
0.26686840
0.27075110
0.27029020
0.27533780
0.27115270
0.20858970
0.21991360
0.21152380
0.22783710
0.20210680
0.22377500
0.21516250
0.22449730
0.26882530
