1
523.02,50.36,26.37,26.73
521.30,60.16,25.74,26.30
518.56,75.97,26.05,25.49
516.90,84.65,26.22,25.17
513.38,97.24,25.27,26.03
515.51,107.05,24.42,26.54
513.51,120.49,23.37,26.78
505.95,139.35,23.95,26.51
505.87,148.45,23.62,27.73
511.71,153.97,23.93,28.25
2
0
0
0
0
1
583.04,220.67,14.82,14.42
592.07,231.47,14.74,14.75
598.85,239.97,14.44,14.75
606.91,254.81,14.19,14.95
607.53,262.26,14.05,14.84
610.86,267.65,13.74,14.25
614.81,264.42,13.82,14.20
618.47,264.09,13.83,14.12
622.21,265.08,14.01,14.00
625.36,264.94,14.07,13.80
628.38,264.65,13.93,13.80
632.74,269.44,13.69,13.88
631.35,270.86,13.63,13.79
637.88,269.96,13.39,13.87
641.05,269.06,13.17,13.92
639.42,266.63,13.25,13.75
642.59,266.61,13.04,13.83
641.76,266.43,13.09,13.68
644.66,270.52,12.81,13.60
643.98,272.83,12.74,13.52
644.67,276.29,12.97,13.48
649.61,275.26,12.87,13.48
649.37,276.99,13.05,13.31
652.83,275.80,12.89,13.52
