0.21760190
0.00570570
0.00602430
0.00601750
0.00634180
0.00620330
0.00605190
0.00628540
0.00609170
0.00595910
0.00586970
0.00590080
0.00554650
0.00627560
0.00612430
0.00571090
0.00624720
0.00598390
0.00607930
0.00575340
0.00540480
0.00528640
0.00544520
0.00537440
0.00545540
0.00526490
0.00567200
0.00590260
0.00551490
0.00600840
0.00575180
0.00569630
0.00593320
0.00590510
0.00571440
0.00546650
0.00581060
0.00569530
0.00565420
0.00564000
0.00569000
0.00583130
0.00564050
0.00509070
0.00572390
0.00642660
0.00591190
0.00576980
0.00616720
0.00617940
0.00643970
0.00638890
0.00633420
0.00631260
0.00603260
0.00629680
0.00609890
0.00649020
0.00643720
0.00629670
0.00671680
0.00596360
0.00618250
0.00590730
0.00648440
0.00624310
0.00619700
0.00648850
0.00662090
0.00617660
0.00651230
0.00646550
0.00650260
0.00636280
0.00649050
0.00621050
0.00570570
0.00635140
0.00637560
0.00628330
0.00657420
0.00657120
0.00649040
0.00621840
0.00601790
0.00606060
0.00646650
0.00621650
0.00577740
0.00595660
0.00594280
0.00644440
0.00660350
0.00616770
0.00649240
0.00616280
0.00641300
0.00574570
0.00594570
0.00527180
0.00529600
0.00575670
0.00577570
0.00586120
0.00526630
0.00589610
0.00603200
0.00600440
0.00599280
0.00592920
0.00583490
0.00529460
0.00538060
0.00541310
0.00579670
0.00594890
0.00593330
0.00600690
0.00571960
0.00538870
0.00567620
0.00540410
0.00527500
0.00574350
0.00567180
0.00562700
0.00535970
0.00596280
0.00565340
0.00538990
0.00594350
0.00566090
0.00583280
0.00567600
0.00538520
0.00566880
0.00586280
0.00578680
0.00525850
0.00562450
0.00620220
0.00620690
0.00570630
0.00630710
0.00578500
0.00610100
0.00564780
0.00555500
0.00648590
0.00660950
0.00686140
0.00632620
0.00599420
0.00611060
0.00574600
0.00579330
0.00627030
0.00617660
0.00618220
0.00566470
0.00623620
0.00632950
0.00617030
0.00566690
0.00644200
0.00624180
0.00638300
0.00608150
0.00626730
0.00670810
0.00625210
0.00625250
0.00619490
0.00616440
0.00618920
0.00603170
0.00607870
0.00637480
0.00648660
0.00639060
0.00594510
0.00631870
0.00636520
0.00630730
0.00603910
0.00577600
0.00646350
0.00660490
0.00633920
0.00591250
0.00640600
0.00645600
0.00642170
0.00634390
0.00633960
0.00650950
0.00671160
0.00679640
0.00638010
0.00644150
0.00604540
0.00651690
0.00623930
0.00667020
0.00683580
0.00660860
0.00675620
0.00607790
0.00587060
0.00623810
0.00606960
0.00603260
0.00620300
0.00591740
0.00576650
0.00611590
0.00656550
0.00654170
0.00599840
0.00593670
0.00610680
0.00602780
0.00582620
0.00572300
0.00564570
0.00591120
0.00585500
0.00634910
0.00577180
0.00601210
0.00570320
0.00527880
0.00582260
0.00584880
0.00597910
0.00606290
0.00583540
0.00602800
0.00628300
0.00682430
0.00624790
0.00676740
0.00627160
0.00666220
0.00640330
0.00610760
0.00729930
0.00657210
0.00691820
0.00638180
0.00617300
0.00669140
0.00647630
0.00681910
0.00616160
0.00681380
0.00671320
0.00682740
0.00691970
0.00685830
0.00717060
0.00731630
0.00694450
0.00679510
0.00700740
0.00762250
0.00741140
0.00721790
0.00636740
0.00688710
0.00640120
0.00756180
0.00738870
0.00688380
0.00746630
0.00742660
0.00756530
0.00668120
0.00643730
0.00639700
0.00652380
0.00660080
0.00643240
0.00713560
0.00686960
0.00653120
0.00708660
0.00670780
0.00654150
0.00685540
0.00672740
0.00676700
0.00660440
0.23466380
0.00747140
0.00707210
0.00679640
0.00717770
0.00688380
0.00716250
0.00722330
0.00682790
0.00722270
0.00733720
0.00713830
0.00702600
0.00700750
0.00720370
0.00684060
0.00692940
0.00724010
0.00718480
0.00668850
0.00633050
0.00742350
0.00709950
0.00725400
0.00693290
0.00728540
0.00674120
0.00677350
0.00740570
0.00755040
0.00760980
0.00746650
0.00807620
0.00743460
0.00721560
0.00754930
0.00670590
0.00691120
0.00737980
0.00756700
0.00753460
0.00714540
0.00737620
0.00791460
0.00765460
0.00714730
0.00826670
0.00755870
0.00741610
0.00730460
0.00732940
0.00736550
0.00755700
0.00698110
0.00728270
0.00752520
0.00724160
0.00746760
0.00741920
0.00708840
0.00754680
0.00755490
0.00767270
0.00778220
0.00786510
0.00806700
0.00873470
0.00785210
0.00776350
0.00763490
0.00864770
0.00759400
0.00766050
