0.21513020
0.00552410
0.00505880
0.00511660
0.00516720
0.00516140
0.00532460
0.00523360
0.00558160
0.00553840
0.00555980
0.00555730
0.00563310
0.00552560
0.00530060
0.00506840
0.00506630
0.00510120
0.00502720
0.00509460
0.00526960
0.00525430
0.00564890
0.00587390
0.00539800
0.00533360
0.00527200
0.00536740
0.00540670
0.00525040
0.00533210
0.00543380
0.00570240
0.00532620
0.00526500
0.00515200
0.00508220
0.00510280
0.00514360
0.00526510
0.00490880
0.00409610
0.00401180
0.00436030
0.00434890
0.00436480
0.00414060
0.00433820
0.00456840
0.00450370
0.00413740
0.00422960
0.00449310
0.00444330
0.00448580
0.00395910
0.00393870
0.00392670
0.00424080
0.00478320
0.00427360
0.00440660
0.00441650
0.00431080
0.00415860
0.00407820
0.00410780
0.00407650
0.00398990
0.00390000
0.00388200
0.00417450
0.00514380
0.00456470
0.00493700
0.00434250
0.00400240
0.00434040
0.00488370
0.00423810
0.00388580
0.00378730
0.00370510
0.00387140
0.00374040
0.00373990
0.00376590
0.00381570
0.00373570
0.00371040
0.00365730
0.00364280
0.00363210
0.00352460
0.00352720
0.00355340
0.00354130
0.00359350
0.00349980
0.00351380
0.00358970
0.00356470
0.00354430
0.00363760
0.00372420
0.00366700
0.00376640
0.00380190
0.00377970
0.00372840
0.00381660
0.00369100
0.00369070
0.00368220
0.00370400
0.00368460
0.00371390
0.00381000
0.00371270
0.00367960
0.00427290
0.00364870
0.00363190
0.00370140
0.00400690
0.00379760
0.00366890
0.00376460
0.00391120
0.00400180
0.00393500
0.00374140
0.00392580
0.00386440
0.00384460
0.00352470
0.00354980
0.00350850
0.00347940
0.00361030
0.00383900
0.00385460
0.00374450
0.00384660
0.00382150
0.00378190
0.00366720
0.00381200
0.00369620
0.00365930
0.00384680
0.00354960
0.00363050
0.00375430
0.00363950
0.00389940
0.00363650
0.00358000
0.00357580
0.00358980
0.00372630
0.00358040
0.00356320
0.00358080
0.00352870
0.00349560
0.00347140
0.00349720
0.00357220
0.00361690
0.00397740
0.00390740
0.00369140
0.00385390
0.00386980
0.00401270
0.00371610
0.00388190
0.00371990
0.00376140
0.00381550
0.00425300
0.00429390
0.00379030
0.00369530
0.00401370
0.00388240
0.00364630
0.00370770
0.00366030
0.00370440
0.00346470
0.00363910
0.00354440
0.00358050
0.00394460
0.00392780
0.00389580
0.00381340
0.00370680
0.00369040
0.00365230
0.00366320
0.00362020
0.00341980
0.00343780
0.00359150
0.00359660
0.00353850
0.00354780
0.00353590
0.00359040
0.00354600
0.00366630
0.00364080
0.00361920
0.00357450
0.00394340
0.00392160
0.00357810
0.00357080
0.00385660
0.00360380
0.00390410
0.00383380
0.00391210
0.00405540
0.00444890
0.00416780
0.00389110
0.00379200
0.00377120
0.00378710
0.00373760
0.00354570
0.00367110
0.00377350
0.00392170
0.00385120
0.00387210
0.00365680
0.00367940
0.00361650
0.00374930
0.00357280
0.00376590
0.00394090
0.00394280
0.00397900
0.00380610
0.00365230
0.00391730
0.00377970
0.00352960
0.00346830
0.00367570
0.00407210
0.00396950
0.00377900
0.00377820
0.00401930
0.00401720
0.00368960
0.00386220
0.00372010
0.00367130
0.00375260
0.00396190
0.00381600
0.00386280
0.00375830
0.00377640
0.00380090
0.00359770
0.00357390
0.00380650
0.00388310
0.00445840
0.00395160
0.00408260
0.00376260
0.00367880
0.00361310
0.00348460
0.00345010
0.00359150
0.00386870
0.00377510
0.00381230
0.00383000
0.00394570
0.00391220
0.00379640
0.00371900
0.00365740
0.00378410
0.00396860
0.00393610
0.00369910
0.00362920
0.00379260
0.00388310
0.00405660
0.00399190
0.00386030
0.00386680
0.00383060
0.00388340
0.00386560
0.00399170
0.00395580
0.00392410
0.00390310
0.00390580
0.00380290
0.00382850
0.00392670
0.00390250
0.00377940
0.00384970
0.00389340
0.00391520
0.00388000
0.00383850
0.00395660
0.00378440
0.00389690
0.00354530
0.00357040
0.00348050
0.00356860
0.00403660
0.00411820
0.00407860
0.00371740
0.00414910
0.00393690
0.00387440
0.00377720
0.00370120
0.00361200
0.00375350
0.00387660
0.00375640
0.00383430
0.00387140
0.00398600
0.00411000
0.00400590
0.00393920
0.00382440
0.00383070
0.00398130
0.00398400
0.00398090
0.00398980
0.00396570
0.00384760
0.00385460
0.00378780
0.00376800
0.00419650
0.00369650
0.00389630
0.00352450
0.00348130
0.00348030
0.00367490
0.00366660
0.00375420
0.00385270
0.00382510
0.00363620
0.00385010
0.00362320
0.00374730
0.00403530
0.00435030
0.00368910
0.00368430
0.00366580
0.00350110
0.00347660
0.00345670
0.00353370
0.00392520
0.00392210
0.00382380
0.00370300
0.00388950
0.00395940
0.00370970
0.00373300
