0.23520020
0.00539890
0.00512630
0.00571120
0.00577900
0.00542540
0.00573450
0.00525860
0.00571080
0.00538650
0.00545340
0.00542800
0.00527440
0.00516250
0.00533900
0.00573590
0.00528010
0.00554120
0.00572270
0.23164980
0.00547040
0.00540220
0.00548310
0.00545960
0.00558300
0.00548180
0.00553560
0.00531620
0.00529080
0.00562620
0.00562010
0.00534470
0.00570930
0.00544800
0.00553140
0.00529570
0.00548440
0.00568450
0.00556090
0.00586590
0.00540600
0.00536140
0.23716030
0.21823400
0.00534310
0.00579700
0.00589440
0.00547110
0.00657220
0.00545190
0.00547570
0.00549980
0.00535400
0.00565150
0.00529500
0.00583590
0.00533750
0.00542920
0.00536250
0.00545830
0.00583460
0.00556530
0.00582280
0.00547330
0.00571590
0.00571760
0.00627580
0.00656000
0.00685380
0.00661840
0.00652620
0.00649120
0.00656410
0.00666320
0.00645760
0.00656040
0.00685870
0.00663200
0.00682930
0.00690700
0.00698030
0.00661650
0.00675880
0.00695120
0.00675030
0.00673020
0.00651470
0.00678370
0.00653830
0.00692680
0.00693790
0.00676610
0.00669940
0.00672250
0.00702720
0.00648280
0.00668480
0.00649900
0.00707280
0.00714170
0.00680670
0.00697010
0.00691560
0.00685230
0.00703510
0.00672440
0.00685900
0.00710060
0.00720400
0.00683140
0.00712550
0.00696380
0.00711600
0.00676850
0.00723130
0.00681610
0.00689350
0.00710130
0.00688340
0.00718980
0.00702690
0.00688470
0.00695700
0.00730010
0.00722390
0.00722140
0.00725340
0.00744880
0.00732000
0.00742600
0.00754520
0.00725530
0.00752960
0.00723490
0.00731510
0.00723280
0.00750460
0.00702710
0.00717390
0.00725030
0.00783330
0.00734670
0.00762260
0.00727830
0.00730110
0.00727420
0.00743200
0.00725210
0.00712940
0.00726100
0.00704500
0.00737740
0.00707890
0.00723780
0.00734520
0.00734660
0.00737180
0.00730820
0.00739710
0.00733290
0.00696520
0.00726210
0.00754060
0.00760330
0.04099020
0.00773510
0.00808820
0.00747690
0.00742500
0.00760300
0.00778100
0.00751310
0.00738430
0.00760420
0.00779710
0.00784680
0.00822700
0.00741040
0.00737380
0.00758920
0.00755860
0.00764630
0.00763550
0.00764340
0.00777560
0.00744650
0.00815620
0.00780320
0.00786420
0.00771430
0.00752110
0.00734130
0.00750510
0.00765890
0.00793930
0.00756350
0.00769940
0.00772510
0.00794160
0.00771690
0.00772390
0.00800740
0.00806450
0.00754560
0.00771350
0.00800570
0.00785240
0.00770170
0.00780030
0.00765350
0.00735070
0.00749660
0.00746880
0.00761070
0.00791140
0.00760870
0.00772560
0.00763490
0.00782640
0.00792290
0.00779500
0.00768380
0.00781970
0.00804210
0.00771080
0.00744160
0.00788720
0.00792880
0.00765520
0.00787400
0.00778370
0.00812210
0.00790730
0.00800600
0.00806740
0.00808890
0.00810790
0.00773930
0.00829520
0.00829970
0.00818250
0.00817790
0.00809770
0.00776530
0.00797460
0.00791150
0.00785410
0.00797420
0.00791650
0.00806430
0.00822230
0.00849350
0.00798890
0.00772870
0.00809680
0.00794900
0.00786550
0.00755480
0.00772630
0.00762590
0.00771320
0.00797940
0.00801280
0.00786040
0.00841010
0.00802430
0.00772660
0.00783950
0.00792430
0.00770450
0.00827820
0.00808320
0.00795650
0.00793980
0.00830170
0.00812320
0.00835770
0.00819870
0.00818200
0.00825130
0.00797170
0.00833470
0.00833130
0.00801390
0.00824810
0.00815820
0.00797670
0.00820010
0.00787530
0.00800680
0.00831010
0.00809850
0.00763550
0.00815740
0.00813010
0.00814530
0.00803550
0.00811800
0.00794500
0.00788440
0.00910210
0.00801170
0.00838560
0.00812800
0.00827700
0.00826650
0.00785200
0.00806830
0.00834970
0.00849530
0.00841570
0.00784420
0.00780400
0.00801370
0.00820350
0.00842810
0.00807710
0.00817250
0.00786740
0.00847650
0.00806700
0.00837120
0.00860020
0.00850630
0.00855480
0.00796950
0.00812970
0.00814810
0.00792060
0.00802240
0.00809640
0.00811870
0.00814670
0.00802180
0.00825780
0.00859110
0.00820600
0.00860420
0.00828330
0.00834720
0.00844000
0.00827260
0.00888460
0.00837240
0.00827420
0.00817370
0.00850990
0.00826700
0.00828480
0.00852570
0.00857440
0.00840360
0.00829460
0.00822460
0.00820740
0.00845110
0.00849950
0.00808730
0.00811750
0.00810800
0.00845510
0.00836070
0.00885100
0.00834680
0.00794340
0.00891570
0.00822720
0.00841320
0.00837470
0.00854220
0.00799620
0.00845130
0.00853640
0.00834770
0.00820100
0.00852120
0.00839920
0.00811100
0.00839580
0.00830060
0.00824780
0.00865600
0.00850200
0.00858670
0.00838570
0.00816780
0.00839260
0.00844420
0.00853880
0.00812440
0.00860640
0.00861460
0.00873480
0.00828570
0.00849620
0.00862120
0.00825950
0.00859920
0.00872870
0.00838140
0.00868520
0.00886880
0.00903970
0.00837780
0.00836870
0.00812820
0.00863040
0.00838480
0.00878100
0.00840540
0.00849230
0.00893310
0.00858410
0.00869960
0.00876120
0.00866210
0.00849240
0.00842100
0.00851540
0.00877660
0.00847500
0.00838930
0.00824870
0.00836030
0.00845310
0.00815030
0.00853220
0.00877180
0.00871280
0.00857920
0.00853690
0.00886150
0.00873620
0.00870520
0.00866420
0.00826940
0.00859700
0.00863080
0.00826940
0.00857780
0.00863770
0.00846120
0.00882330
0.00874460
0.00823890
0.00818150
0.00838290
0.00851870
0.00841400
0.00863780
0.00875610
0.00884100
0.00839480
0.00868570
0.00843980
0.00833850
0.00860150
0.00829330
0.00854380
0.00840180
0.00866080
0.00840900
0.00839420
0.00851270
0.00858890
0.00889060
0.00875530
0.00892050
0.00893070
0.00856980
0.00877820
0.00867580
0.00866590
0.00831940
0.00891940
0.00864630
0.00932310
0.00839350
0.00886980
0.00861620
0.00843110
0.00886170
0.00908250
0.00834540
0.00851630
0.00835890
0.00859510
0.00913380
0.00851240
0.00839760
0.00863250
0.00864950
0.00851350
0.00865590
0.00858440
0.00847190
0.00876480
0.00847350
0.00853630
0.00842560
0.00873720
0.00839040
0.00850370
0.00866750
0.00826200
0.00836310
0.00840100
0.00866170
0.00856250
0.00872990
0.00888250
0.00888110
0.00871770
0.00858000
0.00836480
0.00878970
0.00859190
0.00896540
0.00872950
0.00828410
0.00857220
0.00864880
0.00883380
0.00825040
0.00881250
0.00883190
0.00819900
0.00855620
0.00833750
0.00852200
0.00847960
0.00843210
0.00865140
0.00879930
0.00837270
0.00824970
0.00853880
0.00863030
0.00854670
0.00857640
0.00887570
0.00848170
0.00903470
0.00835610
0.00865450
0.00848990
0.00847190
0.00862180
0.00842880
0.00875510
0.00875940
0.00865300
0.00856780
0.00859430
0.00845470
0.00846020
0.00837890
0.00848150
