0.22206780
0.00571600
0.00550200
0.00532990
0.00535530
0.00548620
0.00553410
0.00518550
0.00497440
0.00560890
0.00551610
0.00484450
0.00541110
0.00533840
0.00500770
0.00482640
0.00484760
0.00528990
0.00535010
0.00500700
0.00490480
0.00456310
0.00471950
0.00475320
0.00452370
0.00483370
0.00586710
0.00496670
0.00503280
0.00526870
0.00515520
0.00509500
0.00495010
0.00460390
0.00497740
0.00477790
0.00481190
0.00495350
0.00534760
0.00481140
0.00483070
0.00483560
0.00506510
0.00477240
0.00524750
0.00535110
0.00506220
0.00588380
0.00548000
0.00495320
0.00497050
0.00547910
0.00567880
0.00570350
0.00526780
0.00587580
0.00526260
0.00539580
0.00561190
0.00546460
0.00520160
0.00498220
0.00565950
0.00582970
0.00592080
0.00574000
0.00576380
0.00547240
0.00623140
0.00520050
0.00557820
0.00602360
0.00596660
0.00590700
0.00510210
0.00538340
0.00607370
0.00570740
0.00582200
0.00520610
0.00572500
0.00574600
0.00574240
0.00546090
0.00539900
0.00542020
0.00605050
0.00565330
0.00487790
0.00485510
0.00491770
0.00545980
0.00545230
0.00553120
0.00539040
0.00508660
0.00556590
0.00526440
0.00538650
0.00534200
0.00542190
0.00588240
0.00491100
0.00575470
0.00530880
0.00493860
0.00490210
0.00533660
0.00507270
0.00474290
0.00524110
0.00523550
0.00534870
0.00508680
0.00488940
0.00517210
0.00538720
0.00530450
0.00564650
0.00493760
0.00479740
0.00446290
0.00461250
0.00462070
0.00501150
0.00571290
0.00507410
0.00502370
0.00476460
0.00474470
0.00459330
0.00505440
0.00530260
0.00512180
0.00499250
0.00524210
0.00525910
0.00526850
0.00523010
0.00508870
0.00493630
0.00515860
0.00551020
0.00558130
0.00554140
0.00513360
0.00552140
0.00583200
0.00519030
0.00669960
0.00573180
0.00609090
0.00572020
0.00542940
0.00543680
0.00560390
0.00516220
0.00592260
0.00529170
0.00598950
0.00579760
0.00535910
0.00601830
0.00530830
0.00545490
0.00577190
0.00582700
0.00563450
0.00570980
0.00512480
0.00589030
0.00529500
0.00555720
0.00532090
0.00586710
0.00563730
0.00577840
0.00557720
0.01166270
0.00555070
0.00546650
0.00559650
0.00528890
0.00566450
0.00573400
0.00557980
0.00557650
0.00546420
0.00569150
0.00558390
0.00575860
0.00546690
0.00548380
0.00528180
0.00574870
0.00602010
0.00570300
0.00592360
0.00605950
0.00604330
0.00553580
0.00588970
0.00562630
0.00582740
0.00598020
0.00619950
0.00612890
0.00688090
0.00590060
0.00519720
0.00533580
0.00549110
0.00561240
0.00567740
0.00493200
0.00541430
0.00550070
0.00528700
0.00513820
0.00512080
0.00550140
0.00522200
0.00510440
0.00494910
0.00517300
0.00523260
0.00516460
0.00529560
0.00510460
0.00463970
0.00559080
0.00488910
0.00570310
0.00524910
0.00530540
0.00572990
0.00568190
0.00582630
0.00587400
0.00619950
0.00615420
0.00594850
0.00587230
0.00608160
0.00607640
0.00681470
0.00577270
0.00618540
0.00637260
0.00608000
0.00550910
0.00580330
0.00627610
0.00629580
0.00667640
0.00580400
0.00619970
0.00635900
0.00637660
0.00665710
0.00606180
0.00640110
0.00645680
0.00655970
0.00674950
0.00634080
0.00656360
0.00690160
0.00695110
0.00688370
0.00659390
0.00608150
0.00714610
0.00706440
0.00729770
0.00680340
0.00681930
0.00654880
0.00731510
0.00676450
0.00652670
0.00674590
0.00619760
0.00677770
0.00667400
0.00653210
0.00622400
0.00650320
0.00689370
0.00643240
0.00660270
0.00643710
0.00628560
0.23193180
0.00648740
0.00643810
0.00654580
0.00698670
0.00638460
0.00602580
0.00675880
0.00677930
0.00691550
0.00638890
0.00711770
0.00646450
0.00602480
0.00577810
0.00644210
0.00842990
0.00791640
0.00816470
0.00907400
0.00670610
0.00801760
0.00630530
0.00659130
0.00706860
0.00706430
0.00668410
0.00746530
0.00648330
0.00604720
0.00716780
0.00678170
0.00671560
0.00708550
0.00654000
0.00976360
0.00657740
0.00657490
0.00667720
0.00628870
0.00762330
0.00947590
0.00764750
0.00856340
0.00820380
0.00777180
0.00729830
0.00698290
0.00674200
0.00783080
0.00686740
0.00686510
0.00673940
0.00695250
0.00701600
0.00695600
0.00677340
0.00656370
0.00699220
0.00709860
0.00676480
0.00695430
0.00719830
0.00797040
0.00741250
0.00769260
0.00697800
0.00788320
0.00818010
0.00807580
0.00707610
0.00700390
0.00769590
