1
283.29,142.78,88.27,196.82
281.35,140.54,88.85,197.50
279.94,143.56,88.91,196.53
278.29,144.70,88.26,195.17
277.98,145.07,87.20,193.41
277.53,147.47,86.52,190.45
274.81,144.58,86.51,189.47
274.06,143.90,85.30,188.40
273.80,143.02,83.91,186.58
271.54,140.14,83.70,187.89
280.97,136.61,85.68,187.29
274.33,131.76,85.37,190.36
270.29,127.59,84.99,192.38
265.76,134.36,84.61,192.53
261.68,132.57,83.62,193.59
256.05,141.36,82.49,192.02
251.70,145.57,81.37,187.27
259.62,149.06,80.69,183.51
254.67,148.48,79.43,180.46
248.82,138.93,79.33,180.14
245.79,144.67,78.19,176.54
251.82,136.48,78.49,178.39
244.18,138.15,79.02,178.64
237.72,137.81,78.89,178.29
234.30,139.42,78.82,177.92
231.36,140.30,78.32,177.21
227.26,142.76,77.95,175.24
223.04,142.19,77.51,174.28
228.61,140.03,76.91,175.26
221.23,144.69,76.77,173.63
226.63,140.01,76.92,173.95
218.09,143.84,76.50,171.30
214.87,146.46,76.34,169.72
218.23,136.62,76.69,171.15
213.92,140.76,74.52,170.21
211.28,143.62,72.92,169.68
216.47,141.46,72.10,170.41
211.70,141.79,70.47,169.58
209.01,145.59,68.96,167.89
292.32,134.22,69.94,166.15
296.58,120.15,71.72,170.36
302.15,115.94,72.21,175.54
295.59,113.03,71.65,180.13
302.07,110.57,72.56,184.79
305.01,107.17,74.04,189.33
295.72,102.35,74.98,192.03
300.00,98.22,75.80,195.35
292.82,94.75,76.09,198.84
299.37,91.96,77.77,200.77
304.52,88.75,79.30,202.10
294.11,88.23,79.80,203.20
299.87,86.31,80.41,204.65
306.41,86.16,80.78,206.64
312.28,85.57,81.98,208.78
301.44,84.96,82.56,210.35
308.64,84.80,83.09,212.40
314.86,81.30,83.36,214.72
306.47,89.47,83.84,209.91
314.05,81.88,84.17,213.57
320.62,80.62,84.02,214.77
327.11,77.06,83.77,216.77
319.09,77.63,83.85,218.31
325.52,74.88,84.32,219.63
316.98,74.69,84.26,220.67
325.53,74.06,84.87,219.36
334.10,66.16,84.33,220.52
326.09,74.75,85.58,219.46
332.84,82.39,85.21,216.73
341.46,76.25,84.84,216.07
335.18,83.50,83.56,213.33
344.28,79.40,82.88,212.21
336.90,84.84,82.15,210.37
343.55,80.14,81.84,209.38
337.04,80.55,80.61,207.85
345.96,83.67,79.95,204.43
338.99,81.22,79.31,205.14
347.13,81.07,78.60,203.78
341.16,80.78,78.59,204.20
348.21,83.66,77.61,201.75
343.02,81.89,76.77,202.22
351.49,86.51,76.07,199.57
347.75,84.16,75.26,197.83
340.36,91.23,76.94,191.34
349.23,88.36,75.52,190.34
355.26,90.07,75.20,188.77
351.16,86.64,73.23,187.56
358.13,88.92,72.53,185.06
365.74,92.13,71.84,182.18
356.81,92.88,70.88,183.20
364.84,93.43,70.64,183.23
358.41,89.81,69.83,185.03
367.22,96.42,69.77,183.90
374.21,98.61,69.90,183.62
367.02,94.02,69.93,183.07
374.26,96.74,70.19,181.20
378.98,104.83,70.73,178.36
372.89,95.86,69.87,178.22
377.40,103.88,70.15,175.72
381.38,106.28,70.50,174.47
376.14,104.69,69.31,172.95
381.59,104.92,69.14,172.75
385.70,105.98,69.63,171.82
378.94,106.13,68.98,172.08
384.83,106.88,68.79,171.68
379.71,105.83,68.32,172.74
384.96,102.12,67.60,171.65
379.12,102.89,67.18,172.81
383.90,97.14,66.13,173.34
377.09,106.54,65.04,172.96
380.75,105.16,65.56,173.60
383.78,91.77,65.07,172.34
376.01,105.02,64.91,173.15
378.90,98.05,64.96,173.55
375.26,91.29,63.50,175.63
378.26,97.62,63.94,175.18
373.71,92.24,63.29,176.33
376.66,98.92,64.17,176.13
371.58,88.68,62.82,175.81
374.53,97.30,63.40,175.60
370.60,91.58,63.10,176.64
373.97,88.69,63.72,175.81
368.66,89.44,63.23,176.00
371.49,88.88,64.07,174.92
366.76,95.80,64.23,176.49
369.42,93.38,65.40,176.40
364.29,91.91,65.16,177.95
367.05,91.78,65.80,177.55
362.18,90.53,65.14,179.62
366.28,88.54,65.43,178.52
360.71,90.98,65.16,179.80
364.31,90.73,66.52,179.09
357.73,88.00,67.01,181.72
352.81,100.46,66.99,182.87
356.99,93.08,67.70,184.06
350.65,102.00,67.66,185.16
353.81,94.24,67.74,186.57
360.09,94.72,67.68,186.05
351.59,102.09,67.88,188.00
354.37,98.89,68.95,188.96
348.81,104.24,68.77,191.54
352.91,101.05,69.45,193.06
356.85,98.23,70.54,194.47
350.72,102.50,70.54,197.54
354.79,98.58,71.67,197.76
359.17,94.73,72.48,196.93
351.73,102.29,72.95,197.18
357.93,98.96,74.26,197.48
363.01,93.24,74.86,196.58
355.67,100.43,75.93,197.25
360.75,104.95,78.06,197.31
365.06,96.91,79.06,199.48
355.23,101.68,80.43,202.26
361.40,98.61,81.74,203.11
364.42,105.77,84.69,199.64
357.35,100.29,84.40,198.34
349.98,105.80,83.78,199.34
346.23,95.79,82.35,202.69
353.19,101.18,82.37,201.97
344.64,90.21,81.12,203.89
339.49,91.97,80.51,207.80
334.19,89.98,80.05,208.56
342.30,91.61,80.84,207.63
335.39,88.56,80.93,209.09
342.34,91.19,80.59,208.33
335.99,95.30,80.94,205.36
329.60,91.20,81.27,205.15
337.16,94.39,81.70,201.77
342.63,99.79,81.98,198.37
335.52,90.24,81.41,197.98
340.83,97.77,80.96,195.65
333.04,97.21,80.83,195.06
338.27,98.15,81.11,195.15
344.57,98.52,81.39,195.93
336.91,98.97,82.09,196.20
343.05,98.05,82.26,197.15
348.76,98.30,82.26,197.29
354.77,99.70,82.11,196.71
343.93,104.14,84.60,193.44
320.55,102.06,85.10,190.14
328.37,108.74,86.97,188.65
319.48,102.69,88.13,190.99
344.52,101.88,89.14,192.04
316.75,101.39,89.58,195.75
310.26,105.45,89.17,192.38
318.17,98.23,89.03,194.66
322.61,100.51,89.62,195.92
312.89,99.18,87.11,202.05
313.91,96.98,86.75,205.30
304.47,93.61,85.30,208.38
306.15,92.61,86.26,211.23
298.81,88.60,85.35,214.77
305.98,90.24,85.51,216.14
298.75,88.88,84.46,217.78
305.32,87.63,84.76,219.85
299.33,86.15,84.55,220.45
305.01,87.25,85.40,221.05
307.94,90.09,89.39,218.75
309.94,86.86,91.61,218.22
302.20,95.07,91.01,220.08
307.98,87.74,90.76,223.27
309.72,86.37,91.13,223.25
309.48,88.56,92.46,221.38
313.47,90.64,93.53,217.18
304.00,89.15,92.48,219.43
310.58,93.71,91.86,219.75
313.69,84.34,91.92,221.82
223.83,108.75,91.40,213.91
215.11,112.38,91.47,208.13
207.33,116.30,90.72,205.05
217.93,114.57,88.16,203.76
227.10,118.82,85.31,199.94
235.02,118.94,84.96,195.16
242.44,115.41,84.27,193.09
235.11,120.20,82.24,192.03
245.87,118.79,79.75,190.84
251.87,117.73,79.37,188.99
246.21,121.36,78.12,188.13
254.60,121.98,76.30,187.05
260.94,119.32,74.61,188.44
255.24,121.98,73.74,187.24
262.42,123.04,72.90,186.65
257.50,122.66,72.81,184.78
264.03,123.29,73.80,182.63
257.91,121.48,74.60,180.51
265.51,124.08,75.18,177.81
270.86,123.57,75.17,176.31
263.51,124.42,74.79,176.89
268.90,124.64,74.93,174.54
274.00,124.99,74.28,173.97
268.68,123.10,73.75,173.46
273.44,122.94,74.85,173.55
347.63,114.10,73.18,176.13
355.88,114.48,73.62,183.61
361.34,110.30,75.50,190.52
354.74,104.04,76.21,197.33
359.09,100.94,77.92,203.60
365.32,82.26,76.91,213.79
356.96,86.75,78.37,219.69
353.99,85.08,77.90,224.95
362.27,76.86,78.62,228.87
355.63,78.99,78.89,232.94
361.38,81.75,79.88,235.26
354.63,80.51,80.41,238.62
352.04,75.97,81.14,238.41
348.77,76.19,81.27,239.85
354.28,73.67,82.07,241.43
349.07,77.03,82.29,240.13
346.37,73.33,82.46,240.03
345.26,70.69,82.76,240.70
341.35,70.92,83.26,241.97
350.20,73.48,83.32,242.36
341.36,71.11,84.18,240.97
347.80,65.83,85.37,242.68
336.55,66.42,87.68,242.80
344.29,66.31,88.89,244.02
350.46,65.99,89.10,246.06
353.75,60.26,89.39,247.87
340.34,57.59,91.70,247.71
348.58,59.40,92.89,248.69
357.99,54.86,93.00,249.60
347.49,55.99,93.77,249.20
358.44,53.30,93.65,252.46
348.30,53.66,93.97,254.72
360.59,55.08,94.53,253.72
352.35,56.88,94.71,251.77
366.64,56.59,94.08,250.72
360.60,56.55,93.06,250.69
355.98,59.61,92.85,250.08
372.37,52.88,92.94,251.54
383.83,39.61,91.99,254.96
392.00,60.91,97.81,249.65
399.01,58.97,99.26,248.88
405.45,57.82,98.88,247.91
391.48,62.63,99.03,245.93
381.51,55.48,100.65,244.89
390.87,65.36,100.51,242.01
398.62,63.60,99.11,240.70
387.47,64.29,98.84,239.96
378.98,65.98,97.99,240.05
387.18,72.84,96.73,236.79
380.39,76.83,95.40,234.44
381.19,78.21,97.57,228.86
383.40,68.32,96.63,229.92
371.23,71.02,95.52,227.93
364.41,76.00,94.74,226.94
369.69,79.71,93.68,226.11
358.72,84.78,92.51,225.22
349.89,74.27,90.94,226.54
355.51,73.03,90.71,227.52
343.03,75.22,90.58,227.30
351.25,76.35,90.04,226.63
355.61,70.44,89.17,227.12
343.34,75.49,89.04,225.62
330.24,67.63,88.97,226.90
320.63,69.31,88.64,229.36
326.44,75.08,89.13,228.70
316.39,70.69,88.92,230.39
322.39,76.33,88.40,230.66
316.85,72.18,86.47,233.34
305.97,67.58,86.62,234.61
311.44,68.37,87.41,232.28
299.13,66.84,87.28,232.50
303.74,68.02,87.19,231.36
311.89,78.25,86.77,228.73
303.88,82.46,85.43,228.21
310.81,78.94,84.51,225.51
313.55,80.96,83.33,224.42
304.36,76.11,82.06,224.46
310.95,85.66,81.26,223.91
302.32,89.67,80.74,223.84
306.28,85.36,79.98,224.45
297.45,80.05,79.30,226.11
304.98,78.05,78.56,227.31
310.89,74.63,78.20,228.17
315.73,77.44,78.17,228.13
305.05,88.74,77.54,231.04
311.83,82.39,78.16,232.77
303.33,73.77,78.18,235.18
309.89,83.16,78.70,235.43
301.83,75.56,78.22,238.82
309.03,72.01,79.14,239.29
298.91,66.78,79.40,239.34
301.87,62.40,81.08,237.18
305.39,56.78,82.15,237.21
305.36,53.77,83.65,235.38
294.47,59.05,84.08,235.49
287.51,62.37,83.66,236.47
297.50,62.03,84.76,236.19
289.32,74.23,85.12,234.90
293.36,70.95,87.06,233.94
285.82,75.60,86.56,236.69
278.71,69.54,86.15,239.15
271.27,76.78,85.66,242.95
280.00,65.76,85.87,246.18
272.47,69.73,86.21,250.18
264.06,51.39,86.34,256.04
272.50,48.52,88.18,261.78
265.29,49.28,87.10,268.94
275.22,48.46,86.93,273.48
265.49,43.54,88.09,280.41
273.32,41.81,90.52,283.86
262.09,39.39,92.83,288.31
269.90,32.50,97.06,291.93
276.85,34.24,100.10,291.86
282.30,39.67,103.76,291.42
290.21,41.11,105.57,289.98
279.18,41.73,105.34,291.51
268.38,28.55,104.64,290.47
282.82,38.45,105.06,295.11
293.23,37.87,106.85,297.16
301.39,36.26,108.08,300.36
311.36,33.01,108.77,303.12
299.78,33.20,108.74,306.68
286.54,30.59,109.83,309.85
295.20,32.59,110.14,311.03
284.32,31.33,109.72,313.77
273.55,20.33,110.63,317.66
280.76,19.43,111.47,322.64
265.62,3.88,112.24,329.35
257.60,-5.03,112.72,333.37
268.87,2.08,112.29,335.42
276.95,-1.39,113.60,338.91
265.76,14.84,113.46,336.67
277.85,3.91,114.32,334.67
269.49,7.48,114.06,334.36
