0.21252340
0.00502630
0.00531620
0.00515660
0.00511400
0.00537180
0.00508640
0.00509600
0.00538450
0.00532530
0.00541650
0.00543980
0.00492620
0.00511690
0.00617140
0.00516600
0.00541360
0.00520540
0.00520910
0.00486530
0.00453140
0.00459280
0.00469200
0.00475050
0.00505300
0.00508330
0.00551230
0.00520140
0.00438420
0.00454120
0.00485080
0.00502190
0.00488710
0.00493210
0.00489640
0.00429580
0.00429890
0.00479250
0.00505170
0.00480990
0.00474180
0.00453830
0.00450790
0.00475820
0.00466590
0.00471530
0.00465040
0.00467930
0.00520970
0.00465890
0.00492000
0.00527760
0.00542380
0.00551250
0.00543970
0.00539470
0.00539000
0.00545840
0.00568840
0.00561700
0.00545990
0.00530310
0.00539960
0.00536660
0.00543190
0.00557750
0.00546380
0.00574660
0.00585300
0.00558260
0.00509580
0.00500720
0.00507360
0.00491370
0.00491360
0.00480970
0.00491120
0.00543050
0.00529410
0.00484200
0.00486240
0.00535490
0.00525140
0.00490540
0.00475040
0.00508490
0.00556200
0.00550420
0.00527990
0.00545380
0.00502330
0.00518730
0.00478340
0.00494990
0.00510360
0.00515870
0.00518000
0.00530380
0.00481370
0.00493220
0.00469770
0.00483030
0.00478210
0.00465790
0.00435870
0.00440790
0.00439370
0.00497450
0.00470570
0.00465990
0.00482320
0.00518760
0.00515590
0.00493250
0.00481250
0.00579410
0.00459410
0.00528740
0.00470830
0.00499810
0.00529010
0.00465090
0.00489310
0.00435140
0.00429540
0.00431550
0.00449780
0.00446790
0.00487750
0.00503010
0.00480310
0.00456790
0.00450670
0.00442170
0.00468770
0.00457920
0.00448420
0.00444280
0.00460430
0.00466360
0.00481470
0.00476280
0.00483750
0.00528240
0.00537470
0.00510190
0.00498160
0.00496770
0.00536130
0.00543100
0.00527280
0.00524710
0.00598510
0.00604900
0.00540870
0.00539610
0.00550740
0.00550150
0.00500730
0.00513430
0.00530150
0.00527810
0.00568310
0.00512340
0.00557970
0.00582740
0.00501280
0.00498900
0.00484100
0.00481270
0.00491200
0.00531630
0.00509050
0.00486950
0.00492500
0.00579020
0.00514300
0.00547260
0.00546360
0.00547520
0.00520130
0.00534830
0.00496450
0.00511050
0.00505690
0.00550180
0.00541090
0.00543540
0.00539580
0.00529110
0.00491030
0.00515900
0.00545710
0.00541900
0.00541950
0.00567580
0.00523500
0.00522440
0.00513650
0.00508210
0.00508600
0.00520920
0.00531270
0.00609710
0.00587270
0.00570410
0.00512200
0.00528530
0.00545400
0.00558410
0.00508750
0.00531900
0.00548700
0.00558060
0.00529540
0.00515920
0.00510770
0.00552550
0.00500750
0.00524750
0.00442420
0.00440660
0.00481380
0.00495830
0.00473750
0.00485260
0.00487180
0.00492750
0.00447700
0.00466640
0.00456320
0.00509570
0.00555780
0.00546300
0.00552080
0.00545320
0.00553550
0.00566660
0.00560600
0.00542070
0.00502070
0.00557000
0.00540610
0.00569290
0.00573200
0.00582310
0.00591030
0.00602850
0.00606400
0.00672860
0.00644970
0.00556390
0.00626750
0.00595800
0.00529760
0.00532760
0.00581110
0.00614450
0.00540710
0.00565790
0.00555180
0.00647890
0.00574900
0.00626620
0.00645880
0.00631240
0.00613650
0.00656400
0.00677420
0.00572020
0.00556120
0.00658020
0.00622330
0.00665730
0.00699010
0.00664490
0.00596710
0.00606990
0.00644620
0.00617300
0.00645930
0.00567110
0.00554250
0.00588910
0.00638490
0.00652360
0.00630710
0.00629420
0.00604780
0.00585380
0.00560760
0.00610780
0.00686960
0.00608610
0.00601420
0.00586800
0.00563710
0.00556550
0.00612110
0.00586820
0.00541900
0.00538550
0.00563400
0.00608550
0.00591110
0.00531840
0.00566920
0.00578680
0.00588470
0.00595660
0.00594580
0.00561380
0.00577360
0.00551540
0.00517580
0.00511210
0.00517160
0.00511150
0.00552110
0.00559570
0.00562470
0.00537030
0.00545490
0.00581690
0.00611710
0.00617030
0.00608020
0.00587660
0.00611410
0.00564300
0.00523560
0.00534210
0.00571730
0.00577950
0.00605210
0.00601170
0.00584870
0.00546940
0.00561090
0.00567070
0.00661160
0.00704570
0.00586320
0.00658130
0.00666450
0.00650390
0.00610170
0.00707150
0.00701340
0.00641310
0.00639620
0.00640280
0.00670150
0.00727860
0.00836030
0.00669830
0.00646720
0.00773280
0.00778450
0.00781170
0.00669840
0.00672950
0.00806230
0.00722760
0.00717140
0.00812810
