0.21162570
0.00697110
0.00628190
0.00649870
0.00644320
0.00638840
0.00641330
0.00628960
0.00627920
0.00620700
0.00622160
0.00631050
0.00635550
0.00606230
0.00641220
0.00645220
0.00620950
0.00638920
0.00626800
0.00626520
0.00604890
0.00620330
0.00638080
0.00642640
0.00660270
0.00692740
0.00612980
0.00600110
0.00499130
0.00469170
0.00467790
0.00469050
0.00470960
0.00464940
0.00457860
0.00458440
0.00469160
0.00485290
0.00467190
0.00492650
0.00489650
0.00470370
0.00480500
0.00472860
0.00497940
0.00478180
0.00477460
0.00499870
0.00491280
0.00489160
0.00470410
0.00491970
0.00476210
0.00483560
0.00483750
0.00488740
0.00491360
0.00485720
0.00472650
0.00454160
0.00449130
0.00468600
0.00446140
0.00406860
0.00402760
0.00437680
0.00397120
0.00457390
0.00449810
0.00420110
0.00418900
0.00428040
0.00421230
0.00431790
0.00406170
0.00391570
0.00399460
0.00404150
0.00428760
0.00403880
0.00402070
0.00412140
0.00410800
0.00405210
0.00415570
0.00396030
0.00443700
0.00435230
0.00430710
0.00387770
0.00395080
0.00389690
0.00388130
0.00388120
0.00387390
0.00385080
0.00392960
0.00393380
0.00397220
0.00407070
0.00397990
0.00383560
0.00361100
0.00356080
0.00358450
0.00409110
0.00398900
0.00372080
0.00370530
0.00368840
0.00370830
0.00368740
0.00371050
0.00365640
0.00368190
0.00375650
0.00395530
0.00394570
0.00387620
0.00390250
0.00387740
0.00391200
0.00385750
0.00369860
0.00361210
0.00370160
0.00428910
0.00392560
0.00387340
0.00392080
0.00400880
0.00410510
0.00404040
0.00395900
0.00394880
0.00390910
0.00411960
0.00438220
0.00372430
0.00374940
0.00390970
0.00412980
0.00428770
0.00401910
0.00404490
0.00410820
0.00423490
0.00398350
0.00390490
0.00392060
0.00398780
0.00405540
0.00403620
0.00376790
0.00392740
0.00397390
0.00392790
0.00385500
0.00380630
0.00381130
0.00388920
0.00413930
0.00421330
0.00416570
0.00432940
0.00378680
0.00399280
0.00410690
0.00403790
0.00399830
0.00394570
0.00383630
0.00380620
0.00401390
0.00424690
0.00407500
0.00398380
0.00391630
0.00368680
0.00372390
0.00375830
0.00373510
0.00367950
0.00387200
0.00418600
0.00382630
0.00393960
0.00428350
0.00411030
0.00417710
0.00408690
0.00407500
0.00397860
0.00381610
0.00375240
0.00381670
0.00409280
0.00400030
0.00396310
0.00392070
0.00389400
0.00394460
0.00406390
0.00392230
0.00394320
0.00396850
0.00389430
0.00393800
0.00388570
0.00381560
0.00405850
0.00396120
0.00368490
0.00377060
0.00413850
0.00415130
0.00422310
0.00514270
0.00426430
0.00403370
0.00370620
0.00363250
0.00363340
0.00388390
0.00384060
0.00380850
0.00388480
0.00384630
0.00389650
0.00417450
0.00384680
0.00382700
0.00379770
0.00378710
0.00380510
0.00404960
0.00399420
0.00382180
0.00406120
0.00387040
0.00402560
0.00393130
0.00396090
0.00386000
0.00368780
0.00370560
0.00367550
0.00369790
0.00370330
0.00377410
0.00374510
0.00389000
0.00406850
0.00398910
0.00410990
0.00407350
0.00404670
0.00406710
0.00382920
0.00394520
0.00468270
0.00408870
0.00384070
0.00385840
0.00382920
0.00427390
0.00374110
