0.21781770
0.00572610
0.00567070
0.00543840
0.00556150
0.00565830
0.00561670
0.00571300
0.00566780
0.00521840
0.00594110
0.00593140
0.00553970
0.00546850
0.00550880
0.00582720
0.00551040
0.00605780
0.00564320
0.00546010
0.00540060
0.00553110
0.00557100
0.00561010
0.00553450
0.00558730
0.00529430
0.00544150
0.00529450
0.00563150
0.00539400
0.00527320
0.00552010
0.00526210
0.00524930
0.00565110
0.00551810
0.00557330
0.00555830
0.00536430
0.00584610
0.00580610
0.00572980
0.00537370
0.00553330
0.00544830
0.00580040
0.00543350
0.00532200
0.00518650
0.00545380
0.00548720
0.00580050
0.00595390
0.00578460
0.00594670
0.00595040
0.00560350
0.00613820
0.00583990
0.00600510
0.00576800
0.00603290
0.00576380
0.00621920
0.00625660
0.00620320
0.00597760
0.00630390
0.00623680
0.00590450
0.00598040
0.00624430
0.00633090
0.00607910
0.00565220
0.00552290
0.00547860
0.00580250
0.00551460
0.00594800
0.00553790
0.00581200
0.00533750
0.00538580
0.00556300
0.00570500
0.00573800
0.00562260
0.00547790
0.00581460
0.00551860
0.00585200
0.00559000
0.00579690
0.00563030
0.00523620
0.00550280
0.00591950
0.00503860
0.00538560
0.00607910
0.00549100
0.00530080
0.00556160
0.00535310
0.00627250
0.00556060
0.00526660
0.00553630
0.00548010
0.00546520
0.00501630
0.00545000
0.00535750
0.00525480
0.00547010
0.00529600
0.00531670
0.00535780
0.00524410
0.00567720
0.00556230
0.00540200
0.00551740
0.00549770
0.00565030
0.00543480
0.00560770
0.00516900
0.00558650
0.00552940
0.00543850
0.00524130
0.00534840
0.00522950
0.00549300
0.00522710
0.00522830
0.00543990
0.00539620
0.00545670
0.00528910
0.00506340
0.00508610
0.00517210
0.00552120
0.00536230
0.00517760
0.00494690
0.00537550
0.00493270
0.00553250
0.00548010
0.00547300
0.00527860
