0.20489600
0.00398010
0.00403290
0.00409990
0.00399150
0.00388230
0.00418310
0.00405420
0.00379830
0.00384450
0.00366930
0.00362170
0.00381340
0.00391930
0.00387250
0.00392750
0.00379820
0.00381180
0.00360850
0.00356240
0.00366480
0.00427340
0.00431190
0.00401760
0.00394040
0.00392410
0.00412810
0.00401340
0.00395900
0.00388350
0.00392600
0.00384640
0.00381610
0.00391280
0.00385830
0.00359050
0.00357440
0.00363640
0.00362580
0.00376140
0.00405860
0.00399980
0.00389560
0.00370560
0.00374930
0.00385850
0.00383510
0.00374350
0.00356620
0.00354800
0.00357510
0.00355200
0.00352870
0.00367510
0.00402060
0.00415740
0.00399520
0.00389900
0.00394140
0.00422420
0.00373880
0.00363000
0.00392810
0.00364130
0.00360790
0.00360800
0.00373960
0.00381250
0.00379130
0.00378900
0.00380200
0.00389740
0.00374120
0.00355690
0.00391470
0.00391020
0.00386240
0.00382120
0.00387140
0.00385410
0.00383600
0.00378920
0.00388750
0.00389800
0.00383560
0.00392170
0.00388190
0.00391650
0.00393340
0.00399700
0.00409280
0.00421710
0.00418290
0.00369920
0.00400990
0.00429610
0.00405510
0.00498210
0.00445330
0.00455940
0.00379330
0.00372970
0.00362290
0.00360340
0.00353170
0.00356290
0.00366210
0.00367880
0.00397230
0.00369920
0.00363540
0.00361610
0.00365480
0.00385900
0.00403320
0.00387140
0.00388180
0.00382870
0.00387150
0.00377790
0.00369400
0.00363800
0.00376260
0.00410230
0.00382630
0.00379130
0.00383000
0.00414870
0.00385640
0.00428270
0.00424520
0.00398130
0.00403090
0.00452060
0.00447810
0.00414820
0.00365770
0.00363160
0.00423030
0.00385530
0.00403420
0.00389920
0.00382450
0.00387050
0.00379860
0.00395610
0.00388810
0.00388190
0.00382060
0.00378710
0.00391970
0.00387060
0.00363090
0.00366640
0.00383090
0.00390210
0.00385320
0.00389760
0.00404120
0.00383230
0.00369080
0.00365760
0.00377920
0.00404530
0.00380520
0.00437420
0.00441820
0.00381140
0.00373380
0.00401830
0.00411150
0.00396550
0.00421670
0.00403890
0.00366220
0.00363250
0.00369210
0.00454340
0.00386440
0.00419970
0.00427530
0.00415720
0.00413780
0.00411020
0.00408670
0.00408540
0.00424700
0.00418020
0.00398080
0.00385590
0.00394960
0.00400330
0.00382190
0.00377610
0.00369150
0.00383570
0.00399540
0.00388660
0.00394940
0.00408150
0.00407510
0.00414380
0.00414390
0.00401660
0.00411580
0.00392250
0.00390490
0.00392040
0.00372320
0.00377300
0.00391730
0.00381740
0.00403000
0.00422550
0.00403670
0.00419980
0.00413480
0.00414930
0.00381460
0.00409250
0.00398690
0.00397270
0.00419450
0.00406010
0.00408740
0.00383660
0.00387030
0.00400390
0.00376260
0.00420480
0.00413810
0.00398300
0.00414810
0.00393450
0.00416660
0.00414590
0.00411780
0.00400790
0.00495660
0.00416830
0.00379120
0.00420260
0.00413970
0.00375550
0.00372910
0.00416720
0.00426900
0.00409930
0.00391720
0.00385180
0.00394760
0.00389500
0.00365430
0.00406820
0.00443590
0.00484650
0.00395300
0.00410030
0.00430050
0.00431380
0.00434840
0.00405830
0.00406870
0.00394100
0.00379080
0.00378410
0.00388620
0.00426480
0.00413480
0.00401860
0.00430360
0.00410050
0.00435260
0.00457100
0.00431400
0.00427830
0.00422350
0.00423810
0.00411590
0.00412290
0.00391450
0.00386370
0.00405590
0.00428870
0.00407690
0.00425640
0.00411030
0.00465640
0.00448250
0.00420400
0.00413770
0.00405010
0.00384260
0.00387230
0.00403620
0.00394990
0.00422000
0.00427960
0.00399820
0.00427670
0.00399520
0.00402680
0.00402460
0.00439660
0.00425650
0.00441350
0.00406060
0.00406770
0.00431870
0.00425210
0.00418850
0.00428370
0.00406560
0.00407850
0.00407310
0.00399370
0.00387590
0.00401110
0.00430920
0.00435840
0.00415080
0.00409870
0.00423570
0.00413850
0.00427650
0.00406060
0.00424760
0.00430030
0.00435640
0.00429130
0.00512440
0.00455660
0.00411170
0.00427580
0.00428760
0.00432040
0.00445430
0.00440510
0.00454600
0.00490360
0.00463650
0.00474190
0.00457650
0.00461220
0.00442290
0.00402330
0.00451420
0.00437330
0.00432010
0.00431700
0.00425400
0.00429200
0.00470880
0.00457720
0.00443670
0.00432470
0.00425060
0.00399830
0.00402610
0.00419360
0.00405600
0.00396830
0.00421690
0.00462530
0.00437870
0.00433820
0.00449570
0.00450500
0.00422890
0.00460380
0.00459540
0.00462310
0.00462660
0.00432630
0.00408510
0.00420310
0.00440550
0.00451260
0.00445150
0.00459870
0.00476380
0.00469360
0.00424480
0.00478240
0.00488290
0.00456010
0.00468550
0.00451010
0.00458590
0.00451470
0.00466970
0.00478480
0.00455410
0.00455000
0.00450930
0.00449650
0.00465020
0.00469420
0.00482810
0.00448880
0.00451210
0.00476290
0.00527460
0.00506190
0.00477550
0.00422160
0.00474060
0.00505060
0.00436130
0.00430040
0.00427380
0.00422690
0.00410560
0.00475810
0.00467380
0.00468310
0.00510790
0.00461920
0.00422470
0.00414580
0.00460230
0.00457760
0.00446480
0.00465580
0.00461010
0.00442470
0.00483240
0.00488670
0.00434650
0.00470090
0.00473860
0.00491060
0.00488840
0.00482130
0.00467210
0.00461880
0.00479740
0.00439420
0.00437240
0.00428940
0.00451740
0.00482620
0.00468340
0.00437570
0.00465190
0.00513120
0.00459620
0.00482430
0.00444880
0.00443610
0.00447310
0.00445760
0.00478650
0.00441200
0.00440800
0.00465570
0.00494700
0.00452690
0.00451640
0.00503390
0.00495150
0.00516920
0.00551250
0.00529510
0.00540440
0.00576790
0.00531830
0.00559880
0.00505980
0.00486910
0.00501280
0.00540620
0.00506520
0.00466710
0.00525220
0.00498420
0.00595820
0.00498150
0.00491800
0.00504840
0.00512340
0.00528000
0.00493070
0.00500970
0.00520230
0.00542410
0.00509980
0.00455860
0.00478440
0.00447890
0.00467020
0.00537130
0.00490950
0.00481720
0.00474070
0.00474880
0.00455160
0.00456630
0.00484860
0.00473230
0.00507000
0.00468370
0.00457210
0.00500420
0.00454590
0.00452050
0.00509170
0.00487970
0.00487800
0.00488390
0.00489640
0.00510590
0.00529480
0.00511150
0.00438030
0.00463500
0.00513040
0.00500390
0.00503900
0.00486950
0.00464840
0.00511160
0.00490410
0.00453880
0.00475730
0.00462650
0.00456830
0.00498660
0.00481550
0.00491420
0.00507560
0.00492570
0.00497920
0.00486270
0.00470350
0.00476710
0.00456230
0.00452880
0.00431690
0.00432790
0.00428620
0.00423180
0.00422430
0.00424100
0.00421020
0.00444570
0.00436510
0.00532410
0.00540240
0.00455690
0.00485290
0.00452960
0.00480420
0.00471270
0.00445730
0.00414870
0.00408790
0.00464840
0.00449660
0.00460020
0.00463280
0.00446850
0.00437190
0.00416530
0.00407580
0.00418520
0.00448330
0.00409990
0.00429590
0.00472260
0.00453110
0.00438300
0.00402460
0.00441870
0.00427410
0.00423990
0.00420670
0.00448710
0.00456340
0.00441230
0.00423570
0.00430350
0.00417810
0.00427520
0.00426480
0.00397160
0.00486290
0.00440930
0.00440860
0.00450050
0.00435850
0.00422080
0.00433870
0.00432740
0.00434000
0.00441380
0.00409080
0.00400410
0.00417280
0.00425430
0.00425170
0.00433950
0.00431280
0.00423880
0.00388080
0.00391920
0.00430940
0.00412830
0.00404160
0.00403750
0.00403490
0.00433160
0.00432790
0.00418160
0.00427080
0.00422150
0.00435820
0.00420550
0.00417980
0.00433540
0.00415730
0.00426140
0.00419790
0.00409090
0.00428220
0.00454100
0.00404830
0.00408090
0.00393620
0.00401530
0.00409650
0.00407680
0.00439030
0.00427480
0.00431040
0.00436330
0.00404420
0.00391060
0.00405100
0.00376680
0.00385390
0.00390710
0.00383110
0.00376050
0.00378330
0.00382690
0.00407020
0.00392520
0.00392300
0.00410670
0.00424630
0.00435060
0.00384660
0.00384060
0.00400170
0.00422020
0.00417670
0.00413400
0.00393120
0.00402000
0.00378280
0.00373070
0.00366550
0.00369770
0.00408750
0.00392950
0.00397500
0.00410110
0.00392970
0.00389490
0.00387820
0.00369120
0.00369380
0.00363040
0.00366970
0.00367420
0.00374120
0.00396110
0.00384070
0.00394110
0.00386680
0.00420060
0.00415890
0.00385120
0.00381010
0.00374310
0.00417640
0.00409790
0.00390900
0.00414160
0.00400070
0.00385050
0.00387550
0.00361740
0.00365710
0.00375460
0.00400980
0.00403030
0.00358430
0.00413240
0.00398390
0.00406510
0.00420270
0.00380810
0.00388010
0.00450770
0.00412330
0.00434510
0.00414250
0.00403240
0.00383630
0.00378980
0.00407390
0.00408460
0.00387020
0.00420240
0.00391570
0.00397390
0.00378890
0.00387880
0.00388850
0.00379450
0.00399860
0.00387350
0.00383230
0.00402220
0.00388780
0.00396240
0.00406870
0.00407230
0.00407790
0.00406360
0.00412550
0.00412800
0.00408830
0.00400020
0.00412290
0.00395590
0.00363960
0.00365850
0.00359660
0.00361780
0.00359020
0.00357880
0.00384480
0.00362970
0.00357220
0.00357540
0.00392860
0.00397450
0.00397550
0.00373340
0.00373600
0.00388440
0.00410300
0.00411100
0.00404170
0.00404520
0.00392570
0.00387130
0.00380060
0.00394880
0.00398650
0.00406950
0.00389110
0.00382910
0.00366990
0.00405250
0.00403660
0.00412300
0.00403530
0.00407560
0.00409390
0.00400280
0.00372900
0.00362870
0.00362040
0.00370530
0.00378530
0.00402860
0.00404940
0.00390600
0.00421700
0.00409290
0.00457850
0.00392480
0.00399030
0.00371270
0.00364430
0.00361730
0.00362880
0.00364770
0.00393880
0.00387040
0.00389680
0.00373920
0.00374720
0.00377220
0.00405150
0.00396820
0.00376740
0.00369870
0.00364700
0.00389120
0.00398440
0.00387940
0.00367710
0.00363950
0.00365130
0.00370680
0.00371270
0.00371190
0.00387390
0.00382070
0.00383410
0.00379440
0.00371450
0.00377660
0.00377400
0.00379460
0.00397730
0.00388020
0.00413100
0.00410580
0.00415430
0.00397630
0.00399830
0.00408910
0.00387080
0.00386890
0.00396490
0.00397070
0.00397080
0.00423510
0.00415490
0.00399280
0.00390940
0.00392310
0.00380590
0.00393420
0.00415660
0.00399700
0.00388190
0.00403360
