0.27049170
0.01796200
0.01580180
0.01836640
0.01601510
0.01821140
0.01560910
0.01512030
0.01675860
0.28360150
0.01544690
0.01816600
0.01822760
0.01463510
0.01512860
0.01472090
0.01483160
0.01544380
0.00663310
0.00806010
0.00664960
0.00657400
0.00649640
0.00648900
0.22120220
0.00687660
0.00625930
0.00690150
0.00662560
0.00793450
0.00631180
0.00691240
0.00814050
0.00650810
0.00675570
0.00698910
0.00693050
0.00629490
0.00651700
0.00649640
0.00656660
0.00648600
0.00713750
0.00698570
0.00660620
0.00704930
0.00811450
0.00678180
0.00694930
0.00777010
0.00683890
0.00684510
0.00702460
0.00803270
0.00657370
0.00622430
0.00729070
0.00637450
0.00655590
0.00704350
0.00805210
0.00671940
0.00628560
0.00790930
0.00626170
0.00650000
0.00786350
0.00698240
0.00693670
0.00667730
0.00836020
0.00657500
0.00706030
0.00774150
0.00810110
0.00647120
0.00692490
0.00641730
0.00650490
0.00708660
0.00697240
0.00780170
0.00619260
0.00665770
0.00693590
0.00695550
0.00648880
0.00673150
0.00824870
0.00680180
0.00628730
0.00914200
0.00804940
0.00821260
0.00832720
0.00996080
0.01039670
0.00828100
0.00878490
0.00841180
0.01023490
0.00868190
0.00887950
0.00821990
0.00844640
0.01051260
0.00893570
0.00871920
0.00901750
0.00893680
0.01014430
0.00878530
0.00903650
0.00912460
0.00902360
0.01062440
0.00868170
0.00842060
0.00863850
0.00896940
0.00831260
0.00910480
0.00844560
0.00924030
0.01082040
0.01079290
0.00911510
0.00884500
0.00889450
0.01016570
0.01076280
0.00873400
0.00887820
0.00888530
0.00924620
0.01089320
0.00930100
0.00926240
0.00895030
0.00938100
0.01101450
0.00945180
0.00914140
0.00919710
0.00956290
0.01095130
0.00926370
0.00863710
0.00901560
0.01086540
0.00907240
0.00949190
0.00893800
0.00955980
0.01109700
0.00959970
0.00862120
0.00901940
0.00952420
0.01116460
0.01152660
0.00959410
0.00965320
0.00955710
0.00900770
0.01151460
0.00981230
0.00957870
0.00921600
0.00971940
0.01172920
0.01121020
0.00973300
0.00944460
0.00899410
0.01003990
0.01164710
0.01168200
0.00980150
0.00918180
0.00938840
0.00974700
0.01202920
0.01107520
0.01004310
0.00992830
0.01018580
0.01029040
0.01185310
0.01159820
0.01176600
0.01020140
0.00997630
0.01007220
0.00991840
0.01018670
0.01160840
0.01099160
0.00963970
0.01034820
0.01038650
0.01161950
0.01202200
0.01218100
0.01102060
0.02057370
0.01887300
0.01925130
0.01947100
0.01648530
0.01733440
0.01597230
0.01607000
0.01607290
0.01627550
0.01929010
0.01535700
0.01576550
0.01499550
0.01496430
0.01510170
0.01547730
0.01528570
0.01542140
0.01485220
0.01452720
0.01477680
0.01496460
0.01488210
0.01462200
0.01547180
0.01499620
0.01498370
0.01689070
0.01652410
0.01689640
0.01505550
0.01699840
0.00910230
0.00621700
0.00663100
0.00671090
0.00687430
0.00669850
0.00689220
0.00657740
0.00689070
0.00677490
0.00799480
0.00655520
0.00684470
0.00674460
0.00802820
0.00640230
0.00661050
0.00671930
0.00652700
0.00667410
0.00678680
0.00641120
0.00666940
0.00627010
0.00817750
0.00665350
0.00671440
0.00691800
0.00701580
0.00679950
0.00691470
0.00656290
0.00844830
0.00697000
0.00673100
0.00656950
0.00753480
0.00701180
0.00661540
0.00722520
0.00682370
0.00672580
0.00632300
0.00789260
0.00681340
0.00651090
0.00817020
0.00652960
0.00662080
0.00636900
0.00679230
0.00657760
0.00696490
0.00799230
0.00678000
0.00630340
0.00701590
0.00622910
0.00681370
0.00700130
0.00801860
0.00696670
0.00664780
0.00661060
0.00680110
0.00659630
0.00684550
0.00715320
0.00639800
0.00668940
0.00714530
0.00658830
0.00713240
0.00707950
0.00819050
0.00664570
0.00684980
0.00711830
0.00814800
0.00713230
0.00620410
0.00671450
0.00629140
0.00780630
0.00878770
0.01013050
0.00869780
0.00899500
0.00814410
0.00983430
0.01016270
0.00781670
0.00865900
0.00836530
0.01000170
0.00856930
0.00862100
0.00845940
0.00973290
0.01042530
0.01089230
