0.19533600
0.00489110
0.00530730
0.00518030
0.00499090
0.00541670
0.00549310
0.00519780
0.00517150
0.00530080
0.00588780
0.00539730
0.00540310
0.00522920
0.00602260
0.00543700
0.00517450
0.00479730
0.00497850
0.00476170
0.00464980
0.00446290
0.00468340
0.00489820
0.00473930
0.00454360
0.00482100
0.00436030
0.00428730
0.00000000
0.00000000
0.00000000
0.00000000
0.20556240
0.00473270
0.00489890
0.00516570
0.00496750
0.00493060
0.00448900
0.00478170
0.00453870
0.00448980
0.00443770
0.00458470
0.00468700
0.00463460
0.00480420
0.00469790
0.00495340
0.00530290
0.00493870
0.00473730
0.00495140
0.00501560
0.00488360
0.00479030
0.00494220
0.00504230
0.00490790
0.00538390
0.00487830
0.00481110
0.00457240
0.00458350
0.00454610
0.00452690
0.00462650
0.00460320
0.00469240
0.00476880
0.00498320
0.00475240
0.00494630
0.00482660
0.00493560
0.00447000
0.00464280
0.00455020
0.00455550
0.00452770
0.00450770
0.00462880
0.00477300
0.00492140
0.00464060
0.00475740
0.00455580
0.00448870
0.00530300
0.00506860
0.00475200
0.00430070
0.00549460
0.00463110
0.00422390
0.00441220
0.00431930
0.00433300
0.00437250
0.00442470
0.00412660
0.00467370
0.00433260
0.00415760
0.00493620
0.00460340
0.00453690
0.00420370
0.00411260
0.00421670
0.00428810
0.00426680
0.00407060
0.00412990
0.00416900
0.00444700
0.00427970
0.00416270
0.00432160
0.00453520
0.00444130
0.00446160
0.00465440
0.00471920
0.00447550
0.00474500
0.00461250
0.00459350
0.00456270
0.00456670
0.00512560
0.00505490
0.00481300
0.00461820
0.00471830
0.00497720
0.00439360
0.00457810
0.00459840
0.00458080
0.00469760
0.00431520
0.00424400
0.00422510
0.00415630
0.00421960
0.00454360
0.00462950
0.00479690
0.00474000
0.00467700
0.00438970
0.00437900
0.00466190
0.00496500
0.00477820
0.00502550
0.00479310
0.00474020
0.00480330
0.00469800
0.00467480
0.00437670
0.00465450
0.00483500
0.00468770
0.00469110
0.00463450
0.00501650
0.00450630
0.00444840
0.00433640
0.00451570
0.00446410
0.00439440
0.00454360
0.00436250
0.00432680
0.00434690
0.00435410
0.00434280
0.00442320
0.00415940
0.00436710
0.00438290
0.00486740
0.00481830
0.00479940
0.00466820
0.00483310
0.00468860
0.00459030
0.00478380
0.00458390
0.00454820
0.00453530
0.00426070
0.00425760
0.00426530
0.00422030
0.00469490
0.00430930
0.00423790
0.00455040
0.00474700
0.00487580
0.00540710
0.00489430
0.00479740
0.00469980
0.00456700
0.00448880
0.00451820
0.00449460
0.00452140
0.00444920
0.00453290
0.00457050
0.00451460
0.00476010
0.00479110
0.00443500
0.00463300
0.00460140
0.00496170
0.00510190
0.00437670
0.00433820
0.00431060
0.00430300
0.00431380
0.00432420
0.00433740
0.00528890
0.00526370
0.00533070
0.00553910
0.00559850
0.00529310
0.00550050
0.00487640
0.00481860
0.00528470
0.00513810
0.00499260
0.00508140
0.00592640
0.00539890
0.00534840
0.00520480
0.00548940
0.00520960
0.00524920
0.00512800
0.00512990
0.00526980
0.00528050
0.00532520
0.00468100
0.00464710
0.00545180
0.00534090
0.00518290
0.00526420
0.00489800
0.00517170
0.00546710
0.00543640
0.00536740
0.00534450
0.00547010
0.00530580
0.00513390
0.00495070
0.00529720
0.00556430
0.00560820
0.00563680
0.00556000
0.00602620
0.00587010
0.00549830
0.00521920
0.00543860
0.00549390
0.00533780
0.00533060
0.00518070
0.00527360
0.00534690
0.00514220
0.00544510
0.00551280
0.00527150
0.00503980
0.00480510
0.00538190
0.00533380
0.00519930
0.00544090
0.00526670
0.00462430
0.00459190
0.00479520
0.00484970
0.00534430
0.00474610
0.00514440
0.00504590
0.00492070
0.00470190
0.00481040
0.00517790
0.00537490
0.00498490
0.00494210
0.00468960
0.00510530
0.00547940
0.00542240
0.00573840
0.00554580
0.00562820
0.00475340
0.00458350
0.00469460
0.00468380
0.00523550
0.00478430
0.00466440
0.00458890
0.00463260
0.00486610
0.00523220
0.00513160
0.00517650
0.00535240
0.00500300
0.00488480
0.00480250
0.00494050
0.00483850
0.00506030
0.00541300
0.00580380
0.00602280
0.00549370
0.00614980
0.00554710
0.00562740
0.00614100
0.00612850
0.00585570
0.00578350
0.00582790
0.00581850
0.00626360
0.00553100
0.00568610
0.00590210
0.00652800
0.00598390
0.00630050
0.00634230
0.00597230
