1
283.29,142.78,88.27,196.82
281.35,140.54,88.85,197.50
279.94,143.56,88.91,196.53
278.29,144.70,88.26,195.17
277.98,145.07,87.20,193.41
277.53,147.47,86.52,190.45
274.81,144.58,86.51,189.47
274.06,143.90,85.30,188.40
273.80,143.02,83.91,186.58
271.54,140.14,83.70,187.89
280.97,136.61,85.68,187.29
274.33,131.76,85.37,190.36
270.29,127.59,84.99,192.38
265.76,134.36,84.61,192.53
261.68,132.57,83.62,193.59
256.05,141.36,82.49,192.02
251.70,145.57,81.37,187.27
259.62,149.06,80.69,183.51
254.67,148.48,79.43,180.46
248.82,138.93,79.33,180.14
245.79,144.67,78.19,176.54
251.82,136.48,78.49,178.39
244.18,138.15,79.02,178.64
237.72,137.81,78.89,178.29
234.30,139.42,78.82,177.92
231.36,140.30,78.32,177.21
227.26,142.76,77.95,175.24
2
0
0
0
0
1
294.08,123.18,79.96,169.20
296.80,120.80,78.14,171.47
294.03,119.28,76.90,175.24
293.05,117.49,75.82,176.69
292.97,114.87,74.44,177.17
292.10,116.88,73.89,175.46
289.74,120.21,74.14,173.11
290.54,120.86,73.35,173.53
291.56,118.33,72.26,176.01
290.13,116.71,71.46,177.32
285.96,116.25,72.28,177.82
283.33,116.11,72.63,177.08
281.77,116.72,71.91,176.26
280.57,119.12,71.16,175.23
277.32,117.82,70.19,173.22
276.38,119.64,68.70,172.22
274.97,120.60,67.34,170.58
281.13,115.01,67.98,170.59
275.27,112.11,67.17,170.88
271.84,114.51,66.98,170.29
277.69,111.92,67.54,169.96
269.91,119.19,66.83,169.03
266.85,121.10,66.68,167.86
270.87,116.24,66.59,167.79
314.91,124.02,65.15,164.70
324.56,114.51,63.87,166.94
331.91,112.41,62.25,168.80
336.86,107.80,61.52,169.18
339.41,107.46,61.39,167.57
334.57,112.59,60.77,167.94
339.97,110.05,60.37,167.26
336.46,108.98,59.35,166.75
342.38,107.99,58.98,165.31
339.50,107.73,58.64,164.30
345.66,112.85,58.59,162.33
345.67,112.65,58.17,161.00
350.22,115.40,57.83,158.35
349.93,115.49,56.95,158.13
349.86,115.43,56.83,156.43
348.79,112.65,56.67,155.92
354.32,112.63,56.67,154.63
351.43,109.92,55.71,155.39
355.20,108.79,55.40,154.95
351.03,105.94,54.94,156.80
358.37,105.08,54.43,158.65
355.12,113.47,54.50,159.39
353.90,110.30,54.57,161.06
360.30,109.99,54.57,159.60
357.93,106.97,54.75,159.66
368.60,119.28,55.70,154.74
363.33,113.20,55.36,152.84
369.83,119.78,55.06,150.05
365.25,114.92,54.54,147.91
372.18,120.38,53.84,145.95
379.13,126.19,53.96,144.78
373.46,120.90,53.14,144.39
378.40,119.11,52.38,142.93
381.64,125.23,52.45,141.99
384.15,124.48,52.35,140.40
386.35,129.55,52.45,140.45
383.23,125.17,51.73,141.82
387.23,125.87,52.41,140.26
384.00,125.05,51.48,140.85
388.57,125.07,51.63,139.80
386.88,124.32,51.15,140.19
390.54,123.56,51.81,139.81
386.96,122.89,51.27,140.22
389.41,120.71,51.60,141.33
389.57,119.00,51.22,141.90
391.72,117.68,51.70,141.59
390.40,114.61,51.41,141.94
391.24,114.80,50.71,141.46
390.84,116.18,50.08,140.43
390.14,117.13,49.69,139.34
389.29,115.17,49.08,138.57
387.59,118.73,48.97,138.78
386.71,114.15,48.54,139.32
385.69,114.21,48.37,139.86
385.42,111.95,47.94,140.71
383.30,112.26,47.94,141.48
381.94,113.07,47.84,141.97
382.71,111.63,47.65,143.23
380.82,110.50,47.86,144.46
378.79,109.50,48.23,144.96
378.20,109.92,48.16,145.27
377.19,109.98,48.67,145.98
376.13,108.19,49.35,147.15
375.37,107.37,49.61,148.29
373.79,105.85,50.10,149.46
372.71,106.67,50.70,149.36
371.39,107.46,50.82,149.23
370.61,104.91,51.15,150.84
369.47,104.70,51.00,152.46
369.92,105.49,50.95,152.76
368.20,104.50,51.01,152.96
367.71,104.45,50.94,152.91
366.30,109.35,51.90,155.74
365.91,105.67,52.51,156.24
364.06,106.28,53.46,157.80
363.85,107.98,53.81,158.35
361.93,107.53,54.06,159.27
359.44,105.61,54.40,159.83
357.74,104.82,54.40,161.14
357.74,108.72,54.25,162.06
356.00,109.16,53.57,164.23
359.47,109.24,54.56,165.63
357.50,109.99,53.83,166.11
360.50,110.58,54.99,167.39
357.76,108.81,54.12,169.07
362.03,110.24,55.40,168.88
358.86,109.55,54.92,170.03
362.62,109.29,56.47,171.05
358.36,108.18,55.83,173.57
363.04,106.56,57.59,174.41
360.75,107.22,56.89,176.22
359.07,109.17,56.87,176.67
365.93,108.97,58.56,176.98
362.98,109.50,59.22,177.27
359.19,108.44,59.76,178.19
366.48,110.00,61.84,178.05
363.69,112.03,63.26,176.07
368.28,111.18,65.17,176.06
359.93,112.23,65.72,173.58
352.81,111.51,66.44,173.13
347.48,108.96,66.44,172.52
345.19,117.92,66.18,171.82
351.67,113.17,65.29,171.73
355.48,110.20,63.94,170.43
349.16,117.22,63.32,171.22
353.75,113.00,62.45,171.14
347.10,111.99,61.75,169.65
343.35,110.08,61.58,170.59
348.58,112.78,61.51,168.62
344.96,113.36,62.43,167.23
342.83,120.15,62.89,166.44
347.47,116.55,63.12,164.92
342.00,115.99,62.99,162.68
346.60,114.38,62.65,162.01
341.83,113.55,61.80,161.30
345.72,112.50,61.71,160.19
342.17,119.14,61.63,160.67
348.05,118.26,61.31,161.35
349.98,116.10,61.56,160.66
346.14,119.30,60.64,160.82
342.19,127.93,60.92,159.08
344.24,123.61,63.92,155.49
340.33,121.11,64.11,156.09
343.99,121.67,64.26,157.11
339.19,125.49,63.27,158.49
333.17,117.05,62.06,161.46
340.97,125.21,62.73,159.64
322.88,117.38,62.59,160.18
328.11,119.66,63.04,161.61
321.52,118.88,64.00,162.14
312.68,121.34,65.19,163.55
305.77,120.98,66.73,164.07
300.82,121.45,68.01,166.46
299.49,123.10,69.16,165.80
299.09,124.37,69.58,166.19
301.15,123.26,68.87,166.79
303.24,125.95,68.53,166.92
301.33,121.15,68.58,168.14
303.16,121.40,67.88,169.63
304.88,120.54,67.61,171.25
306.38,119.35,67.37,172.58
306.46,118.69,66.99,173.49
309.21,119.26,66.16,174.07
308.68,119.72,67.04,173.97
310.51,120.04,66.19,173.85
306.77,117.60,66.57,174.07
310.66,123.04,67.22,172.27
312.99,120.33,67.59,172.73
314.82,119.51,68.02,170.97
317.63,123.88,68.76,169.48
315.17,117.15,68.89,170.41
316.31,119.93,69.06,169.42
317.07,118.65,68.95,169.90
317.95,118.41,68.45,170.09
319.79,121.10,67.73,170.14
322.82,120.28,67.65,171.35
325.20,119.42,67.80,171.36
326.60,118.39,67.99,171.00
328.93,119.35,68.21,169.41
331.60,119.35,68.37,168.93
334.00,120.71,68.66,167.75
337.64,118.18,69.06,168.76
339.04,115.98,70.03,169.11
341.46,116.73,70.62,169.80
342.33,113.70,71.42,170.56
343.61,113.59,71.16,172.50
345.10,113.41,70.98,173.60
346.20,110.04,71.00,175.53
347.78,111.32,70.64,178.68
346.14,116.76,69.49,180.14
348.28,117.83,68.57,176.11
351.03,112.37,67.97,178.35
351.98,109.37,68.37,180.68
352.36,108.18,68.67,182.29
352.70,107.50,67.15,183.40
353.29,104.83,67.59,186.69
353.45,105.35,68.37,189.49
354.27,105.87,69.06,192.25
354.14,103.39,70.17,195.11
352.42,99.93,71.36,196.93
351.36,102.25,72.13,197.74
349.42,101.34,72.57,198.48
347.68,101.71,73.43,197.97
346.84,102.43,73.62,197.82
346.18,100.88,73.83,197.74
345.50,101.20,74.03,197.76
346.30,101.49,73.29,198.06
346.97,101.40,73.46,197.51
346.23,100.56,74.03,197.32
345.43,101.69,74.12,196.64
343.13,101.42,74.45,196.75
339.80,101.04,74.76,197.08
335.76,98.77,74.99,196.91
343.80,98.74,75.70,199.54
336.85,101.87,74.73,198.19
332.09,96.09,75.86,198.98
328.01,100.79,75.95,199.62
334.79,94.55,76.33,202.37
327.16,98.01,76.63,202.85
321.31,98.10,76.84,203.48
317.48,97.57,75.55,203.42
314.98,99.76,74.66,201.47
312.60,100.90,74.12,199.90
309.26,100.19,73.42,197.68
313.81,96.02,73.89,198.56
305.66,105.25,74.03,196.20
309.17,98.26,76.67,195.38
356.60,101.70,75.38,198.32
369.33,108.56,74.27,198.96
375.39,98.12,73.92,199.81
371.88,107.26,72.23,197.88
382.18,97.17,72.87,198.43
388.29,89.13,72.30,197.70
395.32,82.15,70.09,196.34
388.76,93.04,69.64,193.28
398.54,89.38,68.36,192.32
391.62,90.57,67.43,189.89
386.97,101.03,67.28,187.66
382.01,107.13,67.69,188.82
392.38,99.47,67.08,189.63
397.80,98.45,67.40,188.79
390.10,95.27,67.01,190.41
385.30,102.87,67.03,189.76
393.44,104.58,69.12,187.06
387.72,103.87,69.62,183.60
379.78,100.49,70.21,185.01
373.48,95.39,70.87,185.95
377.66,97.23,70.63,185.63
369.38,97.34,70.67,187.27
361.10,98.52,69.94,189.28
352.76,95.40,69.47,191.61
347.34,102.42,68.87,193.60
340.97,107.67,68.60,195.70
346.10,101.35,68.47,195.58
339.31,99.94,68.27,197.74
333.27,95.50,68.30,199.86
326.96,92.71,68.24,201.91
331.74,91.51,68.66,199.60
322.04,90.96,69.01,200.59
315.99,97.53,69.29,203.37
310.67,96.00,68.70,206.08
317.92,93.42,69.92,206.59
308.20,90.84,71.07,207.37
304.37,87.51,71.77,207.41
299.92,86.48,72.11,206.68
304.39,88.79,71.13,206.30
309.83,90.40,70.49,203.06
304.73,97.30,69.02,201.81
302.51,100.55,67.81,200.61
306.92,101.30,67.68,199.25
304.97,107.36,66.61,199.45
302.31,105.40,66.11,201.31
307.47,104.07,65.49,202.29
301.30,107.66,65.25,203.95
295.96,102.13,64.97,205.58
305.47,99.99,64.28,206.56
310.18,99.15,65.04,207.65
302.49,97.63,65.00,208.87
307.10,97.20,65.52,209.57
302.26,101.02,65.16,210.73
306.65,98.80,65.46,212.29
299.58,96.28,65.16,213.79
304.54,90.60,65.39,215.49
308.61,77.93,66.80,214.88
299.81,79.34,68.25,215.60
303.35,64.35,70.49,215.31
296.44,65.54,70.54,212.08
291.59,66.85,71.34,210.66
286.88,65.22,71.21,208.27
293.82,76.15,71.83,208.97
289.17,72.84,72.06,207.72
296.47,76.25,72.55,204.17
290.05,80.72,72.48,205.08
285.72,79.33,73.76,206.01
280.66,78.38,74.50,207.46
275.95,75.84,75.07,210.66
269.07,71.75,75.35,212.01
275.33,69.10,74.75,212.29
268.32,65.05,74.81,215.14
276.30,61.94,74.94,217.54
269.00,55.04,73.85,220.89
273.78,50.72,74.28,224.24
265.68,58.82,74.04,230.22
269.63,51.74,75.06,233.97
264.79,48.84,75.40,237.88
264.39,54.25,76.60,239.73
262.07,52.48,77.33,239.61
269.30,57.04,78.64,239.58
276.00,59.30,78.83,239.47
283.46,58.35,78.07,241.54
279.01,72.29,78.02,242.10
285.62,69.25,78.83,246.65
279.82,78.12,79.92,247.88
291.85,72.53,79.88,251.02
299.93,67.25,79.86,255.16
292.01,69.54,80.46,259.57
296.35,65.99,81.31,264.46
300.68,59.83,83.36,268.22
286.45,62.77,84.51,269.33
248.25,59.16,87.31,269.91
244.69,59.74,87.76,269.71
255.21,49.50,90.51,275.89
254.85,61.65,89.75,275.29
261.84,53.08,90.95,276.71
265.41,53.78,90.81,278.10
270.69,58.53,91.79,276.91
275.44,60.58,90.51,276.39
272.94,64.04,90.19,275.12
