2.42972050
0.00933670
0.00646420
0.00655740
0.00624200
0.00658390
0.00619860
0.00572590
0.00657180
0.00612160
0.00622910
0.00632730
0.00599320
0.00659160
0.00683450
0.00609430
0.00599970
0.00731510
0.00584740
0.00570720
0.00549750
0.00897950
0.00690560
0.00653840
0.00664570
0.00752280
0.00667100
0.00674740
0.00761600
0.00611370
0.00648980
0.00577390
0.00606460
0.00602360
0.00648810
0.00776460
0.00631870
0.00578800
0.00538290
0.00637290
0.00600800
0.00550660
0.00566120
0.00708770
0.00564860
0.00537110
0.00544680
0.00705510
0.00565470
0.00643390
0.00612150
0.00846920
0.00703100
0.00610150
0.01160290
0.00585630
0.00571580
0.00666750
0.00644120
0.00758720
0.00666020
0.00703420
0.00540830
0.00619750
0.00620670
0.00709010
0.00628880
0.00618990
0.00623580
0.00670310
0.00639230
0.00638160
0.00711160
0.00710990
0.00636770
0.00608680
0.00680390
0.00692460
0.00630110
0.00635990
0.00689730
0.00632160
0.00625430
0.00573890
0.00617010
0.00694640
0.00644310
0.00623330
0.00734490
0.00630640
0.00688540
0.00659750
0.00630820
0.00602940
0.00479270
0.00625410
0.00651550
0.00628210
0.00610990
0.00817230
0.00909610
0.00574410
0.00608890
0.00741610
0.00550790
0.00625300
0.00655250
0.00695900
0.00699430
0.00686610
0.01860960
0.01557570
0.00849300
0.00588760
0.00639040
0.00755990
0.00668160
0.00701720
0.00781920
0.01325020
0.02827860
0.00845150
0.01129550
0.00716380
0.00737550
0.00837770
0.01055230
0.01461910
0.00985330
0.00808530
0.00956430
0.00754560
0.00797740
0.01304340
0.01131380
0.01735230
0.01257710
0.00847150
0.00905460
0.00832260
0.00883770
0.00838270
0.00788810
0.00897970
0.00814810
0.00830230
0.00880560
0.00802540
0.00865500
0.00851030
0.00799390
0.00878350
0.00847340
0.00898710
0.00789090
0.00915910
0.01004930
0.00924310
0.00953130
0.00844300
0.00796580
0.00964450
0.00879380
0.00901620
0.00986860
0.00925390
0.00790770
0.00872540
0.00783970
0.00699570
0.00940350
0.00871620
0.00909930
0.00900610
0.00939680
0.01056210
0.01013420
0.00979770
0.01174900
0.01897420
0.01851960
0.02950120
0.01237570
0.01430460
0.01412780
0.01540820
0.01663710
0.02530800
0.01007900
0.00959220
0.00861390
0.01195410
0.02154410
0.01757760
0.01159450
0.01125750
