0.21123470
0.00482830
0.00499690
0.00492020
0.00490280
0.00525750
0.00539090
0.00516510
0.00829260
0.00498050
0.00501690
0.00517360
0.00525930
0.00585220
0.00568760
0.00549900
0.00552750
0.00546530
0.00555370
0.00581230
0.00580200
0.00514800
0.00516290
0.00519580
0.00549130
0.00540960
0.00549360
0.00524140
0.00541300
0.00584520
0.00570100
0.00602800
0.00652970
0.00572630
0.00573840
0.00571540
0.00623930
0.00607990
0.00563340
0.00644980
0.00616860
0.00547860
0.00534870
0.00508940
0.00509810
0.00594890
0.00511390
0.00500940
0.00504990
0.00537040
0.00527730
0.00579230
0.00512490
0.00488980
0.00543720
0.00532040
0.00487920
0.00485630
0.00503850
0.00559680
0.00490410
0.00566620
0.00551360
0.00550430
0.00575060
0.00580830
0.00590870
0.00554070
0.00550330
0.00497780
0.00545930
0.00461080
0.00499210
0.00539600
0.00507500
0.00495930
0.00486160
0.00479780
0.00515180
0.00515950
0.00512580
0.00500390
0.00514990
0.00467240
0.00483150
0.00513300
0.00543010
0.00496860
0.00509310
0.00504170
0.00547700
0.00462030
0.00588780
0.00523430
0.00546260
0.00540420
0.00520650
0.00523710
0.00527330
0.00485240
0.00578170
0.00525570
0.00634490
0.00568370
0.00505980
0.00463880
0.00508800
0.00532480
0.00512800
0.00546090
0.00542030
0.00487990
0.00478690
0.00517130
0.00536820
0.00539380
0.00562760
0.00529180
0.00489290
0.00478930
0.00475980
0.00477690
0.00515250
0.00487060
0.00513620
0.00493120
0.00469810
0.00506870
0.00533920
0.00512250
0.00511960
0.00460330
0.00512970
0.00514680
0.00539140
0.00525230
0.00532910
0.00515250
0.00464390
0.00472180
0.00474340
0.00549240
0.00499390
0.00531820
0.00525950
0.00500550
0.00482910
0.00520390
0.00583420
0.00545090
0.00528530
0.00491670
0.00488260
0.00542660
0.00543290
0.00533330
0.00545710
0.00490830
0.00502700
0.00503890
0.00543160
0.00520970
0.00506110
0.00463320
0.00481630
0.00546500
0.00477800
0.00463580
0.00490790
0.00503690
0.00559880
0.00536730
0.00525820
0.00528400
0.00522810
0.00522240
0.00498130
0.00496950
0.00510140
0.00528080
0.00470670
0.00561840
0.00509700
0.00551900
0.00540660
0.00450700
0.00497900
0.00500830
0.00496080
0.00486960
0.00502950
0.00521980
0.00561690
0.00534740
0.00548810
0.00486770
0.00520110
0.00506050
0.00495550
0.00489980
0.00483620
0.00477950
0.00485000
0.00478210
0.00528330
0.00481990
0.00563210
0.00602580
0.00545890
0.00503160
0.00489420
0.00470740
0.00472470
0.00466400
0.00481700
0.00606580
0.00503990
0.00469470
0.00472680
0.00488990
0.00485060
0.00493360
0.00487350
0.00482820
0.00438110
0.00430660
0.00523440
0.00489660
0.00475570
0.00472720
0.00456730
0.00466560
0.00454550
0.00000000
0.00000000
0.00000000
0.00000000
0.20756640
0.00457570
0.00439890
0.00442530
0.00450610
0.00474050
0.00454890
0.00444300
0.00441350
0.00422220
0.00439980
0.00526070
0.00481550
0.00484920
0.00482250
0.00475220
0.00435100
0.00477350
0.00457500
0.00461010
0.00446380
0.00481560
0.00464610
0.00449020
0.00437210
0.00442440
0.00472860
0.00465030
0.00471250
0.00472220
0.00464460
0.00474010
0.00508930
0.00445130
0.00516110
0.00491680
0.00485550
0.00485820
0.00554530
0.00551280
0.00501380
0.00532600
0.00490670
0.00470570
0.00464220
0.00472960
0.00467280
0.00450370
0.00443230
0.00503090
0.00451980
0.00465710
0.00453700
0.00467160
0.00476630
