0.20210590
0.00434590
0.00411060
0.00410710
0.00400200
0.00437750
0.00408960
0.00424430
0.00398990
0.00397720
0.00402770
0.00438920
0.00420340
0.00400510
0.00392120
0.00391970
0.00390650
0.00405100
0.00451230
0.00449050
0.00443250
0.00431160
0.00441260
0.00428230
0.00433730
0.00439280
0.00426810
0.00441850
0.00422450
0.00435040
0.00431060
0.00425550
0.00421420
0.00430240
0.00425360
0.00460870
0.00409920
0.00419750
0.00453270
0.00424800
0.00424900
0.00426050
0.00441000
0.00455450
0.00417180
0.00406370
0.00403480
0.00433830
0.00428070
0.00412430
0.00410790
0.00418920
0.00415800
0.00407340
0.00420100
0.00413020
0.00448870
0.00447730
0.00499770
0.00450390
0.00455570
0.00486220
0.00474120
0.00469670
0.00480070
0.00530840
0.00539740
0.00511850
0.00473290
0.00565150
0.00509780
0.00553310
0.00619520
0.00573670
0.00475140
0.00478450
0.00504070
0.00447810
0.00459850
0.00434870
0.00442230
0.00457950
0.00434300
0.00454290
0.00469110
0.00449740
0.00430720
0.00564740
0.00457590
0.00451940
0.00434070
0.00431650
0.00432130
0.00438830
0.00422600
0.00419930
0.00424840
0.00429150
0.00426800
0.00393970
0.00423110
0.00437850
0.00451270
0.00420300
0.00417550
0.00414780
0.00391710
0.00394520
0.00414700
0.00396930
0.00393410
0.00385270
0.00386480
0.00406750
0.00452000
0.00432880
0.00410650
0.00416520
0.00438600
0.00411940
0.00412710
0.00413280
0.00419910
0.00432260
0.00416190
0.00416730
0.00408790
0.00427800
0.00426320
0.00410550
0.00421400
0.00434550
0.00429400
0.00450160
0.00428670
0.00429870
0.00444800
0.00413390
0.00408250
0.00382720
0.00445790
0.00432190
0.00420270
0.00435650
0.00432900
0.00433730
0.00434090
0.00415990
0.00422230
0.00416770
0.00421030
0.00426400
0.00430210
0.00421750
0.00411800
0.00425360
