1
165.41,59.53,90.20,66.39
133.09,85.62,90.13,66.06
105.78,100.04,88.75,66.29
86.99,100.01,87.95,67.03
68.90,107.95,86.68,67.32
54.88,121.22,84.32,70.58
52.46,127.83,83.14,73.40
65.86,141.05,84.76,72.54
101.06,148.04,88.05,69.31
127.93,131.25,90.21,69.19
157.26,123.88,90.09,70.11
199.87,125.89,88.92,72.44
230.65,127.38,87.05,74.55
252.47,127.62,88.56,75.80
279.98,123.55,91.17,74.94
294.79,127.75,94.35,75.05
292.37,131.65,94.49,75.51
297.20,132.63,92.40,78.29
316.98,135.29,91.99,82.18
347.92,140.56,92.46,83.68
361.19,150.52,92.34,82.57
365.49,164.25,92.16,81.01
365.78,170.96,91.35,79.83
369.23,165.57,89.94,80.98
362.33,146.39,87.68,82.33
344.22,130.97,85.45,83.88
314.16,118.09,85.16,82.89
283.83,112.12,84.78,80.00
265.80,118.29,83.04,78.02
261.61,120.32,82.63,77.48
253.60,132.51,84.48,74.42
233.65,133.97,86.70,70.85
215.97,137.47,86.05,67.95
201.74,138.36,84.98,66.66
186.23,131.82,83.86,66.24
157.56,127.04,82.79,66.79
153.06,129.71,80.53,67.14
148.83,125.96,79.05,67.45
148.45,121.96,78.47,68.05
157.78,117.91,78.34,68.01
179.64,115.57,77.54,65.91
183.22,121.85,76.27,64.45
190.46,127.35,74.36,64.01
212.72,125.76,72.67,62.76
226.52,124.94,70.23,61.39
242.39,124.12,68.47,61.55
263.73,136.46,67.79,60.67
278.28,134.62,66.60,60.74
297.62,138.88,65.67,59.23
299.83,135.85,64.68,57.94
297.85,133.00,63.04,56.80
303.59,129.34,62.53,55.88
299.97,134.12,63.67,53.68
282.48,129.72,62.33,54.77
2
0
0
0
0
1
323.51,144.35,53.05,57.21
321.41,141.88,52.55,57.73
319.12,145.29,52.04,58.04
311.71,147.37,54.47,57.45
309.27,152.33,57.55,55.54
307.15,155.93,60.64,53.81
306.10,157.12,62.87,52.43
314.08,154.86,61.57,52.85
312.83,155.93,59.16,54.59
309.79,157.88,57.63,55.57
310.05,158.58,56.03,55.92
307.71,153.01,56.43,56.03
307.01,150.88,57.55,55.38
306.62,153.74,58.25,55.03
302.75,153.66,58.33,55.29
314.33,149.20,56.39,56.92
317.32,152.71,55.79,56.72
309.17,162.19,54.15,56.40
304.89,165.63,53.16,56.94
293.79,162.08,53.45,57.29
297.81,157.24,52.98,56.95
284.78,154.43,52.59,56.38
272.63,152.97,52.12,55.59
268.93,149.88,52.11,55.16
272.04,153.12,51.65,54.50
268.93,155.14,51.27,54.55
261.93,150.83,53.20,54.74
275.55,147.86,56.35,51.85
280.34,151.09,56.30,52.06
270.32,173.36,55.54,53.71
280.94,171.43,54.88,54.72
286.37,165.76,53.13,56.54
290.70,159.37,52.50,57.34
335.40,128.81,52.36,56.21
344.55,150.12,53.27,56.70
365.14,153.78,50.72,58.77
370.85,157.90,50.36,57.89
381.68,154.64,50.85,57.28
387.10,157.48,50.92,57.33
389.63,173.76,51.54,58.12
386.49,170.41,51.54,58.12
397.27,152.96,51.39,56.98
2
0
0
0
0
1
168.17,189.01,41.23,63.76
166.63,194.19,42.42,65.74
169.13,198.24,42.70,68.99
172.97,197.30,42.87,70.84
2
0
0
0
0
1
310.91,206.64,62.12,64.85
306.40,208.69,60.17,66.70
291.90,211.67,59.95,66.43
301.81,209.03,59.85,66.35
300.46,200.98,59.78,66.42
297.75,188.92,59.73,66.46
304.46,187.42,59.71,66.60
300.23,188.07,59.85,66.65
302.42,197.73,60.37,66.80
307.72,195.19,60.28,67.17
301.57,204.34,61.00,67.61
298.55,200.74,60.86,67.94
295.93,200.83,60.86,67.94
294.17,200.10,60.86,67.96
292.30,198.65,60.84,67.99
290.20,193.50,60.83,68.04
290.57,188.16,60.97,68.47
294.59,191.32,61.17,69.26
293.65,187.11,61.37,70.15
291.86,184.77,61.50,70.59
288.79,183.39,61.57,70.84
286.92,176.64,61.58,71.17
274.78,167.41,61.73,71.36
269.61,159.70,61.88,71.52
266.05,151.03,60.30,73.55
261.53,149.10,60.30,73.45
268.29,129.80,58.26,75.87
258.20,119.56,57.78,76.42
256.57,123.66,56.72,77.88
262.74,123.07,55.64,79.45
285.26,142.14,55.58,77.99
281.89,145.00,56.15,76.43
270.80,147.41,56.69,75.08
259.85,148.62,57.08,73.60
257.49,145.67,56.96,71.66
254.79,137.17,56.68,71.80
240.78,133.97,56.72,71.68
2
0
0
0
0
1
378.23,163.73,62.87,53.68
373.75,181.97,65.46,54.43
366.59,173.76,66.92,54.81
367.05,172.92,67.66,56.22
363.29,167.31,68.49,56.88
354.15,165.48,69.04,57.91
354.58,168.41,72.06,56.56
362.51,171.34,75.15,55.65
362.83,166.39,77.94,55.13
367.61,169.98,78.71,53.82
357.06,172.49,79.07,51.83
362.44,185.70,79.40,51.47
370.05,197.07,80.00,50.91
