0.20787180
0.00486890
0.00418630
0.00402790
0.00414200
0.00412280
0.00410060
0.00415090
0.00410280
0.00402810
0.00397990
0.00407800
0.00387080
0.00408710
0.00414000
0.00403400
0.00390810
0.00376230
0.00407710
0.00459490
0.00456790
0.00435570
0.00377300
0.00407200
0.00375580
0.00374610
0.00380090
0.00392760
0.00440770
0.00419070
0.00423080
0.00424420
0.00418050
0.00393830
0.00410260
0.00406690
0.00408650
0.00397420
0.00393070
0.00418860
0.00424600
0.00450780
0.00423340
0.00419080
0.00397610
0.00402840
0.00395250
0.00414250
0.00429110
0.00409780
0.00411420
0.00406430
0.00398950
0.00397770
0.00409590
0.00422760
0.00000000
0.00000000
0.00000000
0.00000000
0.19553930
0.00398360
0.00408320
0.00398940
0.00405820
0.00376650
0.00366090
0.00368060
0.00362210
0.00360260
0.00428660
0.00409360
0.00401650
0.00370270
0.00395840
0.00403450
0.00397470
0.00403620
0.00393990
0.00362530
0.00430700
0.00402360
0.00394660
0.00398810
0.00386390
0.00410610
0.00392730
0.00391310
0.00381660
0.00412930
0.00397710
0.00406970
0.00396440
0.00403740
0.00390780
0.00413550
0.00429470
0.00427610
0.00393590
0.00426360
0.00413830
0.00388910
0.00403960
0.00407230
0.00000000
0.00000000
0.00000000
0.00000000
0.19989260
0.00433090
0.00407540
0.00416030
0.00399030
0.00416000
0.00000000
0.00000000
0.00000000
0.00000000
0.21651230
0.00392210
0.00360600
0.00355780
0.00361900
0.00364940
0.00391800
0.00385010
0.00391760
0.00379800
0.00392750
0.00385970
0.00385960
0.00417290
0.00404600
0.00371890
0.00361220
0.00361840
0.00359370
0.00359880
0.00355750
0.00359100
0.00355000
0.00365420
0.00370220
0.00437660
0.00371830
0.00366790
0.00400020
0.00438080
0.00405980
0.00410910
0.00361110
0.00373100
0.00357160
0.00355860
0.00353200
0.00355360
0.00355800
0.00000000
0.00000000
0.00000000
0.00000000
0.19008150
0.00423760
0.00436650
0.00413650
0.00422030
0.00389760
0.00427390
0.00396340
0.00423440
0.00414700
0.00429700
0.00425700
0.00426240
0.00403160
