0.29739340
0.00866700
0.00791700
0.00640140
0.00514220
0.00427420
0.00578090
0.00452520
0.00472410
0.00469290
0.00455520
0.00493950
0.00598580
0.00510290
0.00448540
0.00465650
0.00479120
0.00425070
0.00610670
0.00499510
0.00438270
0.00471890
0.00453060
0.00461240
0.00472040
0.00447160
0.00607360
0.00551730
0.00512360
0.00435580
0.00441930
0.00457390
0.00644180
0.00530720
0.00490230
0.00548670
0.00475890
0.00443730
0.00461000
0.00467250
0.00435530
0.00446970
0.00525950
0.00464330
0.00745180
0.00541670
0.00463150
0.00470470
0.00526720
0.00588070
0.00629590
0.00550100
0.00486200
0.00620610
0.00410660
0.00533560
0.00426590
0.00578930
0.00451780
0.00449890
0.00469510
0.00456930
0.00450840
0.00495730
0.00462550
0.00452280
0.00502090
0.00535610
0.00403010
0.00451870
0.00425700
0.00449150
0.00426280
0.00440010
0.00463730
0.00471520
0.00463010
0.00451840
0.00553280
0.00426830
0.00435110
0.00440940
0.00446580
0.00471830
0.00481350
0.00553240
0.00428930
0.00461730
0.00439950
0.00450820
0.00458200
0.00474980
0.00446960
0.00590250
0.00718420
0.00679290
0.00428570
0.00451400
0.00471760
0.00453530
0.00500840
0.00446910
0.00462170
0.00461170
0.00724270
0.00706540
0.00480040
0.00433760
0.00448910
0.00466110
0.00474110
0.00684310
0.00457810
0.00524320
0.00588140
0.00526770
0.00487830
0.00464730
0.00443030
0.00494950
0.00453510
0.00422520
0.00462890
0.00446360
0.00441240
0.00445010
0.00444100
0.00509590
0.00467640
0.00459060
0.00653360
0.00466440
0.00443430
0.00663990
0.00488920
0.00445950
0.00476140
0.00448880
0.00488880
0.00456270
0.00466100
0.00464950
0.00454540
0.00682520
0.00661870
0.00614560
0.00474590
0.00445440
0.00455340
0.00454340
0.00512360
0.00444740
0.00574380
0.00493260
0.00644690
0.00729190
0.00506630
0.00893540
0.00671500
0.00466470
0.00670160
0.00508110
0.00482130
0.00578600
0.00444400
0.00437800
0.00458120
0.00447860
0.00450350
0.00442230
0.00556920
0.00459200
0.00472440
0.00399430
0.00449950
0.00500280
0.00446770
0.00615380
0.00458500
0.00443600
0.00451030
0.00448170
0.00487950
0.00425120
0.00507510
0.00456960
0.00506710
0.00588550
0.00457500
0.00434830
0.00452700
0.00511140
0.00539380
0.00470770
0.00411620
0.00531750
0.00427780
0.00441940
0.00408470
0.00519860
0.00428610
0.00473030
0.00449830
0.00485830
0.00445340
0.00455800
0.00548750
0.00489430
0.00487730
0.00438250
0.00522800
0.00750330
0.00430640
0.00460580
0.00463950
0.00513470
0.00604000
0.00542810
0.00439350
0.00432270
0.00411690
0.00711750
0.00652200
0.00504720
0.00417290
0.00580000
0.00451750
0.00477190
0.00469620
0.00461570
0.00481060
0.00485140
0.00468340
0.00455180
0.00504540
0.00457540
0.00495350
0.00469200
0.00536120
0.00646370
0.00664910
0.00703970
0.00753430
0.00523500
0.00538130
0.00727080
0.00687740
0.00477890
0.00525910
0.00478860
0.00683600
0.00530130
0.00589090
0.00516130
0.00484350
0.00468740
0.00424990
0.00503570
0.00399890
0.00471080
0.00445470
0.00548450
0.00438560
0.00483560
0.00433690
0.00623470
0.00556120
0.00446100
0.00469730
0.00592160
0.00636460
0.00418740
0.00612390
0.00549460
0.00507790
0.00702530
0.00430330
0.00437670
0.00421970
0.00415740
0.00483460
0.00409570
0.00452980
0.00491570
0.00656340
0.00492610
0.00507920
0.00534460
0.00491010
0.00482830
0.00423170
0.00440440
0.00455230
0.00467540
0.00442100
0.00481330
0.00470770
0.00423510
0.00394270
0.00441180
0.00443010
0.00516600
0.00457740
0.00413320
0.00425760
0.00509170
0.00479640
0.00410470
0.00404580
0.00464390
0.00473470
0.00692700
0.00659870
0.00547700
0.00446430
0.00456950
0.00457660
0.00437940
0.00425990
0.00435850
0.00701800
0.00436140
0.00488120
0.00473580
0.00419020
0.00431830
0.00431820
0.00453120
0.00441650
0.00443140
0.00471920
0.00455530
0.00425610
0.00510710
0.00466190
0.00495200
0.00494050
0.00645780
0.00620230
0.00568580
0.00579660
0.00463880
0.00453800
0.00478550
0.00467120
0.00457240
0.00425320
0.00430700
0.00498670
0.00447670
0.00473020
0.00484220
0.00564100
0.00409840
0.00442500
0.00492610
0.00421760
0.00439570
0.00426620
0.00475680
0.00517690
0.00444350
0.00463140
0.00468210
0.00471180
0.00451160
0.00481900
0.00477210
0.00466770
0.00506070
0.00467280
0.00454300
0.00447700
0.00430880
0.00450760
0.00472400
0.00458260
