0.23209920
0.00769510
0.00664360
0.00749370
0.00756850
0.00718850
0.00713310
0.00683980
0.00693700
0.00665510
0.00683860
0.00709980
0.00748180
0.00686900
0.00740460
0.00705880
0.00681470
0.00776750
0.00710830
0.00750240
0.00702700
0.00702820
0.00679280
0.00696170
0.00700610
0.00732850
0.00780720
0.00758420
0.00752370
0.00764330
0.00791740
0.00798560
0.00716330
0.00772890
0.00738210
0.00715040
0.00730480
0.00770880
0.00782600
0.00754390
0.00771240
0.00780040
0.00801060
0.00775310
0.00756710
0.00772340
0.00734660
0.00731040
0.00776460
0.00808330
0.00805220
0.00788200
0.00759560
0.00811900
0.00823340
0.00803900
0.00854160
0.00886300
0.00867120
0.00866110
0.00885380
0.00893990
0.00877230
0.00884750
0.00886760
0.00878110
0.00898520
0.00885520
0.00853170
0.00843360
0.00869940
0.00819180
0.00803660
0.00908670
0.00889390
0.00938990
0.00929740
0.00912840
0.00890930
0.00909320
0.00911840
0.00892740
0.00873700
0.00938000
0.00893060
0.00941100
0.00869910
0.00854510
0.00867570
0.00955910
0.00933820
0.00868950
0.00947130
0.00861330
0.00919010
0.00930080
0.00944370
0.00900630
0.00891800
0.00903180
0.00944370
0.00939860
0.00910410
0.00937260
0.00894290
0.00907290
0.00888510
0.00914860
0.00902280
0.00825190
0.00835190
0.00815060
0.00889560
0.00912650
0.00843070
0.00827810
0.00898310
0.00864660
0.00863870
0.00881360
0.00907070
0.00873540
0.00858500
0.00849290
0.00864480
0.00884300
0.00796370
0.00812270
0.00896180
0.00818680
0.00895150
0.00905620
0.00925890
0.00940920
0.00906210
0.00918780
0.00940990
0.00930600
