0.22304290
0.00542850
0.00569960
0.00523710
0.00542840
0.00575810
0.00515450
0.00500290
0.00547410
0.00559290
0.00567440
0.00556080
0.00559660
0.00539480
0.00561790
0.00554520
0.00565670
0.00587460
0.00565910
0.00526680
0.00549370
0.00557930
0.00533320
0.00530660
0.00631180
0.00550990
0.00528960
0.00503480
0.00568100
0.00567230
0.04815980
0.01254560
0.02075370
0.01000660
0.00910030
0.00753090
0.00639420
0.00704750
0.00625720
0.00620560
0.00737720
0.00764500
0.01026300
0.00752570
0.00758540
0.00815030
0.00863020
0.01118390
0.00837810
0.00868160
0.00873660
0.00807250
0.00866090
0.00784040
0.00852700
0.00849070
0.00847420
0.01034180
0.01049490
0.01104740
0.01205360
0.01512150
0.01336980
0.01102320
0.01214670
0.01169410
0.01175720
0.01344850
0.01195370
0.01028970
0.01211030
0.01250050
0.01268260
0.01148880
0.01237010
0.01159770
0.01055730
0.00978840
0.01023890
0.01041400
0.01089240
0.00979030
0.01102480
0.01137170
0.01028500
0.01096790
0.01504100
0.01286620
0.01297250
0.01389030
0.01330630
0.01469030
0.01477270
0.01583240
0.01656580
0.01636780
0.01481790
0.01238680
0.01344230
0.01268880
0.01391370
0.01261060
0.01150970
0.01281680
0.01115230
0.01163570
0.01099790
0.01056010
0.01144260
0.01180580
0.01056320
0.01032570
0.01013750
0.01055680
0.00930750
0.01038760
0.00954110
0.00991490
0.00963630
0.00925590
0.00903810
0.00841820
0.00856850
0.00793710
0.00789010
0.00825460
0.00799060
0.00729490
0.00759640
0.00715240
0.00703570
