0.27812830
0.00675760
0.00690480
0.00670390
0.00665520
0.00675480
0.00661240
0.00662420
0.00738100
0.00785840
0.00771960
0.00619260
0.00593090
0.00612350
0.00591280
0.00586990
0.00628960
0.00604320
0.00596120
0.00581200
0.00605660
0.00647850
0.00677810
0.00639290
0.00585460
0.00587340
0.00608970
0.00627660
0.00591220
0.00593570
0.00600150
0.00586750
0.00598160
0.00635280
0.00611010
0.00619640
0.00670280
0.00555940
0.00651470
0.00588140
0.00600990
0.00549090
0.00548290
0.00583180
0.00567070
0.00571260
0.00547170
0.00595570
0.00546330
0.00531720
0.00608360
0.00582020
0.00673410
0.00572930
0.00551630
0.00550460
0.00550800
0.00567070
0.00567170
0.00543440
0.00539820
0.00557050
0.00513530
0.00546430
0.00542030
0.00555220
0.00552870
0.00557690
0.00570030
0.00541590
0.00529510
0.00591820
0.00561340
0.00530840
0.00515210
0.00534830
0.00529960
0.00534440
0.00607220
0.00568420
0.00535920
0.00507910
0.00514930
0.00529240
0.00590030
0.00649150
0.00558300
0.00540600
0.00548290
0.00561350
0.00539390
0.00564230
0.00539900
0.00528080
0.00545700
0.00517220
0.00532440
0.00563670
0.00547170
0.00514410
0.00486650
0.00530120
0.00518440
0.00523790
0.00539180
0.00540680
0.00523190
0.00529180
0.00508690
0.00497210
0.00514670
0.00593870
0.00530310
0.00511810
0.00506980
0.00461510
0.00470580
0.00500850
0.00508980
0.00481890
0.00524350
0.00503180
0.00486920
0.00484820
0.00494130
0.00499540
0.00540670
0.00527150
0.00481760
0.00481220
0.00533480
0.00521310
0.00544570
0.00529780
0.00496650
0.00500780
0.00503290
0.00511280
0.00497180
0.00548810
0.00584030
0.00509840
0.00501010
0.00536800
0.00534940
0.00478060
0.00624960
0.00567830
0.00593170
0.00496020
0.00478470
0.00617120
0.00556120
0.00537430
0.00522750
0.00466630
0.00508080
0.00485970
0.00475380
0.00522910
0.00529610
0.00586380
0.00674790
0.00560640
0.00571550
0.00531490
0.00558570
0.00590540
0.00564750
0.00554630
0.00559820
0.00544940
0.00562840
0.00559700
0.00529200
0.00530500
0.00508870
0.00506020
0.00528090
0.00597660
0.00553280
0.00580140
0.00557450
0.00679530
0.00719650
0.00709540
0.00595730
0.00962200
0.00533160
0.00581350
0.00707630
0.00645910
0.00580080
0.00774730
0.00716800
0.00587980
0.00510360
0.00518480
0.00523130
0.00510930
0.00553260
0.00560310
0.00604300
0.00564840
0.00536700
0.00478200
0.00470240
0.00494890
0.00498730
0.00518060
0.00516410
0.00503750
0.00520020
0.00497130
0.00506600
0.00528730
0.00527770
0.00519920
0.00523850
0.00527750
0.00526730
0.00515000
0.00525730
0.00519020
0.00501990
0.00529000
0.00503710
0.00535510
0.00446820
0.00500020
0.00552820
0.00902310
0.00712750
0.00699940
0.00719040
0.00593700
0.00563340
0.00534180
0.00857930
0.00526890
0.00548170
0.00527110
0.00513100
0.00521330
0.00505030
0.00491230
0.00493080
0.00484780
0.00498140
0.00499460
0.00497300
0.00472960
0.00556810
0.00517730
0.00489630
0.00529780
0.00488980
0.00526220
0.00564140
0.01229420
0.00756890
0.00704230
0.00676710
0.00558620
0.00567650
0.00554800
0.00545000
0.00552250
0.00542090
0.00517800
0.00565120
0.00532500
0.00557750
0.00554660
0.00536270
0.00797260
0.00630200
0.00547310
0.00537420
0.00522840
0.00517270
0.00572150
0.00488410
0.00496580
0.00559470
0.00530790
0.00515920
0.00548810
0.00518530
0.00541630
0.00533500
0.00528740
0.00516290
0.00528760
0.00547080
0.00528790
0.00491810
0.00511380
0.00505510
0.00541850
0.00460280
0.00516060
0.00484770
0.00480320
0.00502420
0.00504010
0.00502130
0.00523840
0.00505770
0.00488130
0.00511690
0.00500960
0.00522980
0.00537500
0.00561050
0.00491750
0.01586040
0.00546720
0.00545280
0.00517380
0.00517780
0.00523810
0.00506140
0.00499200
0.00543590
0.00478700
0.00521090
0.00495030
0.00512250
0.00502510
0.00515500
0.00518720
0.00501170
0.00524200
0.00530670
0.00502340
0.00498940
0.00522460
0.00521970
0.00516310
0.00471740
0.00549790
0.00485280
0.00545920
0.00647780
0.00567300
0.00586710
0.00538710
0.00486830
0.00518250
