0.21699360
0.00786030
0.00763380
0.00727140
0.00718760
0.00753690
0.00745710
0.00761240
0.00760830
0.00787770
0.00802540
0.00810340
0.00787590
0.00790170
0.00764750
0.00799080
0.00793690
0.00826470
0.00854430
0.00938980
0.00834280
0.00751730
0.00788120
0.00812820
0.00779800
0.00813720
0.00795930
0.00840590
0.00823600
0.00788350
0.00867940
0.00840690
0.00861010
0.00814860
0.00849130
0.00786320
0.00743640
0.00856530
0.00829710
0.00892160
0.00846930
0.00762720
0.00779030
0.00812950
0.00899780
0.00786590
0.00835120
0.00758130
0.00747910
0.00797580
0.00779940
0.00727160
0.00796110
0.23991460
0.00864940
0.00863140
0.00874170
0.00865740
0.00828470
0.00798650
0.00814040
0.00842390
0.00826610
0.00806460
0.00834250
0.00784940
0.00782930
0.00787200
0.00844100
0.00798450
0.00804140
0.00806090
0.00791800
0.00772190
0.00823560
0.00771080
0.00781990
0.00767140
0.00748800
0.00811190
0.00723310
0.00829780
0.00755740
0.00803890
0.00774770
0.00787350
0.00788820
0.00757920
0.00839890
0.00774600
0.00728880
0.00786010
0.00748290
0.00729860
0.00729840
0.00728040
0.00721790
0.00759440
0.00753180
0.00692560
0.00760350
0.00762770
0.00734080
0.00732870
0.00772320
0.00783220
0.00724490
0.00727150
0.00650310
0.00713700
0.00721710
0.00671670
0.00733220
0.00752720
0.00748860
0.00748200
0.00821130
0.00762180
0.00702020
0.00705210
0.00764250
0.00742220
0.00728090
0.00762850
0.00790920
0.00755580
0.00749370
0.00724570
0.00768520
0.00725730
0.00740290
0.00732910
0.00796140
0.00786150
0.00775860
0.00808160
0.00795350
0.00763000
0.00709450
0.00732310
0.00758640
0.00727740
0.00704890
0.00751740
0.00699770
0.00755270
0.00714590
0.00704000
0.00762640
0.00759660
0.00764370
0.00772900
0.00757480
0.00760770
0.00816430
0.00780240
0.00770720
0.00719470
0.00788280
0.00784070
0.00692450
0.00792590
0.00745450
0.00787060
0.00782680
0.00770940
0.00776170
0.00765730
0.00716130
0.00779420
0.00777030
0.00764030
0.00705060
0.00739570
0.00752370
0.00732470
0.00764200
0.00764390
0.00731790
0.00700480
0.00770830
0.00755300
0.00704190
0.00753230
0.00762490
0.00762320
0.00692010
0.00777240
0.00710250
0.00783300
0.00753600
0.00720960
0.00761370
0.00758610
0.00776180
0.00784840
0.00786690
0.00792000
0.00768580
0.00808810
0.00775500
0.00777470
0.00802460
0.00841710
0.00846720
0.00819780
0.00837290
0.00801800
0.00842700
0.00818720
0.00784540
0.00807350
0.00849670
0.00757690
0.00838180
0.00805590
0.00771470
0.00842160
0.00807210
0.00804420
0.00823430
0.00845920
0.00780010
0.00869340
0.00851310
0.00740600
0.00749340
0.00817580
0.00790010
0.00846870
0.00809000
0.00781710
0.00859610
0.00864120
0.23381310
0.00772900
0.00796370
0.00847230
0.00797370
0.00806310
0.00727960
0.00774140
0.00741110
0.00783660
0.00752010
0.00774630
0.00719150
0.00731680
0.00766470
0.00706320
0.00717850
0.00761670
0.00738410
0.00714360
0.00716090
0.00786240
0.00733830
0.00676910
0.00683220
0.00779550
0.00767310
0.00764140
0.00756110
0.00738770
0.00709950
0.00695910
0.00728810
0.00747800
0.00748040
0.00769540
0.00759690
0.00771570
0.00725110
0.00766940
0.00729690
0.00760120
0.00724640
0.00784530
0.00727990
0.00742120
0.00765740
0.00711590
0.00712450
0.00789040
0.00693880
0.00744160
0.00722890
0.00670630
0.00772310
0.00709350
0.00743730
0.00760440
0.00718950
0.00677430
0.00746830
0.00745590
0.00704710
0.00739150
0.00652550
0.00764980
0.00726890
0.00707940
0.00721990
0.00745670
0.00735470
0.00744840
0.00723680
0.00709440
0.00697780
0.00680590
0.00699260
0.00704750
0.00672950
0.00734780
0.00702230
0.00753630
0.00705100
0.00683760
0.00707190
0.00705950
0.00691800
0.00714530
0.00706840
0.00713270
0.00723340
0.00709390
0.00713120
0.00695830
0.00746120
0.00722350
0.00721480
0.00692170
0.00712990
0.00712580
0.00715490
0.00755150
0.00736150
0.00705410
0.00712640
0.00712640
0.00687480
0.00662350
0.00686240
0.00712590
0.00726930
0.00682990
0.00734260
0.00721400
0.00692320
0.00735040
0.00707680
0.00714010
0.00709710
0.00681580
0.00734610
0.00729400
0.00702270
0.00667960
0.00710280
0.00718160
0.00727580
0.00725200
0.00712710
0.00712850
0.00713840
0.00767820
0.00727540
0.00777280
0.00759200
0.00783900
0.00772960
0.00758490
0.00735800
0.00804770
0.00782700
0.00724170
0.00769500
0.00806670
0.00714930
0.00858070
0.00771660
0.00819790
0.00785210
0.00815040
0.00820510
0.00776070
0.00761810
0.00845420
0.00811610
0.00871690
0.00808570
0.00763960
0.00790170
0.00763360
0.00773210
0.00810660
0.00784040
0.00777310
0.00834620
0.00833220
0.00861790
0.00788990
0.00852220
0.00796180
0.00803390
0.00825200
0.00848950
0.00848480
0.00819280
0.00851190
0.00812580
0.00838080
0.00831720
0.00802490
0.00850280
0.00876740
0.00828100
0.00817010
0.00845560
0.00844670
0.00767060
0.00867360
0.00859140
0.00896300
0.00847080
0.00761860
0.00786570
0.00847860
0.00838520
0.00803830
0.00829890
0.00774290
0.00818800
0.00778570
0.00815050
0.00742220
0.00777380
0.00835960
0.00783940
0.00820700
0.00756100
0.00828630
0.00793380
0.00817350
0.00795490
0.00829530
0.00835970
0.00773880
0.00815700
0.00777680
0.00770370
0.00822860
0.00803660
0.00846930
0.00849360
0.00797420
0.00865120
0.00770020
0.00905050
0.00877240
0.00984720
0.00721230
0.00772210
0.00795060
0.00801400
0.00804610
0.00757440
0.00765990
0.00763580
0.00760570
0.00757630
0.00724950
0.00730270
0.00745390
0.00727840
0.00702530
0.00711190
0.00725510
0.00762810
0.00771910
0.00787210
0.00773890
0.00794120
0.00823040
0.00780810
0.00784150
0.00745040
0.00739480
0.00778970
0.00778190
0.00787620
0.00795680
0.00786500
0.00790710
0.00821590
0.00814030
0.00831400
0.00733440
0.00792320
0.00746740
0.00791750
0.00702500
0.00727490
0.00783260
0.00741650
0.00730800
0.00784060
0.00796550
0.00790600
0.00790060
0.00766040
0.00800790
0.00798010
0.00754450
0.00826340
0.00846820
0.00814610
0.00806140
0.00826020
0.00784180
0.00807730
0.00749130
0.00867370
0.00784750
0.00885160
0.00739900
0.00830680
0.00783050
0.00821160
0.00817910
0.00768160
0.00811850
0.00864000
0.00833450
0.00835710
0.00837020
0.00844220
0.00858820
0.00817520
0.00798220
0.00828620
0.00832500
0.00842140
0.00810110
0.00742450
0.00811870
0.00838390
0.00816650
0.00823190
0.00811490
0.00839750
0.00743340
0.00810620
0.00818520
0.00781900
0.00789970
0.00749440
0.00845910
0.00748910
0.00799720
0.00778260
0.00812960
0.00811680
0.00729020
0.00755780
0.00777170
0.00745640
0.00746450
0.00740710
0.00719580
0.00747310
0.00720480
0.00745460
0.00705900
0.00696420
0.00740710
0.00694620
0.00717930
0.00745310
0.00742070
0.00754140
0.00740550
0.00730590
0.00758500
0.00715420
0.00745810
0.00703680
0.00695380
0.00674020
0.00757640
0.00709580
0.00723500
0.00705850
0.00708700
0.00718710
0.00726030
0.00760320
0.00746810
0.00740200
0.00762360
0.00754430
0.00768580
0.00733550
0.00750840
0.00764580
0.00731180
0.00749580
0.00760190
0.00755550
0.00766190
0.00747110
0.00721660
0.00749860
0.00709020
0.00701630
0.00769130
0.00750850
0.00749180
0.00739230
0.00708540
0.00744410
0.00746790
0.00762130
0.00742480
0.00752770
0.00700980
0.00753080
0.00760600
0.00767490
0.00702100
0.00762080
0.00767690
0.00817270
0.00740060
0.00728690
0.00747120
0.00722730
0.00730590
0.00797730
0.00690370
0.00771190
0.00761900
0.00773860
0.00769770
0.00776230
0.00737480
0.00713140
0.00778340
0.00790700
0.00704300
0.00783780
0.00772220
0.00785540
0.00751300
0.00731250
0.00743350
0.00791670
0.00776960
0.00754230
0.00746640
0.00750340
0.00781340
0.00745150
0.00766040
0.00750450
0.00763970
0.00747550
0.00794280
0.00826420
0.00791580
0.00734590
0.01391720
0.00800740
0.00812200
0.00798350
0.00753000
0.00817910
0.00774640
0.00808330
0.00827230
0.00819030
0.00794060
0.00776410
0.00816000
0.00738030
0.00762290
0.00770360
0.00783670
0.00772320
0.00845170
0.00798930
0.00773980
0.00833110
0.00822780
0.00822600
0.00741230
0.00736480
0.00757440
0.00792370
0.00796200
0.00769170
0.00797390
0.00781270
0.00753820
0.00775480
0.00813340
0.00777230
0.00766980
0.00768800
0.00795830
0.00771090
0.00762410
0.00774690
0.00777900
0.00738140
0.00778640
0.00798170
0.00748130
0.00820580
0.00781700
0.00802980
0.00793320
0.00763400
0.00834940
0.00770230
0.00793550
0.00780070
0.00756750
0.00752370
0.00763290
0.00769680
0.00796850
0.00776540
0.00773100
0.00817800
0.00768030
0.00767770
0.00714260
0.00768790
0.00738780
0.00783540
0.00768840
0.00806800
0.00737820
0.00763630
0.00808620
0.00735470
0.00745800
0.00795000
0.00823110
0.00785320
0.00733930
0.00858040
0.00809170
0.00834390
0.00760630
0.00804910
0.00782300
0.00755670
0.00788050
0.00800020
0.00803730
0.00830300
0.00841670
0.00840670
0.00784590
0.00757650
0.00828980
0.00803160
0.00761010
0.00792790
0.00765130
0.00794200
0.00739990
0.00867830
0.00743950
0.00836170
0.00827720
0.00797270
0.00793740
0.00792170
0.00793410
0.00801010
0.00766940
0.00741270
0.00836780
0.00787860
0.00805200
0.00811740
0.00798770
0.00770370
0.00785900
0.00734120
0.00818740
0.00790530
0.00781750
0.00823240
0.00754710
0.00801110
0.00796580
0.00825900
0.00808920
0.00814030
0.00826550
0.00815100
0.00754500
0.00803260
0.00819440
0.00833710
0.00783090
0.00825860
0.00825810
0.00865950
0.00858950
0.00811830
0.00851410
0.00881340
0.00862270
0.00822990
0.00864140
0.00836020
0.00879170
0.00869220
0.00864770
0.00786860
0.00823540
0.00753290
0.00837470
0.00813040
0.00805960
0.00801350
0.00796800
0.00833600
0.00810620
0.00796430
0.00788440
0.00812220
0.00826680
0.00740110
0.00845060
0.00748660
0.00821010
0.00858890
0.00768010
0.00818830
0.00801450
0.00747510
0.00827110
0.00825370
0.00781080
0.00808080
0.00803220
0.00812970
0.00836940
0.00772650
0.00799110
0.00765230
0.00853240
0.00786560
0.00762660
0.00814160
0.00816580
0.00773100
0.00805530
0.00768140
0.00746860
0.00803720
0.00815890
0.00809350
0.00805250
0.00843840
0.00850680
0.00827320
0.00831800
0.00751910
0.00813170
0.00803270
0.00805450
0.00755210
0.00803870
0.00817880
0.00785440
0.00829840
0.00815970
0.00774070
0.00773560
0.00825980
0.00789920
0.00765570
0.00792130
0.00761580
0.00825790
0.00826220
0.00823550
0.00839860
0.00790710
0.00841230
0.00846680
0.00857950
0.00863730
0.00793650
0.00840740
0.00883610
0.00794830
0.00867950
0.00861160
0.00855710
0.00844690
0.00872820
0.00853670
0.00864050
0.00842980
0.00798920
0.00881270
0.00850780
0.00816310
0.00881640
0.00850260
0.00869500
0.00854640
0.00839420
0.00881570
0.00835760
0.00757930
0.00821240
0.00792610
0.00842790
0.00783560
0.00753930
0.00776190
0.00832450
0.00843040
0.00853790
0.00846770
0.00775950
0.00809990
0.00802210
0.00809170
0.00856400
0.00873080
0.00849900
0.00833720
0.00849310
0.00851380
0.00788610
0.00826620
0.00784150
0.00771360
0.00821990
0.00827070
0.00821350
0.00768000
0.00814990
0.00829500
0.00851920
0.00800390
0.00804530
0.00751930
0.00790110
0.00808830
0.00802240
0.00779220
0.00864140
0.00844450
0.00858700
0.00884670
0.00869420
0.00919970
0.00890490
0.00833600
0.00896870
0.00830320
0.00962330
0.00976260
0.00961240
0.00914610
0.00944860
0.01078750
0.01057540
0.00985010
0.01049330
0.00971470
0.01024690
0.00951990
0.01064560
0.01101700
0.01017700
0.00963170
0.00988790
0.01081860
0.01070650
0.01091660
0.01104110
0.01010990
0.01115880
0.01056670
0.01040180
0.00985140
0.00976470
