0.20876430
0.00881280
0.00825450
0.00848500
0.00852050
0.00800990
0.00825660
0.00846250
0.00863560
0.00850520
0.00848300
0.00832190
0.00828670
0.00829010
0.00823460
0.00779760
0.00793170
0.00827470
0.00824280
0.00802930
0.00823080
0.00798310
0.00827480
0.00807690
0.00788020
0.00862840
0.00930260
0.00880240
0.00835330
0.00656650
0.00662310
0.00689960
0.00688380
0.00702110
0.00701750
0.00643200
0.00699170
0.00723910
0.00716060
0.00803400
0.00721560
0.00680270
0.00714870
0.00685280
0.00720990
0.00697930
0.00676670
0.00652800
0.00713480
0.00701580
0.00683050
0.00676350
0.00670950
0.00623890
0.00667950
0.00655570
0.00652990
0.00646130
0.00663900
0.00662460
0.00656040
0.00623200
0.00608840
0.00613550
0.00613040
0.00601100
0.00617390
0.00664260
0.00645190
0.00645220
0.00599670
0.00646740
0.00645040
0.00637360
0.00636830
0.00579430
0.00584910
0.00579130
0.00582250
0.00565880
0.00536680
0.00559680
0.00610810
0.00547980
0.00535550
0.00580960
0.00565210
0.00609870
0.00598090
0.00548340
0.00534800
0.00531760
0.00560060
0.00556560
0.00617660
0.00607670
0.00606210
0.00594110
0.00553770
0.00607630
0.00618220
0.00591450
0.00628580
0.00577000
0.00586960
0.00567560
0.00634680
0.00601280
0.00533870
0.00521400
0.00534320
0.00530090
0.00533680
0.00537270
0.00535040
0.00615720
0.00610360
0.00578510
0.00511750
0.00510190
0.00525590
0.00602980
0.00571160
0.00569640
0.00560780
0.00526650
0.00543530
0.00527720
0.00599710
0.00604200
0.00598430
0.00585650
0.00606460
0.00596530
0.00537130
0.00532080
0.00543350
0.00529220
0.00572440
0.00529790
0.00526420
0.00563410
0.00591840
0.00617280
0.00511870
0.00499800
0.00547450
0.00544040
0.00539400
0.00541970
0.00541580
0.00564980
0.00609650
0.00556700
0.00546870
0.00552980
0.00541360
0.00534430
0.00528010
0.00543760
0.00580530
0.00562770
0.00604300
0.00594540
0.00616450
0.00611320
0.00534450
0.00534530
0.00655140
0.00682350
0.00676670
0.00656510
0.00718150
0.00628230
0.00561630
0.00633470
0.00651220
0.00650610
0.00606970
0.00549340
0.00547170
0.00544570
0.00597850
0.00604240
0.00591890
0.00557260
0.00584310
0.00628560
0.00617340
0.00567670
0.00621630
0.00614220
0.00592310
0.00613120
0.00601630
0.00556610
0.00602230
0.00602930
0.00601610
0.00610960
0.00643660
