2.47287830
0.02509790
0.01568850
0.01551740
0.00651800
0.00634370
0.00654220
0.00698180
0.00659890
0.00595470
0.00584930
0.00592790
0.00589240
0.00583970
0.00591490
0.00572070
0.00576900
0.00594150
0.00566520
0.00511300
0.00538730
0.00547120
0.00520380
0.00516740
0.00484740
0.00483400
0.00488180
0.00472360
0.00480280
0.00506840
0.00511310
0.00509790
0.00482230
0.00509910
0.00499360
0.00499440
0.00455550
0.00452000
0.00424400
0.00447300
0.00449320
0.00450170
0.00433530
0.00486630
0.00466560
0.00438160
0.00432570
0.00452320
0.00436770
0.00419830
0.00452890
0.00459170
0.00530930
0.00463560
0.00462390
0.00420150
0.00434260
0.00421850
0.00445550
0.00459560
0.00434090
0.00438040
0.00427210
0.00419350
0.00420280
0.00433660
0.00445520
0.00408070
0.00516880
0.00436060
0.00449310
0.00427470
0.00455030
0.00454900
0.00405370
0.00445670
0.00435970
0.00422220
0.00519000
0.00442810
0.00499750
0.00413650
0.00486440
0.00448760
0.00457750
0.00450050
0.00436530
0.00445700
0.00461020
0.00479850
0.00408690
0.00463110
0.00446030
0.00488890
0.00478810
0.00440950
0.00408990
0.00405440
0.00428680
0.00475000
0.00425590
0.00425470
0.00413360
0.00422000
0.00498220
0.00412640
0.00432290
0.00408570
0.00419050
0.00417470
0.00423610
0.00446290
0.00424590
0.00433960
0.00483890
0.00442570
0.00432340
0.00485930
0.00457790
0.00476870
0.00489430
0.00432230
0.00459710
0.00430810
0.00488430
0.00446610
0.00459890
0.00496510
0.00487730
0.00484900
0.00477210
0.00500720
0.00479620
0.00513070
0.00529790
0.00516610
0.00561260
0.00477050
0.00581130
0.00587540
0.00563260
0.00600850
0.00565900
0.00531140
0.00580410
0.00553500
0.00700090
0.00587100
0.00655600
0.00611070
0.00599030
0.00634900
0.00694520
0.00579730
0.00641000
0.00639800
0.00657660
0.00683450
0.00620080
0.00618930
0.00686260
0.00744520
0.00659150
0.00688350
0.00704110
0.00616680
0.00681090
0.00661560
0.00692780
0.00673070
0.00684710
0.00738770
0.00724530
0.00726700
0.00666830
0.00710050
0.00747250
0.00687790
0.00702760
0.00742950
0.00727530
0.00705090
0.00692720
0.00696400
0.00707290
0.00638560
0.00658450
0.00831210
0.00786380
0.00782140
0.00778620
0.00856340
0.00816460
0.00848280
0.00804200
0.00821050
