0.22826590
0.00567920
0.00575120
0.00578560
0.00589080
0.00572530
0.00575880
0.00551330
0.00601500
0.00540890
0.00551390
0.00580080
0.00577330
0.00602420
0.00605290
0.00607830
0.00596860
0.00524460
0.00479000
0.00496540
0.00515080
0.00471800
0.00505800
0.00515720
0.00502570
0.00474950
0.00497360
0.00520680
0.00478110
0.00485190
0.00514040
0.00478190
0.00506020
0.00462250
0.00465010
0.00470710
0.00484370
0.00480470
0.00477290
0.00514380
0.00479610
0.00437720
0.00463180
0.00551260
0.00464160
0.00498050
0.00500580
0.00471980
0.00444500
0.00428600
0.00456470
0.00463560
0.00449200
0.00440680
0.00483910
0.00441830
0.00436170
0.00453760
0.00437920
0.00432490
0.00443540
0.00435180
0.00418460
0.00424500
0.00447950
0.00433920
0.00455180
0.00430610
0.00435960
0.00463700
0.00422900
0.00418440
0.00409610
0.00445710
0.00445920
0.00419150
0.00447980
0.00418590
0.00397580
0.00390300
0.00400850
0.00440980
0.00435170
0.00468050
0.00439060
0.00482740
0.00486030
0.00470060
0.00439670
0.00454960
0.00409880
0.00410970
0.00442150
0.00440230
0.00442130
0.00459240
0.00434720
0.00430920
0.00446600
0.00440880
0.00423370
0.00436540
0.00444520
0.00435320
0.00448390
0.00438150
0.00471230
0.00449620
0.00436240
0.00452550
0.00466180
0.00477110
0.00446320
0.00449680
0.00465430
0.00457870
0.00404870
0.00462510
0.00426230
0.00451390
0.00447440
0.00450360
0.00437470
0.00438550
0.00464920
0.00448200
0.00433470
0.00445520
0.00424900
0.00427120
0.00472990
0.00496340
0.00472100
0.00430070
0.00451650
0.00439580
0.21391230
0.00425430
0.00472590
0.00473920
0.00474980
0.00475250
0.00460010
0.00464370
0.00437720
0.00451820
0.00462690
0.00467300
0.00455210
0.00465980
0.00458360
0.00456200
0.00441920
0.00471430
0.00487230
0.00482250
0.00478110
0.00469060
0.00440910
0.00436940
0.00453850
0.00418230
0.00459100
0.00464860
0.00413260
0.00463230
0.00459300
0.00472420
0.00444070
0.00472140
0.00479330
0.00463520
0.00426000
0.00466520
0.00484180
0.00486950
0.00466300
0.00471370
0.00492780
0.00484330
0.00478410
0.00450320
0.00438500
0.00445690
0.00481310
0.00470970
0.00477590
0.00440970
0.00446980
0.00442080
0.00460960
0.00441900
0.00476220
0.00469740
0.00452360
0.00472620
0.00443890
0.00436740
0.00457700
0.00478350
0.00456400
0.00488200
0.00454430
0.00484590
0.00452110
0.00439820
0.00473790
0.00485070
0.00458970
0.00437900
0.00418180
0.00426110
0.00423960
0.00438260
0.00471070
0.00465350
0.00420450
0.00423410
0.00459360
0.00423520
0.00432230
0.00458040
0.00455070
0.00424700
0.00444460
0.00462400
0.00499490
0.00492470
0.00407800
0.00471390
0.00506740
0.00472740
0.00475570
0.00454920
0.00461340
0.00445390
0.00426940
0.00480820
0.00468790
0.00494740
0.00475800
0.00487810
0.00446710
0.00496150
0.00463590
0.00471010
0.00494350
0.00469710
0.00486210
0.00471550
0.00454660
0.00448780
0.00492840
0.00505760
0.00455240
0.00497870
0.00476200
0.00424970
0.00496860
0.00458770
0.00486310
0.00475660
0.00493270
0.00458530
0.00513990
0.00441530
0.00419150
0.00464940
0.00480650
0.00478340
0.00454420
0.00422310
0.00484330
0.00468880
0.00466280
0.00460050
0.00484860
0.00516370
0.00492670
0.00469480
0.00491790
0.00514280
0.00477150
0.00485120
0.00436210
0.00492420
0.00441550
0.00479160
0.00474660
0.00458010
0.00477470
0.00479140
0.00463890
0.00450200
0.00480630
0.00480510
0.00516910
0.00484050
0.00530250
0.00502600
0.00479430
0.00421580
0.00455250
0.00519140
0.00480790
0.00489310
0.00456220
0.00475720
0.00444110
0.00438620
0.00446540
0.00448470
0.00458830
0.00475410
0.00447460
0.00484450
0.00484900
0.00468720
0.00406460
0.00419160
0.00437600
0.00471680
0.00476500
0.00492210
0.00515190
0.00428340
0.00475000
0.00469160
0.00421430
0.00465220
0.00479190
0.00469670
0.00469440
0.00461710
0.00459040
0.00495300
0.00510600
0.00473070
0.00418250
0.00476350
0.00405920
0.00444850
0.00444710
0.00491670
0.00446960
0.00451190
0.00438060
0.00488630
0.00473110
0.00459200
0.00450960
0.00519830
0.00465400
0.00436840
0.00434360
0.00442000
0.00457550
0.00443380
0.00473520
0.00464640
0.00443860
0.00445950
0.00468910
0.00464260
0.00445330
