0.21598060
0.00464920
0.00467810
0.00450820
0.00444380
0.00436250
0.00438310
0.00447850
0.00440640
0.00466940
0.00453590
0.00466380
0.00450430
0.00464900
0.00432830
0.00443220
0.00453810
0.00449640
0.00459330
0.00440260
0.00483260
0.00446700
0.00425290
0.00421430
0.00420890
0.00422300
0.00430280
0.00458820
0.00000000
0.00000000
0.00000000
0.00000000
0.21465720
0.00480840
0.00467430
0.00469340
0.00468490
0.00475640
0.00466290
0.00440440
0.00437250
0.00448380
0.00461730
0.00461600
0.00470240
0.00455750
0.00459740
0.00463960
0.00500250
0.00467110
0.00442510
0.00435830
0.00448020
0.00425280
0.00423890
0.00423180
0.00422140
0.00000000
0.00000000
0.00000000
0.00000000
0.20099080
0.00455050
0.00444240
0.00437460
0.00477170
0.00447530
0.00452760
0.00477030
0.00487650
0.00477050
0.00475060
0.00450190
0.00478260
0.00477130
0.00504150
0.00450420
0.00476840
0.00463770
0.00453770
0.00471580
0.00454460
0.00465250
0.00505570
0.00484990
0.00478150
0.00464710
0.00000000
0.00000000
0.00000000
0.00000000
0.20874150
0.00499400
0.00522820
0.00511790
0.00506660
0.00487280
0.00488950
0.00492630
0.00484690
0.00496180
0.00509030
0.00493120
0.00497530
0.00483130
0.00487810
0.00483430
0.00521280
0.00000000
0.00000000
0.00000000
0.00000000
0.21020320
0.00550280
0.00531530
0.00526110
0.00528330
0.00529030
0.00503920
0.00501180
0.00497440
0.00511460
0.00551760
0.00511360
0.00509130
0.00500070
0.00536620
0.00544380
0.00557780
0.00502410
0.00501340
0.00502890
0.00508390
0.00505640
0.00517750
0.00510720
0.00469930
0.00461760
0.00529270
0.00509610
0.00515050
0.00471890
0.00489930
0.00471280
0.00493080
0.00499410
0.00502940
0.00511640
0.00477830
0.00494680
0.00492330
0.00481810
0.00519790
0.00522670
0.00506900
0.00488310
0.00488800
0.00467440
