1
507.29,195.38,56.78,31.22
501.71,194.46,56.75,31.47
489.74,194.69,54.72,31.48
478.69,196.40,52.44,31.27
475.19,195.72,50.78,30.69
461.51,194.17,49.62,30.08
441.64,191.76,47.91,29.68
438.13,190.46,45.99,29.51
425.46,188.22,43.81,30.57
417.26,190.24,41.92,31.59
409.67,187.83,40.51,32.02
398.27,184.94,39.46,32.12
389.91,186.74,39.10,32.11
382.64,187.52,38.55,32.22
364.82,183.76,38.51,32.01
352.07,180.97,38.30,31.84
348.11,181.36,37.97,31.56
340.04,173.78,37.65,31.42
326.87,173.48,38.16,30.96
317.64,169.83,38.46,30.93
317.73,167.26,38.32,30.88
315.99,164.87,38.31,30.88
299.38,154.18,37.73,30.76
301.19,151.84,37.67,30.68
297.78,143.56,37.63,30.70
296.06,140.77,37.75,30.45
2
0
0
0
0
1
182.30,157.83,57.32,33.13
171.25,151.83,56.03,34.07
166.64,152.73,54.47,35.52
152.81,142.22,53.76,37.18
138.84,139.64,52.67,37.78
135.57,142.50,51.96,38.46
126.02,146.81,50.92,38.94
135.35,145.06,49.83,39.12
134.75,149.41,50.96,37.99
142.74,157.39,50.23,38.38
132.79,167.13,51.02,37.39
102.58,171.77,49.50,38.69
106.26,177.63,48.37,38.85
110.65,182.81,47.51,39.13
114.53,187.59,46.84,39.57
118.72,192.00,46.47,39.81
123.13,196.19,46.23,40.05
126.26,195.89,45.89,40.41
129.30,200.20,45.51,40.65
132.19,204.65,45.09,40.57
134.57,208.11,44.80,40.69
137.41,212.42,44.88,40.46
140.76,216.41,45.03,40.28
2
0
0
0
0
1
168.20,171.92,41.01,42.14
171.43,173.64,40.20,42.54
174.69,175.19,40.00,42.71
177.45,171.62,39.78,43.04
181.46,169.01,39.37,43.30
183.99,171.51,39.00,43.50
185.56,173.54,38.66,43.70
189.86,176.22,38.46,43.75
194.00,178.53,38.32,43.79
196.22,180.33,38.24,43.82
199.44,182.25,38.14,43.83
202.02,183.74,38.04,43.79
205.12,181.44,37.94,43.72
208.94,184.97,37.90,43.67
213.25,188.71,37.82,43.56
216.23,190.50,37.81,43.51
220.21,193.51,37.83,43.40
222.95,196.10,37.89,43.33
225.54,193.62,37.92,43.25
224.68,197.34,37.94,43.20
222.25,196.31,37.95,43.20
218.74,194.05,37.95,43.20
215.45,191.45,37.95,43.19
209.94,187.26,37.95,43.19
2
0
0
0
0
1
231.31,214.79,63.02,65.57
234.94,215.25,63.54,65.57
240.73,219.51,64.45,64.87
244.25,219.57,65.24,65.30
251.82,223.91,66.00,65.39
257.74,227.05,65.43,66.09
260.59,230.88,65.33,66.51
256.39,228.37,65.99,66.57
259.02,226.90,66.47,66.58
262.88,233.25,66.34,66.64
267.08,238.59,66.53,66.48
280.22,243.13,66.63,66.46
291.26,248.15,67.00,66.44
293.25,252.93,67.32,66.34
211.90,200.81,67.56,66.50
2
0
0
0
0
1
256.66,265.19,70.11,71.11
259.53,268.50,68.66,73.37
260.57,267.41,68.81,74.32
261.61,265.36,69.12,74.26
262.00,262.95,69.17,74.09
255.40,268.31,69.91,73.78
256.81,271.52,70.60,73.55
251.18,267.88,71.56,73.63
254.17,271.40,72.42,73.78
248.27,274.55,73.51,73.44
242.49,277.65,74.70,73.16
245.11,279.79,74.72,73.17
218.43,277.24,74.37,73.51
219.72,284.02,73.57,74.66
215.40,286.91,72.99,75.45
220.01,291.78,73.00,75.43
216.59,295.98,72.96,75.46
211.81,293.72,72.96,75.47
216.63,299.80,73.45,74.96
221.36,305.57,74.54,73.94
227.22,309.34,74.84,73.61
231.31,312.51,75.20,73.93
235.06,315.26,75.75,74.28
232.47,317.99,75.99,74.26
236.04,313.33,77.67,72.48
232.12,317.71,79.16,70.74
237.07,321.14,79.64,70.14
251.07,313.89,79.21,70.53
257.87,308.49,78.48,71.60
265.71,301.66,78.19,71.98
273.08,316.05,77.88,72.73
271.45,321.23,77.57,73.05
278.36,325.99,77.37,73.34
274.68,321.30,77.28,73.46
270.87,326.22,77.19,73.54
277.33,321.59,77.04,73.69
283.56,316.27,76.93,73.78
279.49,321.25,76.84,73.87
283.81,326.29,76.67,73.96
280.28,332.36,76.56,74.01
276.61,329.23,76.52,74.03
273.74,333.78,76.36,74.16
269.41,337.26,76.11,74.36
265.64,332.68,76.01,74.43
262.77,328.42,75.98,74.45
