0.21353340
0.00540680
0.00487060
0.00499140
0.00484310
0.00400650
0.00395390
0.00394460
0.00432370
0.00457840
0.00393690
0.00441710
0.00446970
0.00456250
0.00471990
0.00441660
0.00435320
0.00486980
0.00421220
0.00457560
0.00429940
0.00428420
0.00424460
0.00415920
0.00441980
0.00434590
0.00421950
0.00434180
0.00406290
0.00440890
0.00446700
0.00461710
0.00424570
0.00390710
0.00386880
0.00431330
0.00420010
0.00408760
0.00425980
0.00447250
0.00448330
0.00454520
0.00418920
0.00419660
0.00463050
0.00406800
0.00394780
0.00393870
0.00405520
0.00404890
0.00411970
0.00399980
0.00417480
0.00410810
0.00428990
0.00428400
0.00414220
0.00404170
0.00453970
0.00429650
0.00437820
0.00435280
0.00441300
0.00462260
0.00409720
0.00422040
0.00449460
0.00469610
0.00463410
0.00472170
0.00480240
0.00467860
0.00443000
0.00469430
0.00423430
0.00442490
0.00447870
0.00447640
0.00468440
0.00460680
0.00417470
0.00402980
0.00436820
0.00454700
0.00444930
0.00422590
0.00485800
0.00426150
0.00466890
0.00455490
0.00444410
0.00401750
0.00409260
0.00400940
0.00475600
0.00522320
0.00501830
0.00488650
0.00550130
0.00489820
0.00488390
0.00564230
0.00558160
0.00482450
0.00592780
0.00591050
0.00529010
0.00595490
0.00572180
0.00593580
0.00521910
0.00572400
0.00569980
0.00601380
0.00596130
0.00559140
0.00615040
0.00585560
0.00625340
0.00622860
0.00585790
0.00658470
0.00662710
0.00671600
0.00679170
0.00595700
0.00579650
0.00646580
0.00775560
0.00808080
0.00841460
