0.22172440
0.00739790
0.00792780
0.00805740
0.00790230
0.00779030
0.00763950
0.00804410
0.00811520
0.00779910
0.00787850
0.00793480
0.00800810
0.00826670
0.00790660
0.00813860
0.00812820
0.00809090
0.00767290
0.00738280
0.00786060
0.00756620
0.00788840
0.00736680
0.00757890
0.00737130
0.00725840
0.00742330
0.00722280
0.00766980
0.00745850
0.00716880
0.00712110
0.00722460
0.00703930
0.00729950
0.00751200
0.00718940
0.00722300
0.00721380
0.00736930
0.00737360
0.00720170
0.00732830
0.00740530
0.00756180
0.00753620
0.00708130
0.00718390
0.00745470
0.00733930
0.00721060
0.00715520
0.00742730
0.00724210
0.00734160
0.00735560
0.00723810
0.00736300
0.00717920
0.00761900
0.00775850
0.00738320
0.00726860
0.00770670
0.00748140
0.00744920
0.00724920
0.00724720
0.00727720
0.00745800
0.00721600
0.00732150
0.00707530
0.00693540
0.00715020
0.00744630
0.00743780
0.00726560
0.00769870
0.00742300
0.00754210
0.00697150
0.00733530
0.00711010
0.00760840
0.00740630
0.00711760
0.00767030
0.00755060
0.00722400
0.00694910
0.00712080
0.00771550
0.00823570
0.00735770
0.00739740
0.00712640
0.00735570
0.00731080
0.00708410
0.00702160
0.00726030
0.00709950
0.00694530
0.00710880
0.00756380
0.00697400
0.00722330
0.00690770
0.00697770
0.00693900
0.00706480
0.00707340
0.00706040
0.00706860
0.00738660
0.00730960
0.00748880
0.00734570
0.00724120
0.00718590
0.00735690
0.00717290
0.00736800
0.00676420
0.00730440
0.00726340
0.00700940
0.00741950
0.00730030
0.00704110
0.00734190
0.00715500
0.00684900
0.00730190
0.00690160
0.00723710
0.00698580
0.00709930
0.00696790
0.00770060
0.00734310
0.00741420
0.00736050
0.00722050
0.00788140
0.00683350
0.00699660
0.00719290
0.00729380
0.00718870
0.00713460
0.00740310
0.00697520
0.00721760
0.00681150
0.00717900
0.00707980
0.00736340
0.00704130
0.00692490
0.00706340
0.00685850
0.00678470
0.00691650
0.00718070
0.00682240
0.00692480
0.00735750
0.00715090
0.00722600
0.00674500
0.00711660
0.00724300
0.00703360
0.00698520
0.00710830
0.00723390
0.00718340
0.00707410
0.00708320
0.00691100
0.00716920
0.00709140
0.00685190
0.00704780
0.00733950
0.00715170
0.00692630
0.00651240
0.00733090
0.00716970
0.00702860
0.00711320
0.00701010
0.00734460
0.00712760
0.00716770
0.00753360
0.00721360
0.00720330
0.00746670
0.00720380
0.00730260
0.00741690
0.00707750
0.00729410
0.00717450
0.00699730
0.00735200
0.00696910
0.00734620
0.00714350
0.00726380
0.00725520
0.00725420
0.00724730
0.00717870
0.00727220
0.00738910
0.00708830
0.00735540
0.00738770
0.00688580
0.00731580
0.00729160
0.00714950
0.00746430
0.00721380
0.00716770
0.00730040
0.00724100
0.00715380
0.00722820
0.00735210
0.00711820
0.00707170
0.00725830
0.00706920
0.00738780
0.00678130
0.00732020
0.00746100
0.00720110
0.00689870
0.00714490
0.00750630
0.00677650
0.00692760
0.00681340
0.00714380
0.00748180
0.00729640
0.00720570
0.00739570
0.00715730
0.00677000
0.00720120
0.00721400
0.00690330
0.00716910
0.00723640
0.00706700
0.00723150
0.00726090
0.00684660
0.00688140
0.00725700
0.00723640
0.00715750
0.00694030
0.00709880
0.00686060
0.00729030
0.00718160
0.00714710
0.00684690
0.00725550
0.00686410
0.00718900
0.00693010
0.00684030
0.00692090
0.00716600
0.00715090
0.00671350
0.00726300
0.00695840
0.00663890
0.00702520
0.00721630
0.00712520
0.00696450
0.00730400
0.00679150
0.00720890
0.00689390
0.00688960
0.00690070
0.00711990
0.00722470
0.00766480
0.00727250
0.00703710
0.00702620
0.00721600
0.00694060
0.00741770
0.00707020
0.00702270
0.00724820
0.00702610
0.00732670
0.00687770
0.00679850
0.00717620
0.00669390
0.00706440
0.00720790
0.00676540
0.00697390
0.00746460
0.00732560
0.00704190
0.00723940
0.00718470
0.00723310
0.00717390
0.00724970
0.00712090
0.00736820
0.00687270
0.00720360
0.00714780
0.00711620
0.00761020
0.00795860
0.22804800
0.00810560
0.00777070
0.00762150
0.00773490
0.00730230
0.00727340
0.00746460
0.00757930
0.00767670
0.00774870
0.00771580
0.00793030
0.00765130
0.00764600
0.00750190
0.00750410
0.00735220
0.00769430
0.00721420
0.00732760
0.00722330
0.00709030
0.00709680
0.00676940
0.00665350
0.00709060
0.00712800
0.00726290
0.00747060
0.00719420
0.00706480
0.00721750
0.00731500
0.00762700
0.00774570
0.00729270
0.00781830
0.00785080
0.00782210
0.00803770
0.00777760
0.00797450
0.00805080
0.00812900
0.00815960
0.00759860
0.00769010
0.00781610
0.00807970
0.00752010
0.00795840
0.00786620
0.00769790
0.00813280
0.00788760
0.00756980
0.00794230
0.00798400
0.00779330
0.00809570
0.00785340
0.00757230
0.00777070
0.00792030
0.00749940
0.00764700
0.00791080
0.00778890
0.00768660
0.00756720
0.00778680
0.00826410
0.00795950
0.00808970
0.00785750
0.00776990
0.00786870
0.00822540
0.00812620
0.00783300
0.00810060
0.00807170
0.00740440
0.00764060
0.00791250
0.00793760
0.00799290
0.00771630
0.00795000
0.00786600
0.00809690
0.00808750
0.00778320
0.00800750
0.00830560
0.00792290
0.00799370
0.00794520
0.00776290
0.00743110
0.00787780
0.00823820
0.00780310
0.00786390
0.00826960
0.00779730
0.00808180
0.00737930
0.00797920
0.00814580
0.00781020
0.00765070
0.00780530
0.00800780
0.00780180
0.00800100
0.00804180
0.00816290
0.00794330
0.00872850
0.00839950
0.00823860
0.00822570
0.00809790
0.00813580
0.00785340
