0.27121800
0.01675610
0.01684220
0.01549860
0.01560040
0.01505170
0.01573960
0.01536600
0.01545590
0.01580880
0.01580120
0.01552470
0.01420070
0.01491770
0.01489470
0.01485350
0.01516940
0.01512510
0.01493410
0.01494340
0.01497390
0.00662430
0.00621680
0.00614730
0.00623580
0.00626720
0.00581100
0.00614010
0.00625190
0.00606290
0.00622270
0.00630850
0.00617230
0.00620400
0.00598690
0.00613670
0.00633890
0.00607110
0.00599840
0.00617510
0.00639330
0.00620840
0.00624420
0.23017630
0.00629700
0.00591240
0.00631110
0.00603120
0.00639730
0.00594260
0.00691610
0.00672820
0.00706550
0.00713640
0.00685990
0.00724790
0.00762940
0.00687560
0.00713470
0.00717600
0.00740290
0.00695870
0.00747460
0.00735090
0.00743160
0.00768630
0.00760320
0.00765010
0.00764230
0.00794950
0.00752360
0.00743700
0.00791690
0.00762380
0.00754870
0.00766990
0.00765800
0.00742430
0.00770800
0.00703300
0.00719380
0.00788150
0.00769670
0.00783010
0.00754910
0.00771230
0.00724130
0.00782170
0.00771800
0.00743240
0.00758290
0.00693080
0.00737840
0.00767070
0.00720760
0.00708920
0.00758660
0.00747270
0.00690090
0.00737610
0.00698510
0.00680710
0.00727480
0.00745940
0.00740560
0.00735210
0.00711840
0.00742230
0.00679760
0.00703870
0.00696360
0.00748980
0.00733150
0.00735490
0.00721830
0.00762730
0.00777930
0.00755940
