0.21697930
0.00509830
0.00507210
0.00489230
0.00508910
0.00537970
0.00549460
0.00500030
0.00487590
0.00482720
0.00490450
0.00538700
0.00506970
0.00500600
0.00492320
0.00493440
0.00485730
0.00511950
0.00503600
0.00487430
0.00498260
0.00587930
0.00570930
0.00564080
0.00523980
0.00479790
0.00500470
0.00574030
0.00510830
0.00476250
0.00464150
0.00470870
0.00468010
0.00468510
0.00473320
0.00483240
0.00476440
0.00473890
0.00507530
0.00562040
0.00556130
0.00522020
0.00513560
0.00527090
0.00476820
0.00465360
0.00460790
0.00465440
0.00483660
0.00502190
0.00465010
0.00503280
0.00461750
0.00460950
0.00482520
0.00490630
0.00475900
0.00509070
0.00505870
0.00493670
0.00479950
0.00473570
0.00471930
0.00456860
0.00458290
0.00470150
0.00465390
0.00485660
0.00510180
0.00546360
0.00513730
0.00536400
0.00558830
0.00528550
0.00476170
0.00492150
0.00482910
0.00485830
0.00444900
0.00450450
0.00474470
0.00451400
0.00484810
0.00497350
0.00476200
0.00500120
0.00496510
0.00477350
0.00467980
0.00481970
0.00486760
0.00469340
0.00548540
0.00487190
0.00452300
0.00441100
0.00440630
0.00477120
0.00479470
0.00449400
0.00468220
0.00468330
0.00455870
0.00487950
0.00461420
0.00458150
0.00000000
0.00000000
0.00000000
0.00000000
0.19610310
0.00465260
0.00465390
0.00495400
0.00444780
0.00409630
0.00405850
0.00413090
0.00427270
0.00417100
0.00469350
0.00429980
0.00465940
0.00455210
0.00437990
0.00453010
0.00446300
0.00456310
0.00451350
0.00457560
0.00449580
0.00412200
0.00414380
0.00414510
0.00427570
0.00424820
0.00416390
0.00419410
0.00457530
0.00436280
0.00430650
0.00416210
0.00443950
0.00399040
0.00398170
0.00411200
0.00405840
0.00414840
0.00441420
0.00406130
0.00420440
0.00438740
0.00426100
0.00428130
0.00437920
0.00446270
0.00407500
0.00419110
0.00425220
0.00408920
0.00440400
0.00436840
0.00405690
0.00442340
0.00438510
0.00451280
0.00407670
0.00432880
0.00423730
0.00443420
0.00452030
0.00429070
0.00421820
0.00427080
0.00420180
0.00404500
0.00431350
0.00445540
0.00442250
0.00448510
0.00448060
0.00451920
0.00449610
0.00443870
0.00442340
0.00434440
0.00416980
0.00500370
0.00432580
0.00439910
0.00454670
0.00436260
0.00411770
0.00445760
0.00427820
0.00459600
0.00504970
0.00452360
0.00434430
0.00462200
0.00516280
0.00404270
0.00441150
0.00441860
0.00434190
0.00451300
0.00428500
0.00431050
0.00425590
0.00434890
0.00467740
0.00000000
0.00000000
0.00000000
0.00000000
0.18818650
0.00491030
0.00454310
0.00438410
0.00423340
0.00400260
0.00411200
0.00412030
0.00405650
0.00405700
0.00403890
0.00398960
0.00407800
0.00436950
0.00432130
0.00427640
0.00433160
0.00430810
0.00421780
0.00417490
0.00402560
0.00459280
0.00477160
0.00446540
0.00393700
0.00384000
0.00388460
0.00429290
0.00440130
0.00440560
0.00433730
0.00435130
0.00442750
0.00446700
0.00416190
0.00423000
0.00436330
0.00421360
0.00433630
0.00414070
0.00427110
0.00428340
0.00412590
0.00418880
0.00426860
0.00413710
0.00417480
0.00410540
0.00439870
0.00419240
0.00406640
0.00426390
0.00486720
0.00440020
0.00414940
0.00403260
0.00397990
0.00416980
0.00411880
0.00410440
0.00417050
0.00432830
0.00439910
0.00428550
0.00431770
0.00431440
0.00413790
0.00396960
0.00399360
0.00422720
0.00407580
0.00412650
0.00416160
0.00401030
0.00414540
0.00416370
0.00428010
0.00405940
0.00406570
0.00421530
0.00406460
0.00429220
0.00423810
0.00381890
0.00381030
0.00379740
0.00393810
0.00416640
0.00417190
0.00403060
0.00412850
0.00405060
0.00403260
0.00440760
0.00452980
0.00445700
0.00415160
0.00420280
0.00406440
0.00410180
0.00387510
0.00400210
0.00422040
0.00392930
0.00471030
0.00442850
0.00410560
0.00403370
0.00405670
0.00414190
0.00424920
0.00397350
0.00391660
0.00413290
0.00383190
0.00391100
0.00399910
0.00399970
0.00406190
0.00408730
0.00394170
0.00386890
0.00404750
0.00386930
0.00413410
0.00409960
0.00402470
0.00412290
0.00407930
0.00398360
0.00414650
0.00419140
0.00426450
0.00390450
0.00412890
0.00410080
0.00412540
0.00405340
0.00413540
0.00394400
0.00405890
0.00000000
0.00000000
0.00000000
0.00000000
0.19892030
0.00457580
0.00429080
0.00416360
0.00419900
0.00398780
0.00433350
0.00396040
0.00413440
0.00425390
0.00426790
0.00419660
0.00389390
0.00406750
0.00412380
0.00413210
0.00384830
0.00381570
0.00386350
0.00401140
0.00428030
0.00413630
0.00419360
0.00000000
0.00000000
0.00000000
0.00000000
0.21717530
0.00471150
0.00437850
0.00417930
0.00409390
