0.22512220
0.00577530
0.00501640
0.00485420
0.00543510
0.00476720
0.00460590
0.00462090
0.00490480
0.00472520
0.00479610
0.00517100
0.00473590
0.00472960
0.00467580
0.00487650
0.00474840
0.00453280
0.00483860
0.00505570
0.00492730
0.00508410
0.00513430
0.00522420
0.00527390
0.00497420
0.00502820
0.00487500
0.00489870
0.00520410
0.00515540
0.00500250
0.00472190
0.00449380
0.00521240
0.00529320
0.00519700
0.00466570
0.00482810
0.00448090
0.00497950
0.00517300
0.00560310
0.00515630
0.00488930
0.00513600
0.00465710
0.00509980
0.00494790
0.00486170
0.00512340
0.00486110
0.00487570
0.00556820
0.00493480
0.00520050
0.00460560
0.00512640
0.00516730
0.00653090
0.00605680
0.00609140
0.00633240
0.00592030
0.00665820
0.00594240
0.00614190
0.00624360
0.00672050
0.00644730
0.00651430
0.00668450
0.00663850
0.00624000
0.00649200
0.00612840
0.00673700
0.00668660
0.00655740
0.00677200
0.00623590
0.00676600
0.00682550
0.00645920
0.00657910
0.00682760
0.00683930
0.00681060
0.00625710
0.00660150
0.00690580
0.00662770
0.00680090
0.00653060
0.00691560
0.00661130
0.00751780
0.00638270
0.00678820
0.00690340
0.00701030
0.00752590
0.00655390
0.00709260
0.00664010
0.00678080
0.00686070
0.00672980
0.00686260
0.00684300
0.00721560
0.00717040
0.00761540
0.00706450
0.00688160
0.00735030
0.00799150
0.00775050
0.00753230
0.00691930
0.00754290
0.00726300
0.00859940
0.00727940
0.00712150
0.00704740
0.00696120
0.00719140
0.00735970
0.00723620
0.00792420
0.00827780
0.00713380
0.00722710
0.00786530
0.00751570
0.00730370
0.00757290
0.00749810
0.00761040
0.00764810
0.00795730
0.00780480
0.00870190
0.00882490
0.00809180
0.00800090
0.00786540
0.00830300
0.00782040
0.00756870
0.00791030
0.00800630
0.00850590
0.00820460
0.00785200
0.00788010
0.00804130
0.00809550
0.00814940
0.00835580
0.00827450
0.00852320
0.00977140
0.00800900
0.00800250
0.00792240
0.00834120
0.00872820
0.00827050
0.00791760
0.00799650
0.00817620
0.00839080
0.00858860
0.00798100
0.00890050
0.00847000
0.00878980
0.00922610
0.00859740
0.00879570
0.00828310
0.00862750
0.00817950
0.00865010
0.00856350
0.00892660
0.00893820
0.00877410
0.00883060
0.00914720
0.00888400
0.00873160
0.00866630
0.00847410
0.00904190
0.00872620
0.00857680
0.00917230
0.00897990
0.00917490
0.01004580
0.00891280
0.00861310
0.00914970
0.00963550
0.00933990
0.01007310
0.00921530
0.00914810
0.00913170
0.00881840
0.00891050
0.00894190
0.00896830
0.00938300
0.00928930
0.00916890
0.00953430
0.00940740
0.00896410
0.00925520
0.00998140
0.01015890
0.01001380
0.00979070
0.00964430
0.00954260
0.00967470
0.00977670
0.00942240
0.01018960
0.00984330
0.00982110
0.01001750
0.00956890
0.00962270
0.00976490
0.00967880
0.00937850
0.00992760
0.01216380
0.01058360
0.01011190
0.00984760
0.00958910
0.00962200
0.00950970
0.00952550
0.00944020
0.00947470
0.00924800
0.01025250
0.01023920
0.01120870
0.01110670
0.01024780
0.00982170
0.00984750
0.01004060
0.01002820
0.00981930
0.00986020
0.00999680
0.01059980
0.01034520
0.00995990
0.01149300
0.01065160
0.00983150
0.01013960
0.00987650
0.01029600
0.01008890
0.01026930
0.01116230
0.01058970
0.01056580
0.01018290
0.01063500
0.01041760
0.01025860
0.01055280
0.01045510
0.01046750
0.01053490
0.01043720
0.01029960
0.01076240
0.01103300
0.01130420
0.01088880
0.01071960
0.01081910
0.01114660
0.01068270
0.01120340
0.01092850
0.01096560
0.01068340
0.01071670
0.01072910
0.01130950
0.01231720
0.01688060
0.01691260
0.01770340
0.01692810
0.01713370
0.01715640
0.01723380
0.01641660
0.01698990
0.01648230
0.01710190
0.01579680
0.01625710
0.01609710
0.01599690
0.01643710
0.01683880
0.01654510
0.02692020
0.01696620
0.01645370
0.01661640
0.01602930
0.01647220
0.01641760
0.01683150
0.01599040
0.01628760
0.01625450
0.01617800
0.01601410
0.01588160
0.01581890
0.01698170
