0.20036340
0.00728890
0.00708800
0.00706040
0.00711710
0.00681780
0.00705470
0.00677730
0.00696160
0.00709000
0.00720310
0.00717540
0.00704960
0.00731970
0.00719120
0.00726090
0.00725630
0.00745300
0.00728400
0.00723340
0.00708150
0.00727060
0.00719670
0.00724190
0.00711270
0.00715760
0.00716360
0.00711960
0.00724650
0.00729710
0.00739000
0.00718570
0.00579640
0.00540180
0.00566460
0.00554700
0.00560410
0.00565880
0.00557090
0.00565250
0.00555160
0.00543240
0.00545110
0.00520090
0.00518930
0.00565930
0.00566590
0.00532000
0.00569280
0.00563200
0.00561630
0.00537240
0.00538510
0.00554800
0.00595310
0.00563140
0.00552610
0.00548190
0.00555060
0.00594560
0.00528380
0.00494290
0.00495710
0.00509240
0.00483500
0.00507960
0.00495070
0.00473370
0.00523120
0.00480580
0.00482780
0.00482730
0.00506180
0.00487920
0.00479700
0.00515630
0.00497190
0.00476190
0.00492890
0.00484460
0.00473350
0.00481930
0.00501080
0.00487530
0.00482190
0.00481910
0.00488470
0.00520810
0.00478040
0.00474530
0.00451470
0.00452500
0.00449270
0.00453080
0.00443890
0.00431650
0.00466590
0.00479820
0.00458120
0.00449970
0.00484860
0.00494870
0.00497500
0.00480630
0.00460970
0.00490440
0.00478210
0.00429720
0.00481320
0.00442630
0.00429390
0.00453810
0.00422970
0.00448110
0.00478800
0.00472760
0.00458890
0.00447020
0.00460850
0.00489880
0.00493460
0.00439500
0.00413640
0.00419030
0.00431370
0.00441900
0.00415210
0.00411780
0.00412480
0.00444330
0.00451190
0.00440600
0.00477790
0.00462570
0.00418950
0.00410350
0.00407790
0.00410470
0.00406300
0.00460620
0.00441070
0.00486540
0.00422670
0.00418850
0.00430630
0.00435170
0.00442140
0.00414840
0.00428070
0.00430780
0.00422730
0.00415310
0.00442480
0.00426770
0.00428750
0.00425790
0.00445270
0.00398990
0.00375940
0.00390430
0.00386810
0.00388790
0.00390110
0.00410860
0.00402550
0.00393000
0.00426350
0.00421520
0.00416220
0.00400990
0.00392490
0.00393630
0.00393810
0.00401520
0.00425070
0.00428460
0.00423840
0.00424400
0.00434540
0.00402510
0.00403500
0.00423410
0.00423420
0.00432290
0.00385230
0.00379290
0.00383860
0.00428220
0.00426050
0.00409580
0.00406690
0.00408020
0.00410320
0.00402060
0.00412680
0.00411670
0.00426170
0.00421580
0.00428270
0.00411350
0.00408140
0.00406790
0.00407430
0.00420880
0.00424030
0.00399770
0.00391010
0.00398080
0.00419320
0.00470620
0.00456670
0.00415200
0.00394850
0.00389570
0.00404030
0.00427270
0.00378970
0.00377770
0.00373370
0.00383560
0.00378280
0.00407160
0.00437140
0.00421930
0.00422540
0.00420250
0.00413230
0.00425180
0.00385990
0.00391350
0.00400600
0.00427190
0.00437140
0.00452690
0.00456440
0.00431310
0.00451400
0.00444380
0.00438990
0.00449160
0.00431610
0.00445640
0.00417880
0.00414200
0.00403260
0.00404610
0.00433660
0.00434710
0.00418960
0.00435050
0.00447560
0.00453050
0.00452600
0.00449460
0.00447700
0.00431910
0.00436660
0.00500270
0.00477440
0.00448310
0.00422130
0.00450220
0.00444480
0.00437300
0.00468570
0.00433110
0.00429850
0.00411070
0.00416430
0.00416330
0.00437110
0.00492230
0.00428110
0.00422340
0.00429300
0.00440940
0.00442420
0.00450260
0.00466530
0.00467020
0.00442060
0.00440850
0.00440380
0.00439490
0.00460640
0.00445660
0.00476520
0.00467560
0.00403450
0.00399380
0.00388600
0.00410020
0.00423140
0.00462880
0.00440290
0.00443480
0.00435330
0.00430140
0.00437250
0.00439230
0.00425180
0.00434640
0.00436970
0.00433210
0.00447690
0.00463500
0.00414610
0.00407520
0.00451810
0.00456640
0.00448990
0.00450830
0.00435870
0.00444800
0.00432970
0.00420960
0.00420230
0.00425970
0.00425140
0.00426570
0.00446230
0.00436100
0.00426330
0.00457850
0.00462170
0.00464740
0.00464120
0.00447620
0.00434800
0.00453740
0.00440380
0.00405480
0.00424970
0.00433800
0.00427410
0.00423070
0.00402800
0.00446600
0.00447960
0.00446110
0.00439700
0.00466290
0.00455760
0.00437920
0.00455660
0.00458880
0.00445600
0.00433130
0.00508120
0.00438750
0.00444890
0.00441510
0.00449640
0.00474270
0.00462800
0.00444720
0.00458410
0.00418120
0.00389810
0.00397360
0.00507280
0.00482880
0.00428750
0.00416950
0.00405350
