0.22935320
0.00999600
0.01005190
0.01025220
0.01003740
0.00988690
0.01016540
0.00841310
0.00837120
0.00863880
0.00825570
0.00803350
0.00895040
0.00872880
0.00861090
0.00896100
0.00767320
0.00784670
0.00795210
0.00749600
0.00802640
0.00841720
0.00794070
0.00787360
0.00797320
0.00789890
0.00786010
0.00756470
0.00751240
0.00768430
0.00799590
0.00726720
0.00751140
0.00724240
0.00766920
0.00733890
0.00791470
0.00773640
0.00728010
0.00768330
0.00752040
0.00720660
0.00697900
0.00727260
0.00696320
0.00650760
0.00653560
0.00666720
0.00651000
0.00656460
0.00653590
0.00650600
0.00628220
0.00589540
0.00616310
0.00621440
0.00588140
0.00600670
0.00596550
0.00597760
0.00586700
0.00587370
0.00628420
0.00592400
0.00601110
0.00606420
0.00576150
0.00574330
0.00625760
0.00607500
0.00579640
0.00578560
0.00582150
0.00567860
0.00597640
0.00610020
0.00583510
0.00603320
0.00598010
0.00587140
0.00624810
0.00595700
0.00611940
0.00618060
0.00556460
0.00552600
0.00588880
0.00597110
0.00565350
0.00575740
0.00545030
0.00539010
0.00568760
0.00568700
0.00562780
0.00557010
0.00561830
0.00544420
0.00616680
0.00558090
0.00565720
0.00558300
0.00518830
0.00525450
0.00542560
0.00562600
0.00510270
0.00553890
0.00560270
0.00524670
0.00543630
0.00559720
0.00598190
0.00596710
0.00608570
0.00632390
0.00617040
0.00615310
0.00572210
0.00626080
0.00631820
0.00659670
0.00631260
0.00625980
0.00624190
0.00575010
0.00638990
0.00642580
0.00627690
0.00590740
0.00584970
0.00616660
0.00620150
0.00624810
0.00614200
0.00600800
0.00576560
0.00619880
0.00642090
0.00614740
0.00617610
0.00612610
0.00638120
0.00609950
0.00608840
0.00574570
0.00568170
0.00589210
0.00608820
0.00592540
0.00580180
0.00612740
0.00544450
0.00555070
0.00539580
0.00564930
0.00577070
0.00566960
0.00571530
0.00593360
0.00609960
0.00618880
0.00616890
0.00617820
0.00589840
0.00589710
0.00618300
0.00605110
0.00624640
0.00623720
0.00581790
0.00610110
0.00594770
0.00603700
0.00637220
0.00624150
0.00597440
0.00594320
0.00654110
0.00633490
0.00607620
0.00645470
0.00697650
0.00644870
0.00668360
0.00636270
0.00659840
0.00652950
0.00623260
0.00671230
0.00625570
0.00646070
0.00630940
0.00630680
0.00614970
0.00642350
0.00664280
0.00652340
0.00640220
0.00612290
0.00638050
0.00685090
0.00666100
0.00608250
0.00599210
0.00660440
0.00640170
0.00604820
0.00643390
0.00647960
0.00637580
0.00618860
0.00624200
0.00664590
0.00659070
0.00608580
0.00629860
0.00679660
0.00602550
0.00623190
0.00630850
0.00597740
0.00612550
0.00635760
0.00641670
0.00678800
0.00634010
0.00595740
0.00635110
0.00594820
0.00654960
0.00648610
0.00692460
0.00646970
0.00676390
0.00668070
0.00696560
0.00654320
0.00597000
0.00669120
0.00642250
0.00655060
0.00694620
0.00672970
0.00689230
0.00651970
0.00736900
0.00673870
0.00717300
0.00687210
0.00651910
0.00679640
0.00746880
0.00875550
0.00675010
0.00650170
0.00691510
0.00675050
0.00639290
0.00673220
0.00672070
0.00659930
0.00654260
0.00621600
0.00664980
0.00677300
0.00689080
0.00644090
0.00651380
0.00659630
0.00723070
0.00685990
0.00679780
0.00694990
0.00653660
0.00667990
0.00625660
0.00640200
0.00688300
0.00710430
0.00701010
0.00731780
0.00731210
0.00698680
0.00717630
0.00688450
0.00718310
0.00708250
0.00758910
0.00682060
0.00677720
0.00682270
0.00675960
0.00687110
0.00639770
0.00676450
0.00684840
0.00689950
0.00682210
0.00685760
0.00641840
0.00659780
0.00655060
0.00726760
0.00716480
0.00704320
0.00694300
0.00679500
0.00676340
0.00697080
0.00656060
0.00676320
0.00679130
0.00613980
0.00648410
0.00634750
0.00721700
0.00703570
0.00684800
0.00703480
0.00680400
0.00710970
0.00701980
0.00712100
0.00668850
0.00671050
0.00683110
0.00718880
0.00704220
0.00677470
0.00714010
0.00681180
0.00711270
0.00734140
0.00684970
0.00656200
0.00689270
0.00710650
0.00740680
0.00661600
0.00700140
0.00664410
0.00684680
0.00657620
0.00679870
0.00701800
0.00676170
0.00646620
0.00672890
0.00623060
0.00656470
0.00684060
0.00744610
0.00736190
0.00678300
0.00621650
0.00695660
0.00760100
0.00733560
0.00738140
0.00720170
0.00726690
0.00723590
0.00647330
0.00712290
0.00691430
0.00672600
0.00672800
0.00705130
0.00662030
0.00662700
0.00728140
0.00721010
0.00652640
0.00730870
0.00637950
0.00790410
0.00708120
0.00757470
0.00710990
0.00682590
0.00800240
0.00844120
0.00759450
0.00709590
0.00776110
0.00733130
0.00765160
0.00715870
0.00700000
0.00919000
0.00775600
0.00763500
0.00685810
0.00716510
0.00749490
0.00699250
0.00718000
0.00773680
0.01107220
0.01224440
0.01270570
0.01200640
0.01219790
0.01244820
0.00930240
0.00740460
0.00711380
0.00757780
0.00742620
0.00749700
0.00762430
0.00723510
0.00729960
0.00678980
0.00669100
0.00720480
0.00760730
0.00750900
0.00734280
0.00734940
0.01253590
0.01438840
0.01166440
0.01369940
0.01132630
0.01319760
0.01785950
0.01596700
0.01291290
0.01236300
0.00786670
0.00759850
0.00839670
0.00757800
0.00778320
0.00756730
0.00722330
0.00941420
0.01224080
0.01230590
0.01302390
0.01244990
0.01173650
0.01027340
0.00840960
0.00784980
0.00768710
0.00842190
0.00976790
0.01259750
0.01288400
0.01634310
0.01255720
0.01225830
0.00790750
0.00818280
0.00837840
0.00797640
0.00854620
0.00870850
0.00982850
0.00892510
0.00943570
0.00904730
0.00845750
0.00835380
0.00804470
0.00936510
0.00890850
0.00803420
0.00927280
0.01096680
0.00950140
0.00956400
0.00967830
0.00907130
0.00898360
0.00924830
0.00856200
0.00890050
0.00984730
0.00892690
0.00850690
0.00934350
0.00878830
0.00846380
0.00887250
0.00874870
0.00874700
0.00902240
0.00928760
0.00916100
0.00821270
0.00909990
0.00775070
0.00870630
0.00878410
0.00870520
0.00828400
0.00816320
0.00811470
0.00894940
0.00880260
0.00839380
0.00842730
0.00832260
0.00847530
0.00869460
0.00878520
0.00835180
0.00918980
0.00843500
0.00855800
0.00887770
0.00902840
0.00792780
0.00795860
0.00847450
0.00820100
0.00897430
0.00786820
0.00842240
0.00872250
0.00856000
0.00863530
0.00847810
0.00827250
0.00808470
0.00820930
0.00805080
0.00756350
0.00779480
0.00850040
0.00795990
0.00803990
0.00761440
0.00771700
0.00767480
