0.21598040
0.00445410
0.00461870
0.00410740
0.00436980
0.00423450
0.00415970
0.00399690
0.00413890
0.00416090
0.00408360
0.00412940
0.00403010
0.00422930
0.00394560
0.00425970
0.00409140
0.00409200
0.00400810
0.00398380
0.00402970
0.00413650
0.00438900
0.00421550
0.00416250
0.00411920
0.00437100
0.00407640
0.00419590
0.00395090
0.00386880
0.00379670
0.00406010
0.00403060
0.00403600
0.00406700
0.00376120
0.00374470
0.00376340
0.00404420
0.00403030
0.00419430
0.00443640
0.00417050
0.00398100
0.00412140
0.00394130
0.00407140
0.00395060
0.00434320
0.00418330
0.00409900
0.00411620
0.00431390
0.00423470
0.00433560
0.00446630
0.00420590
0.00419300
0.00412260
0.00420260
0.00414230
0.00414290
0.00393620
0.00395010
0.00412500
0.00430840
0.00431880
0.00404220
0.00453320
0.00390520
0.00413550
0.00438710
0.00420610
0.00412190
0.00408570
0.00382360
0.00377880
0.00380220
0.00374180
0.00380740
0.00422970
0.00392190
0.00416570
0.00422910
0.00418260
0.00411500
0.00410920
0.00402330
0.00414900
0.00424020
0.00419500
0.00418270
0.00389940
0.00398020
0.00415620
0.00000000
0.00000000
0.00000000
0.00000000
0.21845140
0.00479770
0.00446460
0.00430460
0.00410410
0.00406740
0.00417660
0.00405990
0.00400450
0.00393350
0.00419390
0.00414860
0.00411300
0.00384090
0.00382520
0.00380740
0.00379060
0.00382450
0.00618560
0.00470130
0.00454310
0.00434830
0.00449810
0.00426630
0.00419790
0.00434480
0.00439660
0.00432200
0.00414600
0.00425890
0.00416590
0.00450140
0.00404410
0.00390240
0.00389110
0.00382480
0.00392070
0.00452200
0.00417470
0.00432210
0.00411390
0.00428750
0.00435510
0.00436360
0.00433400
0.00426330
0.00415900
0.00433040
0.00415700
0.00422850
0.00427880
0.00404090
0.00374700
0.00383960
0.00409540
0.00420130
0.00397410
0.00405160
0.00408770
0.00415950
0.00416430
0.00408780
0.00402430
0.00403550
0.00417820
0.00396380
0.00412580
0.00415430
0.00419920
0.00424890
0.00418500
0.00436470
0.00420920
0.00413130
0.00413460
0.00380410
0.00372270
0.00375580
0.00379680
0.00401550
0.00399910
0.00376250
0.00378520
0.00372150
0.00365240
0.00358710
0.00360210
0.00447800
0.00415140
0.00428690
0.00377370
0.00374300
0.00408530
0.00392550
0.00387500
0.00386970
0.00386660
0.00369540
0.00397940
0.00374070
0.00392970
0.00392680
0.00395520
0.00389810
0.00379200
0.00396110
0.00395360
0.00393950
0.00399010
0.00402050
0.00388170
0.00385230
0.00391000
0.00391560
0.00380840
0.00369250
0.00369760
0.00395290
0.00394880
0.00392480
0.00389970
0.00392220
0.00397200
0.00377720
0.00383810
0.00407850
0.00400020
0.00385100
0.00395460
0.00410240
0.00402440
0.00409130
0.00407450
0.00408800
0.00407110
0.00441510
0.00413040
0.00359740
0.00354740
0.00362500
0.00357690
0.00361840
0.00355430
0.00375890
0.00403170
0.00398530
0.00398010
0.00408710
0.00392250
0.00390240
0.00378140
0.00379160
0.00389580
0.00399720
0.00410750
0.00409770
0.00401160
0.00393890
0.00391220
0.00391490
0.00394530
0.00411140
0.00386660
0.00393990
0.00389200
0.00397790
0.00390080
0.00396430
0.00390380
0.00398380
0.00394080
0.00394720
0.00404850
0.00422960
0.00400670
0.00393320
0.00392060
0.00385490
0.00390950
0.00397150
0.00414200
0.00418440
0.00408330
0.00381000
0.00394870
0.00395080
0.00391030
0.00456710
0.00410920
0.00394160
0.00368080
0.00359670
0.00357500
0.00363440
0.00394320
0.00377620
0.00422520
0.00408280
0.00393470
0.00395290
0.00417940
0.00393680
0.00361740
0.00362190
0.00357950
0.00361460
0.00367790
0.00384810
0.00388380
0.00380040
0.00384660
0.00387050
0.00389840
0.00416890
0.00364660
0.00374040
0.00391650
0.00397520
0.00385340
0.00396550
0.00390810
0.00403780
0.00373290
0.00364680
0.00363830
0.00371170
0.00390910
0.00377230
0.00357390
0.00356260
0.00352430
0.00354020
0.00378260
0.00384440
0.00366180
0.00376360
0.00409610
0.00401860
0.00383380
0.00364050
0.00376060
0.00366600
0.00356730
0.00371990
0.00373510
0.00382350
0.00398470
0.00406410
0.00398330
0.00402780
0.00399960
0.00391160
0.00360650
0.00360780
0.00371750
0.00397390
0.00405910
0.00391420
0.00379310
0.00385190
0.00380490
0.00386850
0.00380130
0.00411280
0.00410840
0.00400100
0.00402790
0.00391380
0.00374400
0.00358340
0.00356570
0.00390490
0.00379020
0.00387390
0.00376040
0.00357640
0.00357520
0.00394220
0.00365570
0.00360000
0.00368780
0.00385760
0.00363960
0.00386280
0.00417240
0.00393410
0.00370880
0.00371500
0.00398440
0.00401210
0.00395340
0.00362790
0.00357730
0.00367690
0.00437960
0.00403840
0.00419810
0.00409890
0.00404820
0.00402620
0.00384230
0.00392690
0.00380370
0.00381320
0.00383750
0.00411430
0.00406760
0.00403140
0.00396530
0.00395680
0.00398350
0.00378360
0.00385350
0.00391420
0.00380390
0.00394600
0.00383700
0.00381950
0.00392070
0.00432980
0.00414960
0.00412150
0.00394550
0.00397220
0.00391850
0.00370760
0.00370850
0.00373240
0.00360240
0.00355410
0.00353870
0.00364950
0.00373250
0.00395000
0.00368730
0.00364030
0.00369580
0.00386890
0.00376640
0.00368320
0.00391240
0.00412740
0.00411770
0.00398630
0.00410890
0.00419620
0.00418140
0.00392200
0.00382760
0.00388110
0.00388500
0.00387070
0.00384440
0.00395330
0.00382670
0.00415090
0.00390830
0.00387400
0.00395490
0.00423750
0.00399400
0.00420130
0.00420190
0.00387380
0.00386190
0.00374110
0.00354380
0.00352560
0.00352050
0.00355910
0.00377250
0.00368380
0.00383600
0.00392970
0.00405590
0.00387520
0.00384460
0.00406270
0.00396420
0.00409260
0.00402360
0.00398550
0.00411570
0.00394030
0.00394820
0.00411630
0.00394430
0.00395080
0.00414970
0.00419940
0.00405930
0.00400800
0.00407520
0.00510170
0.00434500
0.00396670
0.00387330
0.00401010
0.00388870
0.00411930
0.00384520
0.00383700
0.00362570
0.00366280
0.00371330
0.00368410
0.00366830
0.00385120
0.00419500
0.00411540
0.00399980
0.00393540
0.00402520
0.00415750
0.00401760
0.00416510
0.00408850
0.00413890
0.00392940
0.00386070
0.00375860
0.00374370
0.00376690
0.00372520
0.00368780
0.00379350
0.00379160
0.00374440
0.00372750
0.00608100
0.00569230
0.00407950
0.00398490
0.00396250
0.00423850
0.00425170
0.00415840
0.00379010
0.00368770
0.00377060
0.00393110
0.00414080
0.00417540
0.00423480
0.00412090
0.00411800
0.00403340
0.00392090
0.00386280
0.00382500
0.00358420
0.00359990
0.00391610
0.00413380
0.00394650
0.00384790
0.00383490
0.00417990
0.00373470
0.00394550
0.00388190
0.00387990
0.00385590
0.00382290
0.00385980
0.00377150
0.00369940
