0.23032230
0.00735360
0.00787020
0.00768570
0.00793300
0.00768340
0.00740890
0.00704910
0.00722230
0.00749900
0.00748270
0.00738500
0.00756600
0.00782910
0.00800430
0.00789790
0.00713490
0.00731470
0.00766140
0.00727510
0.00690110
0.00754320
0.00756990
0.00742690
0.00739670
0.00735320
0.00718000
0.00734740
0.00764610
0.00708670
0.00727270
0.00717730
0.00708640
0.00693100
0.00718950
0.00725030
0.00694620
0.00687000
0.00696280
0.00721100
0.00722600
0.00729450
0.00735110
0.00737740
0.00717170
0.00730400
0.00747740
0.00681370
0.00720670
0.00707860
0.00675660
0.00673300
0.00699560
0.00732250
0.00697900
0.00749320
0.00657110
0.00736380
0.00727560
0.00672940
0.00677960
0.00612710
0.00621470
0.00625170
0.00630270
0.00616630
0.00660920
0.04544420
0.00698050
0.00638850
0.00636680
0.00633130
0.00637870
0.00645280
0.00655120
0.00735370
0.00773840
0.00702400
0.00724250
0.00708330
0.00746840
0.00735950
0.00739890
0.00735410
0.00752350
0.00744760
0.00742490
0.00767340
0.00747760
0.00721740
0.00754610
0.00758290
0.00700330
0.00692540
0.00756410
0.00748270
0.00732230
0.00756330
0.00736080
0.00753040
0.00779470
0.00793490
0.00782900
0.00805020
0.00733360
0.00812590
0.00812500
0.00754350
0.00782960
0.00792620
0.00818390
0.00776580
0.00791200
0.00817160
0.00837610
0.00748860
0.00777210
0.00857650
0.00821990
0.00858290
0.00761740
0.00843180
0.00805770
0.00829800
0.00853130
0.00834040
0.00852830
0.00859090
0.00764410
0.00825070
0.00802170
0.00885230
0.00837920
0.00791430
0.00891940
0.00848240
0.00850320
0.00933980
0.00955600
0.00905330
0.00942430
0.00947440
0.00948310
0.00959700
0.00919320
0.00880930
0.00899650
0.00881600
0.00913040
0.00918570
0.00957100
0.00922900
0.00874060
0.00933060
0.00890370
0.00924800
0.00917330
0.00898720
0.00928530
0.00893130
0.00867730
0.00899720
0.00900530
0.00906360
0.00894140
0.00804260
0.00870290
0.00882110
0.00896670
0.00883820
0.00904960
0.00805160
0.00884000
0.00859930
0.00828890
0.00830220
0.00869770
0.00874080
0.00803780
0.00863410
0.00855540
0.23537100
0.00904310
0.00907330
0.00853420
0.00903820
0.23495940
0.00914020
0.00885900
0.00959870
0.24070640
0.25298230
0.01017030
0.00949500
0.01055730
0.01020420
0.01015450
0.00948880
0.00983280
0.01024720
0.01014750
0.00894650
0.00932550
0.00925480
0.00880410
0.00792200
0.00828640
0.00808970
0.00790850
0.00753260
0.00756350
0.00753440
0.00783020
0.00737530
0.00726650
0.00771410
0.00819620
0.00719750
0.00769610
0.00795130
0.00749320
0.00794180
0.00742360
0.00762820
0.00778980
0.00746490
0.00740860
0.00720490
0.00752600
0.00748140
0.00742310
0.00731250
0.00741900
0.00714100
0.00751640
0.00718960
0.00802660
0.00838150
0.00860870
0.00866510
0.00759020
0.00817110
0.00848470
0.00813300
0.00782560
0.00738430
0.00798270
0.00761750
0.00762540
0.00732560
0.00746640
0.00800490
0.00765100
0.00751010
0.00729290
0.00736090
0.00774540
0.00763440
0.00756870
0.00783180
0.00773210
0.00758320
0.00737430
0.00744870
0.00757050
0.00701080
0.00759870
0.00808690
0.00761960
0.00727110
0.00734470
0.00744870
0.00757970
0.00736700
0.00753270
0.00734590
0.00748580
0.00785060
0.00733710
0.00769500
0.00743020
0.00767560
0.00760140
0.00713310
0.00741680
0.00766690
0.00726520
0.00757150
0.00698370
0.00748230
0.00750760
