3.97351480
0.00816180
0.00607390
0.00584050
0.00589350
0.00607570
0.00515930
0.00528540
0.00624600
0.00511190
0.00495280
0.00496780
0.00522530
0.00494620
0.00489820
0.00489920
0.00471450
0.00478300
0.00473830
0.00482980
0.00530570
0.00461540
0.00455510
0.00564990
0.00563350
0.00657300
0.00705410
0.00594650
0.00502900
0.00519960
0.00514730
0.00439760
0.00427090
0.00448180
0.00496040
0.00471780
0.00487090
0.00571240
0.00645310
0.00523420
0.00466680
0.00444260
0.00425450
0.00476280
0.00472640
0.00448240
0.00469240
0.00439330
0.00411410
0.00407030
0.00414990
0.00448260
0.00455840
0.00443150
0.00457030
0.00472850
0.00464460
0.00424420
0.00405180
0.00395600
0.00392270
0.00406710
0.00406470
0.00392850
0.00384600
0.00393720
0.00414690
0.00389930
0.00425800
0.00397840
0.00400060
0.00423220
0.00429130
0.00598330
0.00582680
0.00556450
0.00534050
0.00452820
0.00437500
0.00448050
0.00516880
0.00447670
0.00465990
0.00563380
0.00446630
0.00444830
0.00572380
0.00486670
0.00444340
0.00434910
0.00431150
0.00406950
0.00403500
0.00402690
0.00386960
0.00385310
0.00369950
0.00367200
0.00402890
0.00415940
0.00400790
0.00482170
0.00441600
0.00446650
0.00506390
0.00416100
0.00428140
0.00433400
0.00407740
0.00407590
0.00440030
0.00432610
0.00435750
0.00428900
0.00425080
0.00434380
0.00437670
0.00560580
0.00455410
0.00446040
0.00411430
0.00406740
0.00403990
0.00401940
0.00450420
0.00462440
0.00473370
0.00510100
0.00460810
0.00523740
0.00532000
0.00488100
0.00478720
0.00424800
0.00461710
0.00494340
0.00523240
0.00501110
0.00449220
0.00453510
0.00463210
0.00502870
0.00461500
0.00471100
0.00478640
0.00542140
0.00538330
0.00539140
0.00496880
0.00494620
0.00520740
0.00520120
0.00568970
0.00506220
0.00661520
0.00618590
0.00616700
0.00586970
0.00622020
0.00638630
0.00604130
0.00553520
0.00634150
0.00604230
0.00632560
0.00575140
0.00543680
0.00544770
0.00637940
0.00628660
0.00612470
0.00642260
0.00647780
0.00641060
0.00649030
0.00669580
0.00641570
0.00637650
0.00664570
0.00667650
0.00881700
0.00775440
0.00934020
0.00912040
0.00724470
0.00720130
0.00715210
0.00593320
0.00666400
0.00652600
0.00572910
0.00566150
0.00568460
0.00567040
0.00618060
0.00690990
