0.20927450
0.01159340
0.00879850
0.00883780
0.00866370
0.00863720
0.00831860
0.00836690
0.00839150
0.00851860
0.00844590
0.00856280
0.00865930
0.00921440
0.00914570
0.00873870
0.00873230
0.00641280
0.00612340
0.00732800
0.00635800
0.00591490
0.00591040
0.00593790
0.00590230
0.00602020
0.00618120
0.00622870
0.00605330
0.00597830
0.00602120
0.00595920
0.00617130
0.00616760
0.00603930
0.00584670
0.00594230
0.00614170
0.00603930
0.00597740
0.00591660
0.00597980
0.00632920
0.00666270
0.00604360
0.00614790
0.00691610
0.00510390
0.00457960
0.00437610
0.00437530
0.00447020
0.00414120
0.00430670
0.00421090
0.00420650
0.00421340
0.00417600
0.00424690
0.00451840
0.00439800
0.00440970
0.00472990
0.00462640
0.00447610
0.00457120
0.00445930
0.00444200
0.00436240
0.00454710
0.00443600
0.00440850
0.00434810
0.00428490
0.00424920
0.00430600
0.00424830
0.00437830
0.00492020
0.00482560
0.00466360
0.00444570
0.00442400
0.00439670
0.00418640
0.00427660
0.00442320
0.00403300
0.00412820
0.00445730
0.00366440
0.00362620
0.00361080
0.00365980
0.00366380
0.00363220
0.00364410
0.00368040
0.00366700
0.00372870
0.00381730
0.00396390
0.00388050
0.00404760
0.00407630
0.00000000
0.00000000
0.00000000
0.00000000
0.21560370
0.00410710
0.00423580
0.00421890
0.00392900
0.00395540
0.00404440
0.00393490
0.00418900
0.00400050
0.00383460
0.00387910
0.00386150
0.00382210
0.00388760
0.00397190
0.00397140
0.00403290
0.00397720
0.00398960
0.00394990
0.00396330
0.00394220
0.00387500
0.00379370
0.00372980
0.00377650
0.00431440
0.00420320
0.00390470
0.00375610
