0.20782340
0.00451510
0.00442060
0.00457350
0.00449410
0.00470670
0.00465060
0.00477610
0.00460590
0.00490800
0.00501930
0.00442940
0.00439330
0.00455910
0.00452540
0.00456740
0.00444550
0.00443430
0.00436410
0.00430910
0.00465210
0.00453660
0.00423050
0.00430600
0.00521060
0.00499450
0.00477540
0.00577320
0.00574350
0.00525290
0.00472260
0.00451580
0.00478160
0.00488420
0.00436480
0.00455570
0.00471500
0.00446260
0.00443260
0.00506410
0.00450180
0.00442640
0.00434250
0.00435610
0.00443120
0.00462810
0.00515860
0.00478460
0.00466960
0.00446890
0.00441750
0.00446440
0.00446230
0.00429500
0.00469780
0.00474610
0.00467370
0.00442970
0.00451970
0.00484450
0.00458270
0.00453470
0.00462720
0.00473440
0.00478920
0.00447230
0.00440610
0.00423390
0.00429430
0.00425050
0.00428250
0.00417020
0.00437960
0.00437950
0.00440860
0.00449280
0.00441130
0.00452920
0.00449160
0.00442280
0.00439480
0.00442290
0.00447050
0.00449900
0.00448000
0.00438430
0.00444080
0.00460000
0.00441120
0.00427270
0.00429900
0.00464350
0.00428140
0.00427350
0.00448100
0.00437600
0.00459170
0.00427510
0.00448420
0.00568100
0.00519250
0.00487900
0.00475320
0.00424600
0.00488320
0.00470790
0.00471110
0.00478640
0.00471030
0.00460570
0.00456440
0.00513470
0.00511780
0.00480270
0.00470520
0.00448960
0.00478690
0.00496150
0.00473350
0.00480930
0.00464020
0.00465550
0.00473900
0.00461090
0.00442330
0.00441780
0.00445530
0.00454350
0.00479360
0.00421380
0.00416210
0.00424240
0.00418440
0.00421080
0.00453240
0.00429910
0.00432380
0.00432490
0.00418640
0.00434990
0.00434490
0.00450410
0.00443470
0.00421850
0.00418620
0.00460260
0.00473720
0.00488870
0.00450580
0.00455250
0.00448690
0.00441720
0.00418390
0.00428920
0.00462430
0.00440070
0.00431990
0.00452620
0.00452190
0.00467170
0.00460890
0.00454850
0.00482150
0.00465430
0.00463210
0.00466090
0.00474080
0.00550140
0.00489400
0.00569840
0.00502460
0.00465670
0.00480010
0.00499350
0.00510620
0.00513470
0.00487170
0.00467860
0.00467390
0.00465060
0.00487730
0.00461270
0.00455750
0.00458210
0.00462840
0.00504440
0.00505620
0.00471400
0.00529220
0.00505810
0.00494630
0.00496270
0.00489710
0.00489680
0.00471160
0.00444360
0.00433050
0.00442210
0.00437540
0.00448230
0.00443210
0.00436950
0.00459090
0.00439110
0.00452560
0.00463920
0.00444660
0.00438120
0.00458880
0.00437380
0.00438350
0.00442850
0.00448130
0.00442470
0.00449760
0.00438550
0.00438540
0.00446170
0.00450870
0.00457230
0.00447750
0.00491690
0.00435050
0.00452120
0.00418160
0.00406240
0.00431960
0.00452410
0.00431270
0.00444160
0.00442780
0.00441850
0.00431300
0.00479960
0.00462150
0.00498570
0.00504120
0.00456640
0.00465000
0.00468800
0.00439520
0.00434370
0.00439410
0.00444130
0.00450670
0.00440030
0.00444900
0.00484620
0.00447430
0.00457710
0.00444060
0.00436650
0.00409890
0.00407960
0.00412320
0.00419410
0.00418770
0.00425310
0.00457990
0.00433150
0.00505880
0.00445540
0.00437810
0.00449180
0.00453060
0.00445100
0.00431270
0.00454310
0.00433530
0.00433020
0.00431970
0.00452320
0.00407790
0.00406570
0.00420940
0.00442740
0.00437790
0.00430820
0.00444510
0.00423870
0.00445600
0.00420480
0.00418090
0.00415580
0.00427330
0.00458870
0.00444840
0.00434920
0.00439430
0.00439100
0.00459020
0.00432640
0.00450820
0.00447940
0.00439230
0.00444340
0.00451400
0.00443770
0.00429150
0.00415500
0.00452060
0.00452650
0.00434810
0.00426630
0.00421210
0.00467280
0.00450790
0.00464170
0.00447390
0.00456190
