0.20759050
0.00715200
0.00679300
0.00627780
0.00618580
0.00604940
0.00589210
0.00669790
0.00648040
0.00604720
0.00690300
0.00668870
0.00681770
0.00649360
0.00639290
0.00644120
0.00681090
0.00664620
0.00646960
0.00586340
0.00671390
0.00654080
0.00669220
0.00678820
0.00650580
0.00603120
0.00613320
0.00620070
0.00599630
0.00652730
0.00677030
0.00650260
0.00656830
0.00627220
0.00616600
0.00637880
0.00670050
0.00624460
0.00616970
0.00666220
0.00668930
0.00693270
0.00677030
0.00607470
0.00626800
0.00662830
0.00670340
0.00642960
0.00600110
0.00640090
0.00695950
0.00682780
0.00604120
0.00589490
0.00679210
0.00631620
0.00605920
0.00663430
0.00734280
0.00715900
0.00677990
0.00669160
0.00682720
0.00686060
0.00618090
0.00632480
0.00615050
0.00729060
0.00662120
0.00631150
0.00611550
0.00680440
0.00676280
0.00737280
0.00715240
0.00719330
0.00667510
0.00670430
0.00680930
0.00682620
0.00766700
0.00762660
0.00702260
0.00626020
0.00715240
0.00699360
0.00668800
0.00684160
0.00634460
0.00618830
0.00663520
0.00623590
0.00630040
0.00671810
0.00745400
0.00695120
0.00671050
0.00614360
0.00676120
0.00666730
0.00675950
0.00670780
0.00673840
0.00644850
0.00650830
0.00649350
0.00648100
0.00662560
0.00598410
0.00643380
0.00626530
0.00658750
0.00627170
0.00662580
0.00671540
0.00662680
0.00664580
0.00690260
0.00683110
0.00694360
0.00677740
0.00646780
0.00726640
0.00663950
0.00686540
0.00684830
0.00671040
0.00633900
0.00631830
0.00656450
0.00639150
0.00713320
0.00708730
0.00697920
0.00698320
0.00667290
0.00695900
0.00650150
0.00637690
0.00640610
0.00713370
0.00700880
0.00675770
0.00677870
0.00656320
0.00639740
0.00696960
0.00695680
0.00665840
0.00614940
0.00702230
0.00696340
0.00677050
0.00736850
0.00638400
0.00666320
0.00671150
0.00658950
0.00646580
0.00650340
0.00653470
0.00630220
0.00647420
0.00676050
0.00687720
0.00670700
0.00662820
0.00623090
0.00629920
0.00676030
0.00654130
0.00690480
0.00691180
0.00694760
0.00638800
0.00622060
0.00628920
0.00609020
0.00717150
0.00742270
0.00623020
0.00688480
0.00652350
0.00707250
0.00689850
0.00719220
0.00714510
0.00632160
0.00651930
0.00715990
0.00668610
0.00662200
0.00727650
0.00707420
0.00638230
0.00709200
0.00648200
0.00686070
0.00698170
0.00704640
0.00614320
0.00725940
0.00695760
0.00652360
0.00643430
0.00706000
0.00679020
0.00640960
0.00674780
0.00694650
0.00697720
0.00739140
0.00717430
0.00708850
0.00712460
0.00724130
0.00699130
0.00685610
0.00703270
0.00702600
0.00657220
0.00666230
0.00710730
0.00704620
0.00720790
0.00718160
0.00651790
0.00658980
0.00720290
0.00705480
0.00652770
0.00679530
0.00752640
0.00701150
0.00632450
0.00619100
0.00620280
0.00628380
0.00702100
0.00657510
0.00650440
0.00685970
0.00693660
0.00710410
0.00714490
0.00726790
0.00643940
0.00631520
0.00633540
0.00656140
0.00671810
0.00721730
0.00677220
0.00638150
0.00694540
0.00694490
0.00690370
0.00667660
0.00616790
0.00620680
0.00628100
0.00670040
0.00684630
0.00658010
0.00662400
0.00675590
0.00680630
0.00638330
0.00594610
0.00593280
0.00640560
0.00603320
0.00584940
0.00635600
0.00627460
0.00621370
0.00620110
0.00618160
0.00581880
0.00580730
0.00575740
0.00599590
0.00640180
0.00637790
0.00614340
0.00595820
0.00626290
0.00643310
0.00627870
0.00592490
0.00604120
0.00586360
0.00630930
0.00664700
0.00629600
0.00577010
0.00590250
0.00627430
0.00636380
0.00619450
0.00587390
0.00592570
0.00551100
0.00551500
0.00677230
0.00594680
0.00557920
0.00554730
0.00550810
0.00617340
0.00604260
0.00589610
0.00581840
0.00545270
0.00547280
0.00552560
0.00559650
0.00563000
0.00590080
0.00581170
0.00581730
0.00619810
0.00590670
0.00601290
0.00544260
0.00536270
0.00571550
0.00556280
0.00603130
0.00608400
0.00542410
0.00612920
0.00593440
0.00593860
0.00603950
0.00592860
0.00571760
0.00557090
0.00580520
0.00593750
0.00580070
0.00604450
0.00568000
0.00570220
0.00582060
0.00568500
0.00606980
0.00584680
0.00533810
0.00530860
0.00532040
0.00535620
0.00540770
0.00574930
0.00567960
0.00588810
0.00588630
0.00596710
0.00599890
0.00606240
0.00579430
0.00561020
0.00540930
0.00602930
0.00566930
0.00560250
0.00567980
0.00587990
0.00630170
0.00606970
0.00585630
0.00577540
0.00598100
0.00600200
0.00570930
0.00580070
0.00546510
0.00621090
0.00588980
0.00617700
0.00560930
0.00611020
0.00592680
0.00558120
0.00623690
0.00588800
0.00567630
0.00612900
0.00587460
0.00599900
0.00599400
0.00602620
0.00622360
0.00589970
0.00590100
0.00600430
0.00589230
0.00547130
0.00549640
0.00612070
0.00585370
0.00578000
0.00629220
0.00616990
0.00661690
0.00640160
0.00608060
0.00588160
0.00547990
0.00561060
0.00564340
0.00611340
0.00700880
0.00630820
0.00618460
0.00620500
0.00595820
0.00648760
0.00573360
0.00574850
0.00571060
0.00567750
0.00564560
0.00555200
0.00592240
0.00595170
0.00576870
0.00566270
0.00572920
0.00615800
0.00585020
0.00576780
0.00616510
0.00614690
0.00614690
0.00639330
0.00593660
0.00579310
0.00592580
0.00620680
0.00633890
0.00622680
0.00615690
0.00570200
0.00564070
0.00647090
0.00589460
0.00595560
0.00637960
0.00638040
0.00640620
0.00599320
0.00617520
0.00605330
0.00646630
0.00646850
0.00658380
0.00606080
0.00597480
0.00600840
0.00630110
0.00648510
0.00643900
0.00690090
0.00639070
0.00661830
0.00707050
0.00662500
0.00642910
0.00611730
0.00597370
0.00583800
0.00602230
0.00604280
0.00640810
0.00604930
0.00589710
0.00615720
0.00609130
0.00604330
0.00588010
0.00634830
0.00649850
0.00604140
0.00608940
0.00647550
0.00647140
0.00659190
0.00650780
0.00591140
0.00703630
0.00661930
0.00610400
0.00680580
0.00652740
0.00625740
0.00623940
0.00622380
0.00622740
0.00616340
0.00606670
0.00622860
0.00638410
0.00591250
0.00668700
0.00665530
0.00657490
0.00681060
0.00596780
0.00649170
0.00630160
0.00586870
0.00608790
0.00627600
0.00646290
0.00585650
0.00627960
0.00763490
0.00625860
0.00624890
0.00678020
0.00613420
0.00646170
0.00667830
0.00654100
0.00639480
0.00625070
0.00641430
0.00635480
0.00641490
0.00651280
0.00639100
0.00627450
0.00648050
0.00660070
0.00622400
0.00619270
0.00609800
0.00645800
0.00594470
0.00592050
0.00622270
0.00648450
0.00660240
0.00647650
0.00633210
0.00577220
0.00607480
0.00621670
0.00645240
0.00644620
0.00589970
0.00663770
0.00641230
0.00639170
0.00653490
0.00635580
0.00601160
0.00633030
0.00595580
0.00606470
0.00610440
0.00643870
0.00664680
0.00665390
0.00644850
0.00650930
0.00578540
0.00646000
0.00624120
0.00644250
0.00595310
0.00607340
0.00660880
0.00595260
0.00643210
0.00647920
0.00646230
0.00610570
0.00596600
0.00602260
0.00632220
0.00631160
0.00608320
0.00641920
0.00640480
0.00630050
0.00646660
0.00650840
0.00641480
0.00634090
0.00611130
0.00634040
0.00610900
0.00579120
0.00589870
0.00574500
0.00645330
0.00636270
0.00635740
0.00658210
0.00645660
0.00610090
0.00612040
0.00667780
0.00631460
0.00593670
0.00632750
0.00636290
0.00627500
0.00595060
0.00631720
0.00623050
0.00602900
0.00583830
0.00603090
0.00641410
0.00648090
0.00665930
0.00766030
0.00597540
0.00573710
0.00574730
0.00593750
0.00578120
0.00637260
0.00622170
0.00653050
0.00639780
0.00633750
0.00640430
0.00660720
0.00655430
0.00624430
0.00619470
0.00606600
0.00626210
0.00647480
0.00618950
0.00603760
0.00620160
0.00629890
0.00647620
0.00636040
0.00637780
0.00645340
0.00606010
0.00609200
0.00603200
0.00632630
0.00650610
0.00645490
0.00619210
0.00667170
0.00591190
0.00582260
0.00603380
0.00596030
0.00643530
0.00655840
0.00643310
0.00634570
0.00622570
0.00645640
0.00611750
0.00600140
0.00611530
0.00596740
0.00621500
0.00638380
0.00684420
0.00659870
0.00656450
0.00633400
0.00608020
0.00611510
0.00590110
0.00582790
0.00577830
0.00579220
0.00657160
0.00677060
0.00661190
0.00617410
0.00576980
0.00614010
0.00629410
0.00673880
0.00674090
0.00628270
0.00647450
0.00653770
0.00615360
0.00636870
0.00634440
0.00608240
0.00646500
0.00639550
0.00606120
0.00627960
0.00646820
0.00634040
0.00648710
0.00644940
0.00586970
0.00600350
0.00618680
0.00636100
