0.22546130
0.00563900
0.00538790
0.00515430
0.00523960
0.00541250
0.00529100
0.00555320
0.00533110
0.00532610
0.00556920
0.00581440
0.00526950
0.22826740
0.21835700
0.21718680
0.21994020
0.21689180
0.00625450
0.00660610
0.00652070
0.00662730
0.00650280
0.00665600
0.00660720
0.00659940
0.00651030
0.00616170
0.00623160
0.00652300
0.00654000
0.00638440
0.00657100
0.00661690
0.00637370
0.00676750
0.00650530
0.00647890
0.00616540
0.00638320
0.00681440
0.00659720
0.00635170
0.00666730
0.00675100
0.00643440
0.00624290
0.00667760
0.00665010
0.00649410
0.00630460
0.00657630
0.00644970
0.00653320
0.00598080
0.00562970
0.00550880
0.00560750
0.00570330
0.00541670
0.00547540
0.00590920
0.00541190
0.00575860
0.00562330
0.00572830
0.00569720
0.00579340
0.00589680
0.00554340
0.00566510
0.00558620
0.00575630
0.00577200
0.00587320
0.00576420
0.00545000
0.00575510
0.00546780
0.00550110
0.00510210
0.00515850
0.00515650
0.00528020
0.00514410
0.20608260
0.20948570
0.00531230
0.00538540
0.00525990
0.00538620
0.00551330
0.00556760
0.00532210
0.00553100
0.00527640
0.00555440
0.00532460
0.00527130
0.00523390
0.00535310
0.00533640
0.00554670
0.00558330
0.21380380
0.20483440
0.21658550
0.00555690
0.22815500
0.00568360
0.00510700
0.00526220
0.00528150
0.00530500
0.00534690
0.00540570
0.00548000
0.00548990
0.00547800
0.00564560
0.00531360
0.00532880
0.00562770
0.00547570
0.00533030
0.00539240
0.00536800
0.00513560
0.00505520
0.00571360
0.00539090
0.00583260
0.00531230
0.00520980
0.00542250
0.00571560
0.00574200
0.00609020
0.00596950
0.00544450
0.00533630
0.00540030
0.00544620
0.00533670
0.00546720
0.00540840
0.00532960
0.00540600
0.00585530
0.00547890
0.00579710
0.00560830
0.00572530
0.00598540
0.00566880
0.00548750
0.23246670
0.22185900
