0.21895950
0.00545780
0.00549400
0.00591010
0.00553900
0.00539660
0.00575810
0.00583220
0.00572680
0.00537140
0.00589100
0.00580400
0.00566220
0.00552330
0.00562600
0.00603530
0.00610570
0.00592120
0.00604190
0.00567050
0.00568860
0.00548110
0.00545860
0.00594550
0.00566190
0.00524250
0.00523640
0.00553840
0.00543120
0.00576060
0.00535790
0.00519150
0.00510010
0.00541110
0.00548550
0.00555000
0.00572830
0.00550380
0.00535000
0.00550150
0.00550740
0.00518870
0.00529450
0.00585970
0.00542710
0.00546080
0.00555170
0.00557890
0.00598380
0.00569660
0.00555980
0.00560150
0.00541470
0.00553290
0.00542750
0.00522380
0.00529830
0.00517220
0.00522650
0.00523860
0.00522180
0.00533320
0.00548950
0.00548620
0.00533240
0.00539390
0.00554380
0.00540120
0.00528710
0.00545810
0.00555790
0.00503160
0.00505070
0.00537540
0.00524030
0.00531870
0.00555690
0.00515230
0.00521150
0.00486850
0.00536360
0.00537980
0.00539940
0.00507480
0.00499880
0.00531930
0.00540560
0.00544640
0.00554240
0.00505520
0.00511950
0.00514640
0.00581890
0.00723590
0.00801600
0.00645460
0.00856780
0.00657200
0.00633700
0.00568570
0.00596250
0.00784900
0.00590010
0.00590240
0.00538580
0.00526450
0.00540800
0.00530760
0.00532420
0.00512490
0.00491640
0.00477550
0.00551140
0.00486790
0.00521120
0.00529190
0.00506250
0.00545320
0.00523930
0.00523270
0.00507340
0.00511870
0.00518520
0.00519020
0.20967280
0.00539060
0.00516100
0.00515430
0.00502770
0.00501300
0.00514320
0.00521150
0.00503590
0.00534000
0.00510060
0.00499870
0.00496680
0.00499170
0.00509480
0.00511270
0.00504870
0.00495700
0.00512140
0.00516380
0.00520250
0.00521420
0.00518910
0.00538030
0.00518860
0.00505670
0.00489790
0.00509810
0.00521490
0.00500960
0.00526860
0.00521440
0.00552450
0.00559600
0.00484090
0.00475450
0.00516040
0.00514030
0.00489030
0.00508000
0.00496560
0.00494850
0.00528610
0.00518670
0.00531860
0.00511710
0.00524050
0.00533510
0.00539050
0.00530150
0.00508750
0.00503940
0.00497210
0.00474770
0.00517010
0.00512630
0.00544560
0.00517540
0.00522020
0.00509300
0.00529930
0.00547350
0.00535210
0.00523450
0.00526760
0.00562190
0.00529930
0.00525290
0.00541170
0.00525780
0.00534970
0.00532780
0.00496200
0.00512040
0.00522680
0.00492050
0.00515850
0.00519500
0.00538650
0.00534220
0.00552250
0.00531880
0.00543740
0.00521160
0.00514330
0.00528650
0.00540550
0.00540830
0.00507960
0.00523780
0.00566570
0.00526670
0.00509570
0.00559830
0.00543940
0.00529870
0.00548690
0.00517180
0.00524820
0.00489330
0.00482350
0.00546180
0.00525960
0.00539280
0.00555090
0.00534520
0.00543690
0.00532770
0.00530940
0.00564400
0.00569080
0.00558900
0.00551550
0.00542050
0.00547660
0.00531750
0.00537390
0.00514680
0.00532600
0.00516510
0.00498800
0.00526910
0.00515280
0.00518050
0.00508280
0.00525280
0.00506160
0.00537050
0.00570310
0.00563620
0.00528290
0.00528200
0.00497290
0.00532700
0.00527250
0.00544700
0.00535870
0.00503210
0.00522300
0.00527450
0.00499450
0.00530780
0.00513840
0.00525840
0.00525930
0.00489430
0.00502530
0.00534990
0.00490520
0.00515520
0.00511540
0.00489570
0.00488180
0.00529780
0.00530000
0.00495460
0.00540210
0.00553500
0.00526160
0.00501470
0.00512970
0.00521130
0.00488890
0.00516590
0.00527090
0.00558160
0.00519120
0.00513430
0.00521620
0.00565530
0.00579700
0.00528930
0.00534100
0.00526730
0.00517250
0.00516230
0.00551760
0.00521980
0.00535190
0.00538480
0.00566610
0.00529680
0.00546180
0.00539160
0.00552720
0.00543590
0.00539560
0.00556710
0.00524800
0.00534310
0.00548170
0.00547810
0.00549170
0.00539710
0.00540830
0.00551250
0.00518710
0.00511990
0.00496480
0.00495120
0.00506560
0.00513070
0.00552900
0.00539690
0.00569900
0.00560970
0.00554510
0.00507960
0.00532830
0.00524650
0.00550990
0.00548600
0.00537150
0.00498580
0.00549800
0.00551460
0.00562820
0.00536260
0.00532000
0.00541930
0.00523260
0.00527840
0.00553270
0.00535730
0.00518100
0.00544930
0.00503660
0.00525950
0.00554100
0.00535870
0.00544840
0.00518040
0.00524950
0.00501840
0.00570590
0.00508600
0.00541850
0.00539930
0.00557520
0.00526560
0.00552900
0.00543150
0.00526740
0.00564480
0.00529370
0.00533740
0.00533810
0.00559750
0.00546780
0.00549130
0.00556110
0.00576630
0.00565060
0.00562210
0.00530510
0.00560230
0.00568450
0.00532130
0.00575130
0.00548730
0.00552940
0.00549410
0.00533010
0.00535900
0.00535830
0.00545620
0.00570980
0.00548710
0.00498830
0.00536950
0.00548280
0.00551920
0.00562580
0.00577110
0.00546840
0.00552590
0.00524030
0.00555760
0.00546820
0.00592920
0.00548440
0.00558190
0.00541110
0.00548310
0.00557510
0.00550120
0.00539180
0.00506050
0.00526640
0.00507400
0.00524370
0.00529650
0.00557240
0.00541110
0.00566620
0.00553620
0.00536630
0.00572350
0.00543510
0.00544820
0.00526940
0.00524940
0.00541930
0.00568160
0.00557050
0.00551760
0.00529340
0.00540660
0.00563030
0.00544350
0.00552290
0.00553490
0.00512950
0.00517360
0.00519640
0.00505780
0.00510040
0.00503330
0.00510980
0.00493790
0.00506150
0.00498830
0.00519260
0.00515230
0.00522010
0.00555560
0.00548740
0.00505580
0.00502990
0.00529030
0.00513130
0.00526520
0.00495270
0.00520600
0.00531810
0.00555380
0.00480470
0.00517290
0.00533580
0.00536960
0.00534690
0.00552740
0.00524500
0.00507070
0.00491730
0.00511680
0.00496690
0.00513860
0.00511280
0.00517560
0.00522070
0.00508560
0.00513690
0.00514910
0.00528160
0.00500860
0.00512000
0.00513140
0.00506900
0.00524840
0.00517620
0.00537970
0.00515000
0.00505930
0.00524550
0.00514660
0.00519400
0.00499340
0.00542730
0.00534560
0.00514470
0.00515670
0.00528640
0.00508920
0.00535610
0.00526640
0.00528060
0.00523360
0.00527230
0.00508900
0.00497910
0.00525730
0.00495690
0.00491060
0.00477340
0.00487460
0.00479980
0.00528810
0.00542580
0.00506450
0.00505860
0.00516410
0.00487320
0.00499920
0.00519470
