0.23404350
0.00668810
0.00653310
0.00670930
0.00688780
0.00653750
0.00672580
0.00665160
0.00691510
0.00679960
0.00685350
0.00652780
0.00666160
0.00685420
0.00645890
0.00711550
0.00699000
0.00683310
0.00710930
0.00651070
0.00647070
0.00666300
0.00680900
0.00677020
0.00663710
0.00707700
0.00647450
0.00675380
0.00675550
0.00687150
0.00707010
0.00706440
0.00726010
0.00725460
0.00679050
0.00717250
0.00711020
0.00000000
0.00000000
0.00000000
0.00000000
0.22578700
0.00897320
0.00913880
0.00907210
0.00926000
0.00939790
0.00941880
0.00982370
0.00000000
0.00000000
0.00000000
0.00000000
0.23771590
0.01055090
0.01023630
0.01167500
0.01169950
0.01138270
0.01162420
0.01151940
0.01119450
0.01017040
0.01129960
0.01041590
0.01067140
0.01029910
0.01101070
0.01068120
0.01082790
0.01080830
0.01097120
0.01060910
0.01102390
0.01111820
0.01080090
0.01121950
0.01004610
0.01070870
0.00999900
0.01107090
0.01023420
0.01092570
0.01039790
0.01010060
0.01073790
0.01084390
0.00993000
0.01036030
0.00992670
0.01073860
0.01087890
0.01037490
0.01042750
0.00981970
0.01037000
0.01069800
0.01052850
0.01039840
0.00000000
0.00000000
0.00000000
0.00000000
0.23902950
0.01015620
0.01007280
0.00993970
0.01058250
0.01074060
0.01023190
0.00984840
0.01055730
0.01062460
0.01011220
0.01006740
0.01002820
0.01004620
0.01035790
