1
180.19,339.23,57.27,118.40
184.26,336.47,56.00,120.37
187.42,333.28,55.07,121.88
195.54,338.91,53.61,120.04
204.71,340.69,55.25,118.86
216.12,340.69,55.34,119.77
228.77,343.24,55.46,119.20
240.72,342.88,54.79,120.10
253.81,341.41,53.85,121.70
266.17,339.11,53.44,122.93
278.25,336.54,53.53,123.85
299.46,336.66,53.50,124.07
309.86,338.08,53.92,125.34
331.70,350.25,54.08,124.53
346.21,358.43,54.01,124.67
360.15,357.13,55.74,123.60
375.09,363.01,56.52,124.77
399.50,367.79,58.37,126.51
410.73,379.45,58.14,127.84
426.81,399.48,61.01,123.31
446.97,410.30,58.62,123.91
445.87,402.00,56.50,125.20
445.02,381.12,56.27,125.47
462.47,365.21,60.07,122.82
480.25,368.76,61.40,122.41
501.37,376.52,62.16,125.14
511.37,374.15,62.79,129.39
520.81,372.18,64.82,134.75
517.96,365.44,66.96,139.87
513.34,374.87,69.42,141.18
506.09,382.44,71.30,139.65
495.61,379.06,74.14,135.42
480.26,356.92,74.25,134.41
514.90,294.31,72.70,135.08
524.00,302.00,81.03,127.76
2
0
0
0
0
1
536.48,245.20,303.00,156.82
509.61,240.90,304.17,163.36
495.73,245.67,296.04,175.44
452.69,311.67,293.92,171.79
388.52,324.70,292.54,170.87
357.20,338.70,292.32,170.17
2
0
0
0
0
1
465.46,176.06,386.57,179.81
469.12,159.19,372.43,187.61
467.40,144.50,347.80,201.33
498.80,131.68,328.84,211.06
496.93,152.44,308.11,225.48
495.84,151.69,293.31,235.29
486.35,153.66,289.07,236.04
460.18,157.46,307.69,220.46
445.57,154.60,319.05,206.81
444.03,136.95,313.25,201.04
469.09,129.23,300.19,205.53
503.30,144.85,288.36,211.19
536.10,158.38,279.22,218.98
563.41,167.33,271.57,223.90
589.77,174.69,269.12,223.97
599.53,222.36,276.82,216.20
582.85,239.08,278.83,214.69
567.33,224.30,278.86,214.66
470.78,341.12,292.46,202.66
514.57,397.04,300.81,195.45
494.12,416.98,304.88,187.27
496.43,406.30,308.81,181.18
499.06,419.82,309.25,174.88
485.72,410.91,309.74,169.12
496.72,404.09,307.40,163.28
511.65,418.46,303.19,158.54
515.58,406.74,297.61,154.22
527.93,420.10,293.65,151.67
515.32,406.43,292.46,149.96
520.53,444.75,290.08,147.22
501.48,429.06,288.38,145.86
507.58,438.65,285.26,143.89
510.36,424.36,280.44,140.99
513.58,437.55,276.53,138.30
518.17,447.23,274.17,135.49
515.13,457.27,271.54,133.45
514.04,471.48,272.24,129.96
482.24,434.78,270.78,129.29
519.32,420.21,267.93,128.87
525.00,428.98,264.99,128.16
492.68,420.27,263.98,127.59
521.57,428.19,260.96,127.02
528.90,436.40,258.52,125.17
534.32,422.02,257.44,124.74
2
0
0
0
0
1
746.79,288.91,71.09,345.92
738.60,292.11,79.56,334.00
743.31,299.42,84.50,325.06
734.89,298.87,90.73,316.90
743.99,306.04,92.70,313.82
734.24,302.29,96.75,310.32
729.67,297.55,98.48,308.18
725.03,301.10,100.92,302.75
720.06,298.46,102.91,299.39
731.71,300.44,102.91,299.51
724.78,294.66,102.64,298.77
720.96,297.87,102.92,295.01
716.37,297.63,103.07,291.18
711.95,299.60,101.92,290.42
