0.27983620
0.01998490
0.01535640
0.01594260
0.01464640
0.00681170
0.00623500
0.00648310
0.00642470
0.00647520
0.00662490
0.00642180
0.00658320
0.00607910
0.00644550
0.00625760
0.00585790
0.00571650
0.00606820
0.00596630
0.00577510
0.00552220
0.00554360
0.00574020
0.00590940
0.00584270
0.00593620
0.00541720
0.00579450
0.00549700
0.00562120
0.00535190
0.00540820
0.00567480
0.00555990
0.00542360
0.00539470
0.00550270
0.00575120
0.00560160
0.00562330
0.00528940
0.00547040
0.00538260
0.00579990
0.00553760
0.00524580
0.00525120
0.00526840
0.00491580
0.00549130
0.00550770
0.00573190
0.00565600
0.00570690
0.00551900
0.00536400
0.00559210
0.00541040
0.00506680
0.00513200
0.00540740
0.00533160
0.00553690
0.00533950
0.00545850
0.00521350
0.00514550
0.00494760
0.00510690
0.00506930
0.00494490
0.00482890
0.00514910
0.00546510
0.00540830
0.00535080
0.00519800
0.00566250
0.00577120
0.00584030
0.00568510
0.00583010
0.00578820
0.00576590
0.00598520
0.00624920
0.00587190
0.00563880
0.00530080
0.00571380
0.00571900
0.00567230
0.00513820
0.00540170
0.00548730
0.00549660
0.00551070
0.00560990
0.00594700
0.00582840
0.00512410
0.00525590
0.00538610
0.00535240
0.00564910
0.00563900
0.00504580
0.00533640
0.00565170
0.00528750
0.00502580
0.00485920
0.00556060
0.00543150
0.00590640
0.00543420
0.00511180
0.00587240
0.00599290
0.00562150
0.00580960
0.00586600
0.00578920
0.00546780
0.00533220
0.00563500
0.00572030
0.00588730
0.00561620
0.00546210
0.00539390
0.00542610
0.00498910
0.00562150
0.00557990
0.00583970
0.22573810
0.00566320
0.00524910
0.00558950
0.00522390
0.00527690
0.00530690
0.00533940
0.00547790
0.00548200
0.00522230
0.00519940
0.00521140
0.00505280
0.00496710
0.00508280
0.00512820
0.00484750
0.00507500
0.00507640
0.00508800
0.00493240
0.00476580
0.00493800
0.00514040
0.00488220
0.00488350
