0.21302600
0.00495440
0.00500020
0.00493340
0.00472970
0.00484030
0.00491220
0.00504780
0.00498510
0.00502310
0.00490680
0.00499100
0.00472690
0.00464330
0.00460570
0.00487480
0.00498600
0.00521060
0.21749370
0.21700700
0.21949700
0.23346670
0.22412580
0.22839050
0.22519730
0.21349280
0.00781000
0.00805410
0.00770130
0.00786810
0.00786470
0.00770480
0.00784810
0.00772120
0.00793180
0.00782330
0.00773190
0.00774930
0.00794230
0.00774800
0.00779510
0.00750780
0.00792740
0.00803090
0.00816670
0.00763040
0.00687890
0.00676200
0.00720800
0.00702050
0.00694780
0.00695980
0.00692560
0.00733580
0.00702330
0.00699990
0.00664910
0.00643450
0.00637020
0.00689120
0.00690840
0.00682070
0.00645550
0.00697050
0.00673440
0.00662330
0.00643220
0.00621290
0.00566740
0.00564200
0.00545970
0.00582450
0.00595550
0.00609110
0.00602920
0.00600480
0.00556920
0.00551440
0.00586660
0.00577900
0.00569760
0.00566130
0.00620460
0.00547120
0.00545920
0.00532900
0.00562880
0.00561020
0.00571860
0.00638640
0.00641630
0.00625800
0.00656720
0.00639860
0.00596000
0.00642700
0.00583870
0.00596390
0.00602000
0.00561510
0.00608960
0.00621730
0.00624440
0.00611640
0.00586400
0.00588610
0.00549250
0.00537390
0.00603160
0.00590170
0.00587950
0.00594320
0.00568450
0.00550630
0.00541420
0.00541450
0.00561850
0.00556670
0.00571900
0.00578600
