0.23175590
0.00983920
0.00931770
0.01037850
0.01330240
0.01778190
0.00983100
0.01548320
0.01210970
0.01132330
0.00840300
0.00811610
0.01136380
0.00787470
0.00749580
0.01035210
0.00730460
0.00830230
0.01248580
0.00757100
0.00749410
0.00906100
0.00729850
0.00753000
0.00635570
0.00712590
0.00624330
0.00750920
0.00637780
0.00664020
0.00670750
0.00693240
0.00667190
0.00929940
0.03825460
0.01519110
0.02255120
0.02256440
0.01647380
0.00978300
0.00848820
0.01212940
0.00880910
0.00901080
0.00853650
0.00839580
0.00794550
0.00825180
0.27427610
0.00654130
0.00662660
0.00673050
0.00657890
0.00795460
0.00742330
0.00710110
0.00662710
0.00660100
0.00804630
0.32719640
0.35388150
0.28922600
0.00954680
0.01487800
0.00847260
0.00814080
0.00812460
0.00809860
0.00818340
0.00787050
0.01035320
0.01320500
0.00905390
0.01039730
0.01224630
0.01434430
0.01179660
0.00873260
0.00884240
0.00886250
0.02446980
0.03033600
0.02326780
0.01578290
0.00826090
0.00781820
0.00752330
0.00761490
0.00855410
0.00786520
0.00786580
0.00762550
0.00765010
0.00804270
0.00840160
0.00823060
0.01409680
0.01319450
0.01856350
0.01503940
0.00972040
0.00733340
0.00763530
0.24322550
0.26095710
0.32608030
0.32915250
0.33359640
0.00722870
0.00772130
0.00769110
0.00776070
0.00770930
0.00773300
0.00746770
0.25702460
0.28090480
0.00845540
0.00831240
0.00948770
0.00900790
0.00946890
0.03725650
0.00951990
0.01023260
0.00987110
0.01354900
0.01245360
0.02741270
0.02267810
0.01756130
0.00946460
0.01140010
0.00766490
0.00781120
0.00914110
0.00811620
0.00944430
0.01094630
0.00927110
0.01156480
0.01248750
0.00912820
0.00914860
0.00976160
0.00724280
0.00841810
0.01012960
0.00941270
0.00796410
0.00901280
0.00875830
0.00782780
0.00925280
0.00698690
0.00902240
0.27316820
0.00760030
0.00753750
0.00747140
0.00782130
0.00801090
0.00753480
0.00763370
0.00761990
0.00760790
0.00846770
0.00830920
0.00734030
0.00786000
0.00756750
0.00715090
0.00859320
0.00782260
0.00930920
0.01011920
0.01080870
0.00953780
0.01229010
0.01113350
0.01046150
0.00814890
0.00864210
0.00852000
0.00826530
0.00896590
0.01025250
0.00792690
0.00752140
0.00887720
0.00858510
0.00827080
0.00896570
0.00841600
0.00826550
0.00742520
0.00777780
0.00840720
0.00731610
0.00811050
0.00930970
0.00899380
0.01060090
0.01138450
0.00859710
0.00921400
0.00810800
0.01226490
0.00888770
0.00878760
0.01039580
0.00918910
0.00882270
0.00920660
0.01513950
0.00967970
0.01704130
0.01029570
0.00909050
0.01009770
0.00901070
0.00953070
0.01025870
0.00847270
0.01366690
0.01993500
0.01252340
0.00901230
0.00794790
0.00919710
0.00819050
0.00857140
0.00868480
0.00912620
0.01082040
0.00914700
0.01146410
0.00978130
0.00940510
0.00976010
0.00889160
0.01005130
0.01187810
0.01091200
0.00938590
0.01252360
0.01095540
0.00940460
0.00936050
0.01007610
0.00986720
0.00969980
0.01148650
0.00945480
0.01234000
0.01089070
0.01287640
0.01147340
0.01084520
0.00995900
0.01411500
0.01134450
0.01130420
0.01273020
0.01202220
0.01134690
0.01128940
0.01097240
0.01160670
0.01184400
0.01054440
0.01172480
0.01122650
0.01040240
0.00915340
0.03702840
0.01128260
0.01107960
0.01072700
0.01297110
0.01003780
0.00968100
0.01014970
0.01143420
0.01142880
0.01213060
0.01198020
0.01142270
0.01295660
0.01124180
0.01421940
0.01327920
0.01059440
0.01189940
0.01190700
0.01265360
0.01181670
0.01309380
0.01207730
0.01393240
0.01227620
0.01049600
0.01269100
0.01215940
0.01310360
0.01196480
0.01218520
0.01156610
0.01322840
0.01225520
0.01047920
0.01157420
0.01456940
0.01224390
0.01359620
0.01210500
0.01209440
0.01255750
0.01264160
0.01291250
0.01456980
0.01410950
0.01404370
0.01403120
0.01728860
0.01815760
0.01205700
0.01282520
0.01065680
0.01112130
0.01212540
0.01251120
0.01244140
0.01120620
0.01178750
0.01276440
0.01192040
0.01240050
0.01225720
0.55711180
0.00955860
0.01247730
0.01554950
0.01281590
0.01224600
0.01504860
0.01266000
0.01555420
0.01265360
0.01239540
0.01310650
0.01559520
0.01589140
0.01215940
0.01250390
0.01308430
0.01250350
0.01422670
0.01676390
0.01553850
0.01410060
0.01479600
0.01595550
0.01244210
0.06243650
0.03590950
0.01614550
0.01298230
0.01322700
0.01611380
0.01766930
0.02389390
0.02588500
0.01698910
0.02915220
0.02866790
0.02375170
0.01881110
0.01622480
0.01655740
0.01910700
0.01377810
0.02374180
0.02404500
0.01562510
0.03447600
0.01005000
0.01020060
0.01015440
0.01004840
0.01694060
0.09195350
