0.20784780
0.00517830
0.00498930
0.00493430
0.00507080
0.00498090
0.00516230
0.00567750
0.00531510
0.00525090
0.00471400
0.00482990
0.00477770
0.00446190
0.00455040
0.00454520
0.00471070
0.00488910
0.00495820
0.00574580
0.00475730
0.00523990
0.00492950
0.00476680
0.00444360
0.00471700
0.00492970
0.00493760
0.00536450
0.00486610
0.00515410
0.00525920
0.00505940
0.00491190
0.00491040
0.00443060
0.00471230
0.00500300
0.00494730
0.00484120
0.00497460
0.00515700
0.00519440
0.00517750
0.00460240
0.00460510
0.00456300
0.00458530
0.00482570
0.00485860
0.00465490
0.00494460
0.00516200
0.00481660
0.00460260
0.00438130
0.00459320
0.00445520
0.00450480
0.00431080
0.00416760
0.00459780
0.00457850
0.00450260
0.00410900
0.00432030
0.00475040
0.00469360
0.00422150
0.00434030
0.00417180
0.00458670
0.00480140
0.00453910
0.00406700
0.00404530
0.00413760
0.00453760
0.00432890
0.00486920
0.00522060
0.00513910
0.00518820
0.00488760
0.00459270
0.00458520
0.00491500
0.00487850
0.00469120
0.00471670
0.00458750
0.00459850
0.00458580
0.00479710
0.00447910
0.00450520
0.00472190
0.00476070
0.00480490
0.00441970
0.00450870
0.00429970
0.00420700
0.00429400
0.00407120
0.00408900
0.00408890
0.00423930
0.00430650
0.00440470
0.00488750
0.00470770
0.00484710
0.00508210
0.00489320
0.00497120
0.00489420
0.00530140
0.00505330
0.00486370
0.00476950
0.00493560
0.00535220
0.00474900
0.00449650
0.00436740
0.00491000
0.00472630
0.00465950
0.00449560
0.00410930
0.00415710
0.00452040
0.00455600
0.00454790
0.00448700
0.00436910
0.00422570
0.00421540
0.00423140
0.00470490
0.00476360
0.00497720
0.00462500
0.00493340
0.00440290
0.00459690
0.00436810
0.00450250
0.00429790
0.00441520
0.00436610
0.00413560
0.00428070
0.00448550
0.00419060
0.00449340
0.00453160
0.00431830
0.00442330
0.00406460
0.00400800
0.00399330
0.00424000
0.00424220
0.00431920
0.00416290
0.00454170
0.00396610
0.00397610
0.00482160
0.00432980
0.00415260
0.00425600
0.00428560
0.00488190
0.00450970
0.00456320
0.00439150
0.00468750
0.00428440
0.00414660
0.00412180
0.00401910
0.00492120
0.00425940
0.00419440
0.00434690
0.00430890
0.00426610
0.00429290
0.00435500
0.00455970
0.00448970
0.00437160
0.00441280
0.00431360
0.00459550
0.00484030
0.00450370
0.00422990
0.00417040
0.00415610
0.00415930
0.00406050
0.00437460
0.00488110
0.00492380
0.00530060
0.00503290
0.00459620
0.00469410
0.00476170
0.00462240
0.00451360
0.00510450
0.00471700
0.00521430
0.00508550
0.00478840
0.00524200
0.00494960
0.00477290
0.00492590
0.00463420
0.00472300
0.00504290
0.00494970
0.00482490
0.00512960
0.00536470
0.00465950
0.00438600
0.00476120
0.00450660
0.00483750
0.00457140
0.00414850
0.00484320
0.00484800
0.00511460
0.00482160
0.00465390
0.00491790
0.00494940
0.00496430
0.00512460
0.00698910
0.00545970
0.00500280
0.00476360
0.00540670
0.00487930
0.00443200
0.00487260
0.00463510
0.00479800
0.00465420
0.00489860
0.00463680
0.00428460
0.00455430
0.00472820
0.00484850
0.00471870
0.00495770
0.00500870
0.00493930
0.00449520
0.00501060
0.00468960
0.00480940
0.00450000
0.00457950
0.00475590
0.00468490
0.00472100
0.00464570
0.00477060
0.00489970
0.00477120
0.00494530
0.00506750
0.00502700
0.00483330
0.00478850
0.00457640
0.00495590
0.00519060
0.00489920
0.00473220
0.00449320
0.00424300
0.00481290
0.00482960
0.00448980
0.00486240
0.00495310
0.00488320
0.00564990
0.00522750
0.00492570
0.00462930
0.00466690
0.00464970
0.00459840
0.00477300
0.00499720
0.00469340
0.00490890
0.00486170
0.00468940
0.00454230
0.00480330
0.00473760
0.00494720
0.00506630
0.00434000
0.00412620
0.00412700
0.00448930
0.00446730
0.00463280
0.00463160
0.00447630
0.00495370
0.00467850
0.00474190
0.00480570
0.00489970
0.00457550
0.00449460
0.00445110
0.00429280
0.00447650
0.00440450
0.00454030
0.00433170
0.00451380
0.00441390
0.00435220
0.00510060
0.00476510
0.00487100
0.00463050
0.00443890
0.00480690
0.00469720
0.00450440
0.00451160
0.00451400
0.00464500
0.00458670
0.00493410
0.00466550
0.00425630
0.00483130
0.00449270
0.00455460
0.00459920
0.00476420
0.00476030
0.00423090
0.00425820
0.00418050
0.00414060
0.00448590
0.00458280
0.00479970
0.00475470
0.00456140
0.00418690
0.00418460
0.00464630
0.00465210
0.00539390
0.00424180
0.00438420
0.00469800
0.00464420
0.00454800
0.00410100
0.00409060
0.00407430
0.00427320
0.00460510
0.00450420
0.00441960
0.00468060
0.00452210
0.00441840
0.00462570
0.00464750
0.00442130
0.00480240
0.00442480
0.00470720
0.00480560
0.00437980
0.00444830
0.00447660
0.00437860
0.00451030
0.00453030
0.00474010
0.00472510
0.00473270
0.00464870
0.00460010
0.00471680
0.00478300
0.00445630
0.00457130
0.00443650
0.00415120
0.00421380
0.00435930
0.00440140
0.00419530
0.00444620
0.00437160
0.00477340
0.00488860
0.00466610
0.00441680
0.00469100
0.00444210
0.00454120
0.00436740
0.00450950
0.00433370
0.00442770
0.00431480
0.00464860
0.00463020
0.00461720
0.00445990
0.00440640
0.00429710
0.00406100
0.00405120
0.00444260
0.00456990
0.00417190
0.00399450
0.00407180
0.00412810
0.00405290
0.00409110
0.00553630
0.00472430
0.00451980
0.00437190
0.00466610
0.00468690
0.00456760
0.00461920
0.00473720
0.00458640
0.00471350
0.00456090
0.00444550
0.00458330
0.00460230
0.00442130
0.00415720
0.00428200
0.00427340
0.00485760
0.00519380
0.00460420
0.00457870
0.00459750
0.00512210
0.00501610
0.00450860
0.00430590
0.00422140
0.00489320
0.00469240
0.00443330
0.00414140
0.00409850
0.00407880
0.00405520
0.00485670
0.00461870
0.00482720
0.00434330
0.00455780
0.00452930
0.00471720
0.00467260
0.00462190
0.00441520
0.00446090
0.00492490
0.00431320
0.00436230
0.00479260
0.00454200
0.00425140
0.00420460
0.00449380
0.00449100
0.00414540
0.00415520
0.00413200
0.00446960
0.00484510
0.00451290
0.00448200
0.00427200
0.00475560
0.00470770
0.00471280
0.00445760
0.00453880
0.00445270
0.00522560
0.00461210
0.00510240
0.00480220
0.00490360
0.00487360
0.00458000
0.00427340
0.00416860
0.00476610
0.00416560
0.00413450
0.00417300
0.00426260
0.00474920
0.00424030
0.00394000
0.00514650
0.00444700
0.00435450
0.00430240
0.00459690
0.00485790
0.00438460
0.00435740
0.00431610
0.00433660
0.00511140
0.00514190
0.00515030
0.00529280
0.00533230
0.00506820
0.00507100
0.00520600
0.00474280
0.00517030
0.00503100
0.00530010
0.00538100
0.00529450
0.00504540
0.00502750
0.00519830
0.00524730
0.00505260
0.00495750
0.00505780
0.00518280
0.00520330
0.00556490
0.00479960
0.00465060
0.00453850
0.00465240
0.00500040
0.00488840
0.00496870
0.00471160
0.00457840
0.00448420
0.00439900
0.00466890
0.00432870
0.00457770
0.00492000
0.00483320
0.00464340
0.00481050
0.00548500
0.00506200
0.00517830
0.00501490
0.00511720
0.00488450
0.00505770
0.00526600
0.00538620
0.00516760
0.00434620
0.00500860
0.00495390
0.00463120
0.00486180
0.00489000
0.00473620
0.00574100
0.00537380
0.00527510
0.00530650
0.00532120
0.00502700
0.00483130
0.00480570
0.00471440
0.00463160
0.00460110
0.00544350
0.00517940
0.00465850
0.00457950
0.00497370
0.00499980
0.00590560
0.00625950
0.00516870
0.00476160
0.00468510
0.00487590
0.00523410
0.00510750
0.00469200
0.00441210
0.00432910
0.00436170
0.00440100
0.00463360
0.00450110
0.00447710
0.00468380
0.00456240
0.00459940
0.00549230
0.00532760
0.00447840
0.00440600
0.00463170
0.00444590
0.00423520
0.00424110
0.00420790
0.00473880
0.00429340
0.00445970
0.00460750
0.00495720
0.00466370
0.00457280
0.00420440
0.00414250
0.00412340
0.00425290
0.00425110
0.00460820
0.00443230
0.00433600
0.00452900
0.00457380
0.00500090
0.00504710
0.00511880
0.00489330
0.00534600
0.00444060
0.00460410
0.00424090
0.00433540
0.00474380
0.00445130
0.00445950
0.00454320
0.00447420
0.00442240
0.00441050
0.00429490
0.00479790
0.00469040
0.00448810
0.00492970
0.00471170
0.00442490
0.00618300
0.00447510
0.00471280
0.00466940
0.00425440
0.00443230
0.00448240
0.00476910
0.00469410
0.00450180
0.00451930
0.00451530
0.00455350
0.00456560
0.00471530
0.00469060
0.00457560
