0.21542500
0.00759510
0.00752450
0.00728560
0.00745930
0.00781600
0.00701130
0.00708370
0.00740880
0.00754910
0.00763860
0.00742310
0.00751680
0.00743860
0.00778770
0.00747800
0.00777320
0.00785570
0.00753020
0.00909380
0.00764200
0.00747170
0.00772710
0.00787110
0.00751820
0.00778220
0.00751670
0.00778470
0.00786520
0.00771180
0.00761140
0.00807750
0.00823120
0.00771180
0.00793960
0.00797630
0.00738770
0.00800930
0.00808320
0.00775980
0.00805140
0.00832310
0.00855420
0.00830340
0.00825960
0.00798400
0.00860040
0.00864230
0.00828130
0.00858900
0.00856020
0.00801480
0.00876620
0.00794630
0.00914130
0.00857990
0.00834300
0.00860250
0.00930020
0.00934290
0.00851460
0.00861300
0.00930530
0.00826660
0.00904450
0.00864060
0.00878930
0.00900330
0.00000000
0.00000000
0.00000000
0.00000000
0.23200570
0.00871320
0.00911880
0.00844140
0.00880310
0.00922870
0.01056460
0.00875350
0.00924290
0.00878290
0.00939960
0.00957140
0.00947060
0.00885200
0.00868900
0.00000000
0.00000000
0.00000000
0.00000000
0.21523730
0.00956710
0.00942750
0.01016360
0.00982430
0.00964440
0.00988380
0.01014750
0.01017430
0.00987370
0.01014550
0.00975200
0.00957500
0.01011540
0.00981840
0.00967400
0.00977120
0.00987410
0.00938710
0.01004070
0.00908080
0.00991750
0.00980500
0.00952020
0.00978190
0.00917860
0.00946770
0.00954200
0.00959810
0.00973480
0.01003050
0.00956880
0.00945720
0.00940160
0.00943810
0.00986220
0.01011230
0.01014870
0.01018390
0.00985500
0.00941580
0.00938020
0.00937680
0.00903490
0.00933390
0.00961530
0.00944580
