0.20369640
0.00463040
0.00440560
0.00466760
0.00456500
0.00454550
0.00462460
0.00464190
0.00466280
0.00493760
0.00448860
0.00463480
0.00481270
0.00470840
0.00460140
0.00460220
0.00471270
0.00471410
0.00441300
0.00455670
0.00465360
0.00475410
0.00468440
0.00443730
0.00454770
0.00458750
0.00465010
0.00466290
0.00457190
0.00446110
0.00430940
0.00448170
0.00430360
0.00417680
0.00426680
0.00467390
0.00461780
0.00517160
0.00525000
0.00479460
0.00482600
0.00465060
0.00433160
0.00424110
0.00420950
0.00440900
0.00447980
0.00450970
0.00448040
0.00423850
0.00433540
0.00411710
0.00438420
0.00463830
0.00448360
0.00466620
0.00446840
0.00443680
0.00447390
0.00470900
0.00445690
0.00449920
0.00456610
0.00433920
0.00429150
0.00436600
0.00430520
0.00442880
0.00417960
0.00433440
0.00413050
0.00413000
0.00438830
0.00417130
0.00414730
0.00429380
0.00456600
0.00435410
0.00429160
0.00455410
0.00434680
0.00424330
0.00415930
0.00422380
0.00415000
0.00449530
0.00439590
0.00446830
0.00424200
0.00426830
0.00399470
0.00395030
0.00407930
0.00410060
0.00394780
0.00398260
0.00395990
0.00398040
0.00418390
0.00411950
0.00452690
0.00450590
0.00454590
0.00421020
0.00443130
0.00424710
0.00438420
0.00456940
0.00432750
0.00481750
0.00421900
0.00447840
0.00448730
0.00450820
0.00446340
0.00448350
0.00448240
0.00519970
0.00490840
0.00471050
0.00454340
0.00467970
0.00413750
0.00449720
0.00423940
0.00432510
0.00413520
0.00427020
0.00421630
0.00419570
0.00413660
0.00418390
0.00410510
0.00424550
0.00414250
0.00411980
0.00448840
0.00439720
0.00433470
0.00425820
0.00410070
0.00429710
0.00418510
0.00424130
0.00414470
0.00410800
0.00453460
0.00442230
0.00419440
0.00415050
0.00451800
0.00435050
0.00436330
0.00419080
0.00440430
0.00434890
0.00438710
0.00436170
0.00459620
0.00453950
0.00425450
0.00452550
0.00435780
0.00421760
0.00414290
0.00422680
0.00419010
0.00451450
0.00456340
0.00443060
0.00439340
0.00442670
0.00439430
0.00419460
0.00398500
0.00407080
0.00417510
0.00450060
0.00443240
0.00453890
0.00456940
0.00568280
0.00469860
0.00464030
0.00400040
0.00430220
0.00418460
0.00468230
0.00435630
0.00417800
0.00426160
0.00436730
0.00417260
0.00420600
0.00443580
0.00415410
0.00413740
0.00469680
0.00434470
0.00431390
0.00427300
0.00455470
0.00452480
0.00413440
0.00406560
0.00435840
0.00432980
0.00432780
0.00404170
0.00402340
0.00420460
0.00416320
0.00450700
0.00430840
0.00439080
0.00438160
0.00438700
0.00465390
0.00442930
0.00440900
0.00441850
0.00450690
0.00432690
0.00424760
0.00426400
0.00430020
0.00433840
0.00459960
0.00444460
0.00410500
0.00444860
0.00464050
0.00431900
0.00442940
0.00423470
0.00424320
0.00419180
0.00433410
0.00426910
0.00415380
0.00393080
0.00415980
0.00414490
0.00413390
0.00425500
0.00430380
0.00410340
0.00403920
0.00424620
0.00415480
0.00409160
0.00439560
0.00439850
0.00508070
0.00469970
0.00417030
0.00406010
0.00449430
0.00416150
0.00436820
0.00424490
0.00438580
0.00473950
0.00472010
0.00447670
0.00443870
0.00453840
0.00447890
0.00445360
0.00436020
0.00444200
0.00421400
0.00428980
0.00420080
0.00448100
0.00443210
0.00434000
0.00428820
0.00430870
0.00460870
0.00398810
0.00423160
0.00423140
0.00426470
0.00427290
0.00421530
0.00432850
0.00445880
0.00469060
0.00462410
0.00467820
0.00459760
0.00465150
0.00453370
0.00451270
0.00443270
0.00440220
0.00439050
0.00442540
0.00516050
0.00454550
0.00445330
0.00447920
0.00441780
0.00455520
0.00451620
0.00431870
0.00449760
0.00439060
0.00465700
0.00438090
0.00421660
0.00414350
0.00406170
0.00431720
0.00413640
0.00434440
0.00467690
0.00477410
0.00447270
0.00454870
0.00415140
0.00427210
0.00485670
0.00432350
0.00445410
0.00434870
0.00465060
0.00437080
0.00433410
0.00475850
0.00466020
0.00468930
0.00457090
0.00460980
0.00456250
0.00450540
0.00423980
0.00410130
0.00404230
0.00495690
0.00461550
0.00434990
0.00402810
0.00414740
0.00440700
0.00456110
0.00449970
0.00456130
0.00463120
0.00453560
0.00450020
0.00449940
0.00432990
0.00436720
0.00423080
0.00424250
0.00410850
0.00393880
0.00394310
0.00395540
0.00394580
0.00390590
0.00404640
0.00430090
0.00441560
0.00427110
0.00429670
0.00440760
0.00426410
0.00432580
0.00422030
0.00430970
0.00420300
0.00439840
0.00434160
0.00424280
0.00435630
0.00430360
0.00445470
0.00467940
0.00468930
0.00422770
0.00464880
0.00447110
0.00428780
0.00423490
0.00419790
0.00449630
0.00444330
0.00438900
0.00443520
0.00441240
0.00429640
0.00424930
0.00431530
0.00412190
0.00461530
0.00495200
0.00427650
0.00417470
0.00453080
0.00455490
0.00456450
0.00457830
0.00474340
0.00474550
0.00468980
0.00521970
0.00480040
0.00452180
0.00465910
0.00431960
0.00434600
0.00453590
0.00454580
0.00446800
0.00463410
0.00456380
0.00463960
0.00444540
0.00400310
0.00399120
0.00391190
0.00411180
0.00428620
0.00432340
0.00415570
0.00408140
0.00447870
0.00444800
0.00436630
0.00430290
0.00415290
0.00423310
0.00414290
0.00408220
0.00405680
0.00407350
0.00419410
0.00445620
0.00492590
0.00410950
0.00435890
0.00452310
0.00435560
0.00435440
0.00436710
0.00435910
0.00425000
0.00432520
0.00417550
0.00396230
0.00389320
0.00402840
0.00405470
0.00404710
0.00415820
0.00425110
0.00426100
0.00413660
0.00420620
0.00451770
0.00427080
0.00415070
0.00429060
0.00433230
0.00429800
0.00423880
0.00492820
0.00436020
0.00434430
0.00414600
0.00412620
0.00435910
0.00434200
0.00429680
0.00413790
0.00433440
0.00424640
0.00451950
0.00410520
0.00405400
0.00407160
0.00395860
0.00413740
0.00402930
0.00412770
0.00418800
0.00415270
0.00411990
0.00412110
0.00447680
0.00424190
0.00407740
0.00404220
0.00415810
0.00436730
0.00408190
0.00407420
0.00418590
0.00417160
0.00424060
0.00411990
0.00429350
0.00418490
0.00398590
0.00425900
0.00414710
0.00403200
0.00442500
0.00429030
0.00468490
0.00413980
0.00390790
0.00447060
0.00440600
0.00420450
0.00414650
