0.23680190
0.00627530
0.00615900
0.00595740
0.00568190
0.00566510
0.00608730
0.00632700
0.00663700
0.00663860
0.00593000
0.00590380
0.00668040
0.00624860
0.00591440
0.00655150
0.00652630
0.00646020
0.00608670
0.00666430
0.00647410
0.00689970
0.00643240
0.00684580
0.00689230
0.00685720
0.00664630
0.00647830
0.00702880
0.00701800
0.00620100
0.00698570
0.00699910
0.00659340
0.00724560
0.00638870
0.00648640
0.00669710
0.00635220
0.00685400
0.00680400
0.00666740
0.00677100
0.00665040
0.00597820
0.00606930
0.00598740
0.00607680
0.00591000
0.00622280
0.00613650
0.00554070
0.00559070
0.00485670
0.00494450
0.00544010
0.00523580
0.00560600
0.00504270
0.00516100
0.00568430
0.00540930
0.00530890
