0.22853590
0.00632850
0.00635630
0.00576290
0.00810920
0.00587750
0.00604210
0.00591720
0.00602690
0.00603230
0.00621840
0.00618890
0.00629460
0.00624110
0.00646610
0.00654210
0.00666750
0.00645210
0.00701490
0.00594130
0.00583480
0.00656110
0.00621090
0.00591890
0.00632090
0.00620730
0.00628300
0.00583280
0.00562360
0.00563080
0.00567850
0.00622030
0.00818800
0.00767220
0.00743250
0.00721410
0.00743370
0.00654180
0.00654470
0.00711730
0.00662080
0.00670800
0.00669610
0.00686330
0.00637450
0.00721650
0.00674910
0.00698560
0.00611560
0.00612670
0.00602120
0.00626790
0.00651690
0.00649490
0.00684360
0.00683370
0.00678750
0.00671620
0.00628510
0.00600210
0.00591210
0.00636400
0.00608210
0.00691820
0.00649210
0.00678850
0.00662270
0.00610810
0.00628540
0.00620240
0.00662390
0.00606550
0.00648000
0.00622940
0.00649860
0.00635390
0.00654470
0.00699930
0.00639220
0.00587500
0.00628490
0.00605680
0.00667170
0.00643250
0.00615660
0.00603220
0.00600870
0.00598260
0.00605410
0.00602780
0.00661740
0.00701610
0.00669870
0.00612960
0.00613570
0.00617460
0.00606480
0.00596570
0.00600120
0.00593150
0.00612380
0.00605500
0.00656980
0.00637360
0.00636430
0.00606390
0.00593370
0.00595830
0.00629070
0.00628400
0.00680320
0.00673470
0.00647830
0.00668880
0.00629840
0.00615320
0.00611540
0.00622840
0.00621020
0.00666150
0.00675770
0.00685460
0.00671800
0.00650110
0.00646130
0.00665180
0.00655550
0.00612570
0.00606400
0.00641480
0.00675580
0.00672310
0.00661090
0.00643520
0.00636900
0.00633190
0.00666980
0.00639050
0.00637360
0.00664040
0.00650020
0.00662590
0.00676560
0.00654580
0.00652680
0.00620580
0.00619540
0.00645690
0.00651600
0.00673970
0.00640420
0.00629690
0.00635990
0.00634780
0.00646200
0.00625500
0.00652500
0.00660510
0.00603670
0.00646560
0.00619240
0.00630010
0.00593580
0.00601630
0.00656100
0.00680780
0.00659190
0.00671830
0.00651560
0.00606700
0.00641410
0.00658000
0.00602850
0.00617700
0.00603620
0.00586490
0.00661580
0.00658570
0.00654950
0.00673120
0.00655110
0.00593410
0.00626600
0.00618100
0.00643600
0.00631780
0.00645780
0.00646770
0.00647200
0.00671850
0.00639780
0.00617320
0.00650810
0.00649760
0.00657790
0.00638770
0.00614080
0.00657080
0.00639400
0.00638360
0.00629620
0.00608170
0.00676480
0.00685040
0.00691690
0.00685240
0.00627040
0.00610980
0.00750110
0.00713470
0.00736360
0.00717070
0.00750470
0.00745910
0.00793630
0.00772590
0.00758790
0.00701240
0.00714760
0.00707300
0.00714140
0.00789660
0.00782040
0.00760230
0.00818490
0.00733720
0.00792710
0.00742160
0.00722230
0.00800140
0.00823600
0.00799180
0.00717380
0.00819340
0.00880640
0.00832470
0.00782610
0.00706750
0.00722470
0.00802660
0.00758730
0.00797380
0.00729850
0.00814480
0.00788480
0.00805830
0.00777830
0.00846670
0.00833880
0.00851970
0.00724840
0.00744890
0.00767330
0.00719860
0.00799370
0.00817210
0.00803570
0.00776320
0.00800040
0.00780210
0.00801400
0.00832150
0.00850530
0.00802510
0.00783590
0.00767330
0.00785270
0.00722190
0.00718320
0.00797970
0.00729750
0.00741700
0.00787170
0.00771060
0.00781520
0.00739630
0.00720870
0.00750930
0.00718850
0.00759100
0.00789800
0.00779180
0.00785350
0.00742410
0.00787310
0.00768870
0.00703000
0.00788090
0.00832850
0.00813350
0.00736860
0.00745130
0.00733990
0.00768790
0.00760870
0.00788550
0.00744370
0.00760990
0.00781450
0.00715370
0.00775760
0.00744570
0.00716780
0.00713090
0.00764010
0.00722400
0.00748820
0.00794160
0.00785870
0.00754470
0.00835220
0.00743430
0.00739010
0.00818900
0.00748750
0.00819150
0.00853720
0.00782210
0.00820530
0.00733380
0.00722070
0.00729070
0.00712680
0.00808110
0.00803830
0.00792830
0.00738300
0.00805230
0.00755290
0.00869140
0.00794530
0.00813460
0.00823610
0.00824920
0.00817530
0.00836840
0.00810440
0.00791890
0.00744660
0.00780120
0.00824030
0.00771830
0.00822060
0.00833650
0.00739200
0.00796700
0.00774270
0.00768640
0.00815920
0.00752340
0.00750100
0.00828280
0.00811270
0.00803070
0.00799670
0.00823610
0.00823540
0.00829460
0.00838170
0.00818910
0.00815080
0.00801640
0.00810780
0.00770630
0.00771420
0.00771090
0.00781290
0.00817900
0.00812860
0.00752760
0.00816830
0.00830230
0.00825070
0.00825100
0.00776830
0.00772550
0.00746050
0.00753630
0.00758800
0.00765030
0.00788240
0.00776850
0.00812130
0.00778290
0.00852670
0.00814880
0.00835690
0.00783520
0.00779300
0.00828090
0.00764780
0.00770990
0.00773290
0.00785380
0.00810010
0.00806680
0.00828410
0.00755840
0.00821990
0.00754170
0.00765330
0.00752300
0.00756140
0.00839570
0.00819920
0.00780850
0.00823740
0.00914840
0.00836320
0.00761390
0.00744140
0.00800420
0.00763620
0.00841050
0.00866520
0.00803510
0.00812070
0.00824210
0.00820710
0.00778230
0.00771820
0.00847740
0.00780470
0.00822530
0.00800020
0.00779240
0.00765890
0.00805440
0.00832980
0.00794980
0.00799230
0.00831060
0.00774890
0.00825320
0.00811950
0.00820090
0.00822280
0.00816050
0.00790230
0.00809930
0.00821610
0.00827410
0.00785370
0.00810690
0.00822350
0.00841480
0.00911760
0.00882660
0.00850550
0.00832670
0.00823100
0.00766930
0.00789780
0.00771070
0.00856330
0.00769860
0.00765500
0.00792700
0.00795820
0.00797160
0.00785010
0.00785500
0.00789710
0.00870240
0.00893110
0.00835200
0.00818560
0.00836010
0.00780100
0.00782610
0.00787380
0.00856000
0.00861670
0.00840610
0.00803650
0.00796020
0.00805470
0.00790960
0.00787780
0.00805220
0.00841550
0.00840500
0.00763120
0.00784710
0.00796650
0.00876720
0.00785650
0.00761740
0.00868890
0.00814610
0.00838700
0.00820350
0.00822310
0.00840860
0.00850870
0.00816340
0.00862270
0.00873860
0.00771440
0.00830630
0.00809490
0.00843280
0.00812520
0.00851780
0.00836340
0.00857860
0.00835190
0.00825920
0.00840550
0.00818100
0.00868270
0.00820990
0.00826690
0.00854720
0.00859460
0.00817900
0.00826300
0.00791490
0.00857510
0.00767620
0.00792090
0.00821490
0.00793340
0.00783320
0.00829670
0.00803220
0.00809320
0.00808340
0.00840480
0.00857860
0.00780230
0.00767110
0.00835130
0.00768250
0.00836560
0.00861920
0.00784060
0.00869580
0.00782440
0.00758990
0.00773180
0.00850000
0.00829320
0.00782570
0.00790140
0.00786140
0.00795150
0.00798010
0.00804420
0.00785460
0.00768840
0.00772710
0.00894870
0.00791940
0.00790840
0.00789600
0.00853330
0.00858240
0.00814650
0.00817780
0.00867180
0.00805700
0.00859990
0.00776850
0.00799150
0.00825270
0.00806040
0.00802990
0.00819850
0.00852540
0.00853050
0.00862340
0.00840650
0.00800770
0.00870200
0.00834460
0.00814610
0.00817020
0.00798160
0.00864330
0.00793610
0.00854630
0.00860700
0.00845870
0.00830940
0.00793700
0.00863590
0.00852950
0.00857100
0.00795360
0.00808940
0.00813310
0.00781380
0.00790070
0.00810840
0.00786530
0.00809130
0.00814440
0.00866590
0.00825270
0.00781400
0.00783070
0.00841770
0.00816120
0.00824460
0.00834850
0.00820990
0.00805100
0.00844650
0.00845180
0.00844840
0.00887500
0.00897890
0.00862620
0.00818850
0.00849140
0.00859660
0.00818940
0.00809810
0.00835340
0.00850280
0.00778160
0.00764920
0.00758950
0.00846640
0.00839740
0.00786880
0.00847380
0.00852290
0.00831080
0.00853640
0.00780740
0.00790210
0.00809730
0.00859620
0.00882710
0.00853410
0.00811170
0.00825650
0.00845090
0.00829790
0.00797450
0.00805740
0.00875100
0.00794670
0.00842440
0.00797020
0.00767820
0.00785570
0.00865340
0.00860600
0.00848990
0.00865110
0.00830610
0.00850750
0.00833030
0.00890570
0.00796990
0.00810940
0.00894160
0.00828510
0.00840060
0.00851720
0.00808820
0.00837660
0.00879150
0.00851570
0.00853430
0.00838390
0.00849010
0.00786750
0.00798440
0.00771960
0.00785120
0.00895680
0.00839310
0.00825940
0.00833310
0.00864340
0.00805360
0.00874680
0.00844800
0.00799970
0.00841590
0.00862330
0.00866660
0.00815110
0.00798350
0.00822570
0.00782150
0.00780010
0.00822330
0.00787250
0.00778010
0.00835160
0.00901820
0.00851120
0.00803910
0.00779140
0.00779540
0.00867180
0.00839340
0.00864950
0.00866160
0.00880310
0.00873400
0.00808660
0.00782690
0.00879990
0.00835030
0.00883200
0.00879990
0.00871490
0.00818830
0.00804320
0.00857310
0.00854160
0.00798590
0.00800010
0.00852100
0.00843720
0.00819600
0.00808700
0.00874610
0.00856340
0.00864200
0.00776010
0.00777160
0.00879640
0.00809590
0.00854800
0.00843870
0.00856010
0.00786870
0.00779550
0.00851110
0.00793890
0.00862160
0.00876820
0.00850090
0.00852530
0.00874030
0.00821440
0.00808280
0.00842090
0.00810210
0.00882890
0.00857850
0.00816610
0.00872890
0.00890850
0.00878020
0.00860360
0.00866510
0.00846010
0.00829870
0.00801750
0.00816460
0.00869180
0.00799120
0.00804360
0.00870450
0.00832290
0.00823940
0.00857350
0.00842560
0.00819500
0.00799000
0.00883720
0.00828860
0.00846080
0.00851000
0.00827470
0.00826520
0.00881010
0.00847090
0.00880970
0.00914590
0.00841460
0.00878670
0.00865470
0.00868570
0.00860170
0.00864410
0.00858540
0.00890550
0.00925160
0.00905020
0.00832130
0.00816810
0.00879340
0.00882830
0.00816120
0.00861730
0.00834780
0.00835070
0.00808050
0.00793240
0.00903420
0.00885240
0.00856250
0.00895770
0.00848890
0.00801620
0.00826260
0.00851050
0.00805280
0.00888830
0.00865820
0.00858740
0.00864480
0.00822050
0.00811700
0.00818710
0.00874220
0.00848810
0.00811240
0.00865220
0.00889750
0.00796490
0.00811240
0.00835690
0.00906290
0.00799120
0.00856460
0.00913100
0.00798880
0.00785060
0.00878920
0.00795470
0.00837410
0.00896690
0.00867830
0.00841250
0.00897120
0.00882030
0.00819300
0.00868480
0.00887720
0.00842710
0.00844780
0.00856240
0.00881000
0.00832510
0.00834300
0.00800720
0.00797970
0.00827950
0.00881380
0.00857900
0.00874080
0.00876900
0.00889530
0.00860040
0.00977360
0.00896160
0.00867430
0.00841610
0.00827320
0.00830040
0.00888750
0.00858070
0.00950230
0.00947520
0.00880830
0.00877010
0.00862240
0.00881560
0.00895720
0.00831990
0.00869790
0.00847260
0.00858260
0.00882100
0.00879240
0.00859700
0.00869320
0.00878140
0.00877230
0.00864420
0.00830240
0.00845150
0.00878130
0.00863600
0.00868090
0.00853480
0.00919960
0.00865860
0.00886800
0.00839600
0.00836130
0.00864190
0.00891260
0.00862130
0.00795160
0.00857120
0.00835570
0.00897440
0.00888120
0.00812910
0.00848130
0.00888730
0.00800140
0.00797820
0.00804240
0.00797130
0.00890380
0.00881010
0.00874110
0.00874990
0.00849650
0.00851480
0.00836120
0.00802180
0.00847510
0.00798860
0.00894980
0.00855260
0.00849090
0.00878650
0.00847730
0.00795040
0.00800550
0.00807410
0.00822680
0.00858190
0.00865480
0.00866050
0.00795910
0.00891460
0.00847740
0.00873580
0.00827120
0.00859810
0.00920420
0.00819680
0.00860400
0.00884790
0.00871410
0.00826980
0.00867220
0.00889520
0.00878310
0.00818670
0.00807330
0.00863840
0.00822260
0.00875290
0.00877010
0.00806820
0.00884550
0.00855240
0.00880330
0.00862740
0.00836610
0.00909190
0.00821670
0.00867710
0.00879800
0.00871910
0.00858670
0.00789030
0.00797990
0.00876890
0.00859950
0.00873570
0.00870940
0.00859230
0.00873500
0.00867730
0.00863620
0.00830340
0.00952970
0.00876510
0.00791780
0.00857790
0.00827770
0.00864620
0.00828120
0.00891070
0.00870420
0.00885350
0.00841780
0.00813420
0.00807450
0.00848900
0.00874520
0.00813880
0.00891830
0.00877780
0.00867020
0.00790930
0.00823570
0.00803790
0.00806290
0.00814840
0.00867240
0.00859710
0.00821390
