0.20501660
0.00659030
0.00637080
0.00613230
0.00618840
0.00610890
0.00603910
0.00661130
0.00662330
0.00628370
0.00645170
0.00638080
0.00634390
0.00623910
0.00603680
0.00660830
0.00604830
0.00621080
0.00590520
0.00583650
0.00594920
0.00619490
0.00576340
0.00610250
0.00626550
0.00625950
0.00609730
0.00651400
0.00649450
0.00636740
0.00618030
0.00652820
0.00641500
0.00635190
0.00643340
0.00629330
0.00639910
0.00626120
0.00632300
0.00661920
0.00659350
0.00669390
0.00627700
0.00654560
0.00634180
0.00664820
0.00632680
0.00629310
0.00729440
0.00746900
0.00769650
0.00789290
0.00856790
0.00853670
0.00826560
0.00830550
0.00838740
0.00793020
0.00769730
0.00816040
0.00774560
0.00774550
0.00768410
0.00766900
0.00812710
0.00774850
0.00849270
0.00792140
0.00835440
0.00831760
0.00837850
0.00810140
0.00837450
0.00817200
0.00799230
0.00853320
0.00858330
0.00846910
0.00841240
0.00831800
0.00799320
0.00846850
0.00832940
0.00807920
0.00841380
0.00829680
0.00836430
0.00781780
0.00844280
0.00796500
0.00785110
0.00826460
0.00792830
0.00785500
0.00806420
0.00850670
0.00839990
0.00788560
0.00778230
0.00792260
0.00849080
0.00804120
0.00934080
0.00847610
0.00799760
0.00814700
0.00878110
0.00871670
0.00890570
0.00860990
0.00861360
0.00848660
0.00874040
0.00869580
0.00914930
0.00856820
0.00937440
0.00921530
