0.25774830
0.00519180
0.00543270
0.00624200
0.00733630
0.00534130
0.00561340
0.00661030
0.00579760
0.00525570
0.00548360
0.00545810
0.00539430
0.00690050
0.00595060
0.00602780
0.00649680
0.00620450
0.00585640
0.00505930
0.00577210
0.00532160
0.00524430
0.00547040
0.00512170
0.00518320
0.00530280
0.00530080
0.00512840
0.00542530
0.00509610
0.00499840
0.00502970
0.00496940
0.00520300
0.00528990
0.00549770
0.00539810
0.00506930
0.00507560
0.00536090
0.00527160
0.00542680
0.00517750
0.00515030
0.00504280
0.00506150
0.00521110
0.00518520
0.00504310
0.00521590
0.00526360
0.00462860
0.00502660
0.00571650
0.00577830
0.00664990
0.00611650
0.00548080
0.00515460
0.00530110
0.00521350
0.00510770
0.00679140
0.00544250
0.00500630
0.00538370
0.00605920
0.00686410
0.00733860
0.00518910
0.00533020
0.00687630
0.00559030
0.00542640
0.00919220
0.00754520
0.00498440
0.00530790
0.00531260
0.00516670
0.00768390
0.00546610
0.00534040
0.00581580
0.00540850
0.00531200
0.00630520
0.00537760
0.00525520
0.00679760
0.00648890
0.00507780
0.00543030
0.00525740
0.00522110
0.00510180
0.00497890
0.00499540
0.00516440
0.00509920
0.00471440
0.00509160
0.00496960
0.00540580
0.00487340
0.00502350
0.00547320
0.00462370
0.00457760
0.00457550
0.00480690
0.00487480
0.00453000
0.00466050
0.00487080
0.00462550
0.00488480
0.00476110
0.00482850
0.00478210
0.00666490
0.00490250
0.00510300
0.30871140
0.00493560
0.00576580
0.00481750
0.00457970
0.00505120
0.00515120
0.00482780
0.00482640
0.00459660
0.00518340
0.00486280
0.00426960
0.00542140
0.00486870
0.00496810
0.00503200
0.00523920
0.00494950
0.00509750
0.00497150
0.00537210
0.00469450
0.00521520
0.00496570
0.00475300
0.00489630
0.00504420
0.00444470
0.00471460
0.00465010
0.00468350
0.00486680
0.00508390
0.00485370
0.00479200
0.00508690
0.00507980
0.00518910
0.00500960
0.00516770
0.00477980
0.00472390
0.00487780
0.00448670
0.00456310
0.00485110
0.00485100
0.00480440
0.00490570
0.00520230
0.00494260
0.00517030
0.00513310
0.00486450
0.00517930
0.00473880
0.00528590
0.00470790
0.00461740
0.00490030
0.00520120
0.00506270
0.00537580
0.00500760
0.00562320
0.00558240
0.00523660
0.00503820
0.00528490
0.00562030
0.00547140
0.00501240
0.00489040
0.00559390
0.00533420
0.00537750
0.00538500
0.00567380
0.00503840
0.00506940
0.00549650
0.00552680
0.00473550
0.00519080
0.00545330
0.00536480
0.00524440
0.00542800
0.00484660
0.00532680
0.00516780
0.00538610
0.00526260
0.00534990
0.00529440
0.00556900
0.00556880
0.00537090
0.00510470
0.00753100
0.00509100
0.00514860
0.00554980
0.00472140
0.00512660
0.00539050
0.00574060
0.00527650
0.00507110
0.00499550
0.00494400
0.00510420
0.00516740
0.00521380
0.00492960
0.00490540
0.00526510
0.00490670
0.00490920
0.00493610
0.00454350
0.00526410
0.00476380
0.00499150
0.00487060
0.00498010
0.00498320
0.00500170
0.00500700
0.00446700
0.00461560
0.00655980
0.00479340
0.00519680
0.00597650
0.00672200
0.00481460
0.00480000
0.00486230
0.00466570
0.00473730
0.00487100
0.00489840
0.00624710
0.00476590
0.00517430
0.00507150
0.00497500
0.00496020
0.00503810
0.00474100
0.00544460
0.00516120
0.00509060
0.00587660
0.00549260
0.00451780
0.00477090
0.00534410
0.00531670
0.00527720
0.00505530
0.00544590
0.00501060
0.00529500
0.00510970
0.00511700
0.00507620
0.00519700
0.00470860
0.00521060
0.00586450
0.00494790
0.00567370
0.00458680
0.00483070
0.00509450
0.00461090
0.00511850
0.00541710
0.00526920
0.00535700
0.00644190
0.00475110
0.00572160
0.00666440
0.00551620
0.00477850
0.00467300
0.00494680
0.00524000
0.00491150
0.00505080
0.00503950
0.00503460
0.00466280
0.00532040
0.00515720
0.00516010
0.00516920
0.00477650
0.00508080
0.00513650
0.00484950
0.00523000
0.00498050
0.00567030
0.00514790
0.00515900
0.00543770
0.00533650
0.00450640
0.00513690
0.00476120
0.00520780
0.00540630
0.00534320
0.00484590
0.00509020
0.00496230
0.00502990
0.00505600
0.00526560
0.00547790
0.00536820
0.00615690
0.00501480
0.00521710
0.00484110
0.00484250
0.01310940
0.01029120
0.00572130
0.01186790
0.00642610
0.00500100
0.00516370
0.00512870
0.00567250
0.00488550
0.00535800
0.00541800
0.00511490
0.00537060
0.00525570
0.00500150
0.00487340
0.00500810
0.00567430
0.00525440
0.00548740
0.00595250
0.00615380
0.00540520
0.00571830
0.00530250
0.00524980
0.00496060
0.00547260
0.00471060
0.00671620
0.00528970
0.00513190
0.00535560
0.00531760
0.00521760
0.00530770
0.00510300
0.00533500
0.00472860
0.00547430
0.00554610
0.00543920
0.00492160
0.00516880
0.00535890
0.00561170
0.00506540
0.00537530
0.00501880
0.00522260
0.00678790
0.00521700
0.00556520
0.00465270
0.00502550
0.00528190
0.00551050
0.00562810
0.00537220
0.00519940
0.00560590
0.00527050
0.00685190
0.00519930
0.00615280
0.00503870
0.00626720
0.00539420
0.00528250
0.00548380
0.00488210
0.00525090
0.00546340
0.00503430
0.00536660
0.00528020
0.00499380
0.00479350
0.00535440
0.00517750
0.00517720
0.00532310
0.00521180
0.00545780
0.00507440
0.00483910
0.00496340
0.00555980
0.00480110
0.00468680
0.00533160
0.00495640
0.00542250
0.00521360
0.00549820
0.00495810
0.00508060
0.00508060
0.00464730
0.00503230
0.00523000
0.00483280
0.00481720
0.00495960
0.00510390
0.00459920
0.00482710
0.00524500
0.00492740
0.00531220
0.00486400
0.00489900
0.00506180
0.00470170
0.00517000
0.00476360
0.00491830
0.00466010
0.00484950
0.00487130
0.00495290
0.00484750
0.00483230
0.00490710
0.00474480
0.00443900
0.00502420
0.00528170
0.00488040
0.00559150
0.00488630
0.00487290
0.00473660
0.00503200
0.00504130
0.00487240
0.00483520
0.00482250
0.00489380
0.00511300
0.00539710
0.00464890
0.00468720
0.00466640
0.00489980
0.00518960
0.00479280
0.00473460
0.00498750
0.00544930
0.00491370
0.00467000
0.00515030
0.00454410
0.00487290
0.00482350
0.00598830
0.00509210
0.00486450
0.00509240
0.00530020
0.00560940
0.00529030
