0.21562640
0.00576910
0.00613650
0.00616480
0.00582110
0.00521110
0.00506750
0.00500640
0.00520090
0.00540590
0.00553020
0.00574530
0.00517480
0.00503440
0.00542520
0.00543630
0.00519830
0.00514040
0.00535410
0.00533660
0.00528250
0.00522550
0.00537440
0.00505770
0.00518820
0.00497330
0.00534820
0.00507240
0.00506190
0.00503420
0.00522230
0.00550030
0.00544490
0.00550030
0.00545150
0.00539540
0.00506370
0.00503300
0.00547900
0.00502520
0.00507950
0.00551720
0.00502090
0.00496620
0.00493620
0.00515800
0.00605700
0.00558710
0.00539500
0.00520780
0.00476030
0.00483370
0.00440970
0.00438700
0.00431280
0.00442870
0.00461230
0.00448530
0.00443610
0.00427480
0.00424020
0.00424080
0.00416700
0.00429480
0.00451040
0.00448170
0.00449520
0.00471470
0.00475530
0.00477480
0.00483280
0.00467690
0.00491660
0.00482550
0.00464960
0.00485550
0.00451760
0.00435070
0.00432130
0.00478360
0.00462770
0.00455600
0.00458390
0.00446530
0.00480160
0.00472890
0.00464810
0.00412220
0.00421700
0.00436790
0.00432550
0.00423680
0.00451200
0.00432170
0.00417690
0.00535560
0.00427240
0.00459510
0.00449440
0.00437690
0.00428820
0.00401830
0.00426670
0.00421720
0.00432810
0.00466540
0.00469900
0.00410040
0.00432930
0.00442760
0.00417290
0.00444200
0.00465610
0.00460820
0.00467890
0.00458130
0.00491990
0.00517400
0.00479870
0.00432520
0.00424030
0.00441150
0.00457200
0.00407810
0.00431960
0.00411370
0.00449270
0.00443600
0.00424660
0.00421570
0.00421720
0.00419770
0.00437450
0.00399460
0.00390250
0.00391240
0.00399800
0.00437530
0.00407260
0.00413950
0.00421930
0.00421040
0.00430740
0.00434850
0.00396590
0.00387780
0.00394550
0.00437670
0.00437850
0.00428660
0.00446090
0.00436860
0.00394810
0.00400930
0.00414050
0.00415780
0.00449140
0.00434770
0.00427970
0.00000000
0.00000000
0.00000000
0.00000000
0.22577980
0.00438610
0.00434370
0.00420620
0.00415820
0.00418810
0.00393430
0.00478340
0.00387110
0.00375550
0.00369970
0.00372230
0.00372400
0.00388970
0.00423130
0.00414920
0.00407880
0.00371950
0.00393570
0.00417090
0.00382400
0.00398170
0.00412480
0.00418140
0.00423480
0.00443080
0.00446330
0.00431650
0.00425240
0.00400960
0.00402530
0.00394510
0.00398360
0.00376340
0.00378700
0.00372610
0.00426440
0.00382570
0.00392930
0.00401060
0.00409790
0.00405340
0.00417270
0.00368910
0.00363730
0.00376850
0.00406570
0.00373690
0.00386140
0.00425820
0.00398020
0.00398210
0.00386000
0.00372050
0.00399150
0.00394980
0.00375350
0.00374150
0.00405880
0.00400330
0.00388490
0.00422700
0.00426700
0.00447530
0.00416240
0.00396770
0.00383930
0.00376750
0.00376890
0.00404480
0.00403330
0.00392100
0.00408460
0.00402090
0.00406970
0.00432750
0.00412410
0.00387250
0.00402840
0.00402960
0.00434550
0.00424240
0.00427640
0.00414450
0.00418880
0.00433080
0.00433320
0.00434050
0.00415410
0.00385560
0.00382730
0.00379900
0.00000000
0.00000000
0.00000000
0.00000000
0.20966320
0.00450320
0.00458330
0.00425720
0.00426180
0.00423550
0.00421500
0.00417630
0.00412780
0.00404830
0.00422180
0.00428480
0.00437580
0.00460140
0.00428890
0.00434720
0.00409620
0.00376120
0.00374500
0.00393760
0.00380220
0.00376820
0.00378910
0.00375350
0.00383850
0.00418700
0.00409710
0.00410240
0.00407970
0.00412150
0.00397380
0.00390270
0.00417140
0.00411460
0.00390230
0.00367830
0.00372410
0.00363080
0.00369340
0.00372280
0.00366590
0.00366970
0.00360760
0.00373710
0.00390100
0.00390200
0.00393100
0.00386970
0.00367880
0.00371110
0.00370980
0.00382040
0.00398860
0.00399490
0.00401910
0.00425590
0.00422720
0.00403100
0.00406430
0.00437140
0.00432520
0.00418060
0.00424620
0.00446970
0.00436560
0.00398470
0.00394480
