0.26232840
0.00611630
0.00604140
0.00615560
0.00616030
0.00639470
0.00715930
0.00601170
0.00671490
0.00602350
0.00695920
0.00593290
0.00639740
0.00555130
0.00682040
0.00662410
0.00681160
0.00659270
0.00646780
0.00791930
0.00629780
0.00765600
0.00581130
0.00709570
0.00623870
0.00633160
0.00611060
0.00601260
0.00612100
0.00656300
0.00616990
0.00670570
0.00609630
0.00661960
0.00588300
0.00660680
0.00813280
0.00612350
0.00675010
0.00627540
0.00659860
0.00633220
0.00665800
0.00639750
0.00691270
0.00581260
0.00618160
0.00626100
0.00672020
0.00800030
0.00628310
0.00689910
0.00616890
0.00647400
0.00654970
0.00792150
0.00794230
0.00649810
0.00711270
0.00612290
0.00712070
0.00782770
0.00665960
0.00693060
0.00683630
0.00724160
0.00667550
0.00712770
0.00782880
0.00686080
0.00711020
0.00692150
0.00755140
0.00669840
0.00674330
0.00778050
0.00660630
0.00819240
0.00673420
0.00703890
0.00668420
0.00688370
0.00676510
0.00764990
0.00842640
0.00741760
0.00735300
0.27911300
0.00709150
0.00688120
0.00729700
0.00840640
0.00688940
0.00725380
0.00736190
0.00724110
0.00732770
0.00738300
0.00843420
0.00702150
0.00744820
0.00745950
0.00738900
0.00741180
0.35226650
