0.53002710
0.02503080
0.03009800
0.02636490
0.03203570
0.02646360
0.02538040
0.02395900
0.02123760
0.01889230
0.01856610
0.02016010
0.01886560
0.01867280
0.01857670
0.01992930
0.02041600
0.01906040
0.02739690
0.01933960
0.02131290
0.01765140
0.01869000
0.01904290
0.01680420
0.01645240
0.00810810
0.00806660
0.00824790
0.01034620
0.00865770
0.00955100
0.00814170
0.00888400
0.00702480
0.00873510
0.00871320
0.00820950
0.00860000
0.01275010
0.00886110
0.00810040
0.00827350
0.00838020
0.00858970
0.00856020
0.01073250
0.00994060
0.00945560
0.01134200
0.01022250
0.00917790
0.29303690
0.00863940
0.00808720
0.00828190
0.01014240
0.00883740
0.00827240
0.00954650
0.00896260
0.00812020
0.00902070
0.00830920
0.00805060
0.00797210
0.00792610
0.00797990
0.00813970
0.00771970
0.00748810
0.00900040
0.01021260
0.00813100
0.00828700
0.00909080
0.00929900
0.00943730
0.00976590
0.01169650
0.00993710
0.00922510
0.00927790
0.01049090
0.01037870
0.01128040
0.01022770
0.00955490
0.00964840
0.00901210
0.00912090
0.00992420
0.00996950
0.00982700
0.01028140
0.00946390
0.00962330
0.00922300
0.01004170
0.01105430
0.01235390
0.01060380
0.01007040
0.01027110
0.01010620
0.01115620
0.01021470
0.01075570
0.01026890
0.01023560
0.01170630
0.01073140
0.01075130
0.01332700
0.01016140
0.01068730
0.01026950
0.01172310
0.01114300
0.01091010
0.01077770
0.01115250
0.01129540
0.01020460
0.01029820
0.01085700
0.01016130
0.01174030
0.01139330
0.01035770
0.01098880
0.01100700
0.01213390
0.01063170
0.01294490
0.01027650
0.01170940
0.01275410
