0.21852230
0.00547700
0.00539930
0.00554840
0.00537640
0.00531120
0.00532720
0.00532030
0.00519050
0.00519620
0.00535750
0.00538940
0.00529320
0.00544700
0.00536430
0.00541450
0.00544740
0.00530650
0.00542550
0.00537840
0.00542450
0.00541230
0.00540030
0.00531070
0.00547310
0.00541160
0.00544440
0.00532420
0.00525610
0.00568990
0.00523890
0.00525940
0.00525400
0.00514520
0.00533330
0.00524900
0.00508130
0.00421500
0.00432590
0.00414420
0.00460770
0.00457270
0.00467080
0.00466640
0.00476410
0.00443640
0.00441850
0.00447600
0.00430810
0.00415260
0.00450470
0.00425910
0.00474550
0.00521900
0.00448010
0.00454310
0.00464570
0.00428840
0.00424760
0.00438570
0.00448400
0.00439370
0.00440100
0.00437560
0.00455360
0.00443550
0.00451800
0.00435070
0.00461170
0.00440270
0.00440220
0.00442600
0.00437360
0.00387380
0.00400730
0.00388990
0.00407130
0.00439560
0.00453820
0.00392650
0.00435060
0.00428710
0.00408340
0.00416940
0.00379440
0.00396900
0.00413660
0.00407630
0.00405150
0.00395170
0.00394740
0.00395830
0.00403910
0.00401350
0.00432830
0.00414600
0.00399890
0.00369990
0.00372170
0.00389470
0.00425090
0.00404030
0.00413730
0.00401840
0.00408350
0.00427910
0.00384170
0.00376090
0.00401760
0.00419710
0.00421950
0.00417370
0.00419650
0.00402910
0.00421800
0.00417790
0.00418870
0.00402350
0.00472700
0.00379560
0.00402640
0.00405970
0.00412590
0.00394210
0.00364470
0.00363920
0.00379840
0.00365990
0.00364570
0.00374640
0.00459060
0.00408520
0.00407560
0.00414730
0.00398110
0.00411500
0.00408350
0.00391940
0.00418790
0.00421140
0.00421940
0.00422770
0.00410360
0.00402460
0.00422860
0.00402970
0.00396830
0.00385920
0.00389260
0.00374760
0.00412540
0.00403270
0.00393750
0.00373930
0.00415880
0.00421280
0.00402840
0.00385060
0.00403940
0.00385580
0.00401930
0.00392640
0.00387180
0.00387910
0.00379800
0.00385070
0.00375840
0.00376640
0.00365490
0.00377930
0.00385560
0.00443690
0.00386190
0.00411940
0.00400190
0.00396190
0.00413850
0.00395220
0.00000000
0.00000000
0.00000000
0.00000000
0.20898680
0.00391390
0.00419530
0.00399390
0.00394650
0.00388270
0.00395640
0.00389390
0.00383140
0.00374440
0.00382280
0.00372160
0.00367000
0.00373020
0.00377090
0.00387060
0.00426780
0.00370290
0.00386860
0.00376110
0.00366700
0.00354210
0.00359980
0.00354110
0.00352360
0.00351650
0.00350440
0.00349710
0.00367040
0.00423510
0.00361250
0.00365170
0.00387670
0.00392000
0.00379880
0.00384180
0.00399290
0.00434010
0.00386900
0.00374860
0.00408780
0.00378400
0.00393320
0.00399220
0.00392630
0.00433790
0.00395180
0.00356740
0.00351320
0.00351780
0.00374540
0.00378790
0.00391010
0.00462550
0.00378290
0.00388730
0.00382250
0.00375110
0.00373310
0.00385100
0.00382570
0.00362340
0.00357620
0.00355630
0.00356820
0.00372190
0.00368060
0.00359510
0.00411710
0.00402140
0.00389240
0.00387840
0.00382400
0.00386680
0.00382100
0.00376520
0.00380790
0.00385240
0.00391710
0.00361370
0.00364790
0.00354100
0.00351950
0.00372360
0.00368370
0.00361780
0.00377470
0.00390140
0.00407260
0.00405550
0.00406300
0.00387810
0.00386060
0.00348840
0.00347590
0.00356450
0.00371160
0.00376600
0.00378230
0.00406050
0.00397870
0.00406260
0.00393170
0.00394420
0.00391100
0.00402400
0.00397000
0.00392820
0.00373750
0.00395040
0.00389670
