0.21446670
0.00446470
0.00472820
0.00478280
0.00494380
0.00456450
0.00448350
0.00425790
0.00442700
0.00424170
0.00448320
0.00428290
0.00408040
0.00405670
0.00417400
0.00390240
0.00432790
0.00446520
0.00405940
0.00417690
0.00430830
0.00436570
0.00433350
0.00464640
0.00435980
0.00464260
0.00398390
0.00409380
0.00458610
0.00414530
0.00419200
0.00435880
0.00430240
0.00417730
0.00430820
0.00416430
0.00442980
0.00433400
0.00412210
0.00449300
0.00426940
0.00426650
0.00421360
0.00418990
0.00413800
0.00399830
0.00435280
0.00458060
0.00430190
0.00403220
0.00434910
0.00434400
0.00437450
0.00462700
0.00452040
0.00436740
0.00442160
0.00465610
0.00427720
0.00422720
0.00426960
0.00447410
0.00438290
0.00422510
0.00427640
0.00439040
0.00428950
0.00452950
0.00446660
0.00427800
0.00457170
0.00442770
0.00425420
0.00419360
0.00435130
0.00416250
0.00426420
0.00396440
0.00397970
0.00450520
0.00435490
0.00453280
0.00422650
0.00448220
0.00451010
0.00441940
0.00413940
0.00404820
0.00451720
0.00443790
0.00446720
0.00443980
0.00424110
0.00448520
0.00456320
0.00443630
0.00460230
0.00446440
0.00458750
0.00494350
0.00443550
0.00455680
0.00451680
0.00427500
0.00453220
0.00429570
0.00448750
0.00447320
0.00431310
0.00438660
0.00485900
0.00507520
0.00458770
0.00488910
0.00494040
0.00496490
0.00480990
0.00441270
0.00493240
0.22507820
0.00447200
0.00455540
0.00443750
0.00417340
0.00445920
0.00441490
0.00442480
0.00459290
0.00443120
0.00451940
0.00437210
0.00423520
0.00407700
0.00434530
0.00470530
0.00471120
0.00458410
0.00458360
0.00503260
0.00515960
0.00533830
0.00494590
0.00486380
0.00505200
0.00453110
0.00474400
0.00506360
0.00520810
0.00551460
0.00506810
0.00490990
0.00529080
0.00546180
0.00577080
0.00497470
0.00530770
0.00505890
0.00515280
0.00507020
0.00534430
0.00542270
0.00470990
0.00473940
0.00538780
0.00558560
0.00523540
0.00491580
0.00508620
0.00558360
0.00524000
0.00528880
0.00472360
0.00538010
0.00509910
0.00482710
0.00485930
0.00504190
0.00535970
0.00516300
0.00541000
0.00542200
0.00529930
0.00476400
0.00508690
0.00510900
0.00535920
0.00564340
0.00558330
0.00527260
0.00544110
0.00572630
0.00534430
0.00561160
0.00535710
0.00515530
0.00527190
0.00572180
0.00523750
0.00508430
0.00546680
0.00566450
0.00532730
0.00578180
0.00559020
0.00565660
0.00595270
0.00592500
0.00556890
0.00574810
0.00579560
0.00552620
0.00545310
0.00554830
0.00571120
0.00577860
0.00537020
0.00544120
0.00551730
0.00546510
0.00538400
0.00543460
0.00544470
0.00520830
0.00574620
0.00548580
0.00564300
0.00539010
0.00534820
0.00543060
0.00549130
0.00570530
0.21849380
0.22170190
0.22702880
0.21273320
0.22557100
0.21403840
0.21782350
0.22413630
0.22567690
0.21170220
0.22635170
0.26945710
0.27260760
0.27467860
0.26252230
0.27015030
0.26476920
0.27421390
0.26857500
0.27238020
0.25918680
0.26883550
0.21501760
0.21149390
0.21990290
0.21404450
0.22680120
0.23813080
0.21875050
0.21654630
0.00693870
0.00713600
0.00686820
0.00698770
0.00660120
0.00694130
0.00730290
0.00723900
0.26397880
0.02093200
0.01586970
0.01561610
0.01586920
0.01571290
0.01566190
0.01552340
0.01593290
0.01525370
0.00583590
0.00594020
0.00590820
0.00604890
0.00622470
0.00579300
0.00545960
0.00615740
0.00567930
0.00560500
0.00565490
0.00571000
0.00581690
0.00606390
0.00639380
0.00549050
0.00538760
0.00523070
0.00599970
0.00551910
0.00572750
0.00572710
0.00578610
0.00603190
0.21490220
0.00568690
0.00544550
0.00520230
0.00524380
0.00518070
0.00510350
0.00495930
0.00513070
0.00549840
0.00543430
0.00496100
0.00546570
0.00526500
0.00534680
0.00504510
0.20947540
0.00499230
0.00499760
0.00520410
0.00510850
0.00525230
0.00519020
0.00535060
0.00524140
0.00534280
0.00539670
0.00552350
0.00530970
0.00512230
0.00507300
0.00544410
0.22353430
0.22847430
0.21238680
0.00563660
0.00564630
0.00544510
0.00552200
0.00578810
0.00524920
0.00569390
0.00549250
0.00547680
0.00500560
0.00554210
0.00513280
0.00558430
0.00516430
0.00545630
0.00519500
0.00530250
0.00518960
0.00521410
0.00506420
0.00512140
0.00521560
0.00520790
0.00522370
0.00496330
0.00529750
0.00512680
0.00513710
0.00510150
0.00513130
0.00502440
0.00531170
0.00565140
0.00532480
0.00531600
0.00518660
0.00495460
0.00519660
0.00538470
0.00512810
0.00521400
0.00489630
0.00518000
0.00519550
0.00549760
0.00504240
0.00497700
0.00499880
0.00509690
0.00526510
0.00541120
0.00524120
0.00480440
0.00485270
0.00513730
0.00500050
0.00528560
0.00515240
0.00528630
0.00503450
0.00513910
0.00505770
0.00506980
0.00517530
0.00529750
0.00523500
0.00499630
0.00513380
0.00511570
0.00518290
0.21269220
0.00491190
0.00504460
0.20829380
0.00526900
0.00550710
0.00473060
0.00543870
0.00501320
0.00547090
0.00494190
0.00510730
0.00513410
0.00537030
0.00510640
0.00502480
0.00501180
0.00550640
0.00484070
0.22409530
0.00499430
0.00539160
0.00514960
0.00480060
0.00512590
0.00507370
0.00489030
0.00474420
0.00483010
0.00490590
0.00512890
0.00508910
0.00521230
0.00513280
0.00520210
0.00499800
0.00520090
0.00505200
0.00473070
0.00484070
0.00510870
0.00501610
0.00506520
0.00491950
0.00486440
0.00476440
0.00461220
0.00453140
0.00476700
0.00495890
0.00474990
0.00489570
0.00475940
0.00459280
0.00513350
0.00508500
0.00510140
0.00525400
0.00520450
0.00485930
0.00481580
0.00486360
0.00496840
0.00508330
0.00490650
0.00486350
0.00518370
0.00514620
0.00463350
0.00510580
0.00473850
0.00504000
0.00516420
0.00499500
0.00494390
0.00469100
0.00478520
0.00512790
0.00505870
0.00502280
0.00521670
0.00498600
0.00496130
0.00504910
0.00506050
0.00525030
0.00468840
0.00462460
0.00472520
0.00501470
0.00515480
0.00505010
0.00522680
0.00489370
0.00529420
0.00495280
0.00513230
0.00511460
0.00493950
0.00497890
0.00462350
0.00464230
0.00482500
0.00491530
0.00475370
0.00473600
0.00534990
0.00503370
0.00474490
0.00515460
0.00487610
0.00488690
0.00485920
0.00513510
0.00494740
0.00529880
0.00541860
0.00505890
0.00517060
0.00526670
0.00492430
0.00520210
0.00487780
0.00485560
0.00465970
0.00469870
0.00516630
0.00516130
0.00517580
0.00509150
0.00524630
0.00499380
0.00493090
0.00525640
0.00505970
0.00488480
0.00495500
0.00506660
0.00500230
0.00449710
0.00456760
0.00466850
0.00451400
0.00496560
0.00534930
0.00509430
0.00510380
0.00542760
0.00513360
0.00513550
0.00497800
0.00496080
0.00489610
0.00507540
0.00476720
0.00527410
0.00465910
0.00511150
0.00502290
0.00494200
0.00497340
0.00486000
0.00522410
0.00508350
0.00522250
0.00518310
0.00484630
0.00462400
0.00484280
0.00491130
0.00521520
0.00503090
0.00495910
0.00517790
0.21968210
0.00498710
0.00490370
0.00475930
0.00495660
0.00486920
0.00486880
0.00461440
0.00466500
0.00528090
0.00512060
0.00534820
0.00516150
0.00489060
0.00469910
0.00509280
0.00530450
0.00490060
0.00465650
0.00503950
0.00466300
0.00475860
0.00480920
0.00514180
0.00502260
0.00497460
0.00496590
0.00458240
0.00459660
0.00481420
0.00482180
0.00489870
0.00478440
0.00485070
0.22521470
0.00560140
0.00503040
0.00489290
0.00518850
0.00507730
0.00509190
0.00523950
0.00474510
0.00482370
0.00484410
0.00495800
0.00471200
0.00516440
0.00485850
0.00507190
0.00514580
0.00507110
0.00516770
0.00501270
0.00496190
0.00490880
0.00471520
0.00525840
0.00515370
0.00499490
0.00498790
0.00495870
0.00510720
0.00495910
0.00507490
0.00470060
0.00514320
0.00529920
0.00493420
0.00502980
0.00495280
0.00519440
0.00535930
0.00523580
0.00523550
0.00508780
0.00548810
0.00505480
0.00541530
0.00521400
0.00489980
0.00503870
0.00495750
0.00501860
0.00511430
0.00503550
0.00478220
0.00485070
0.00481360
0.00496040
0.00505890
0.00462220
0.00486610
0.00530240
0.00524850
0.00504670
0.00492170
0.00489290
0.00475620
0.00485460
0.00486560
0.00490780
0.21465940
0.00503380
0.00487750
0.00485680
0.00491430
0.00493480
0.00496210
0.00489440
0.00493410
0.00503980
0.00480380
0.00487400
0.00510130
0.00490100
0.00494100
0.00500050
0.00496520
0.00488480
0.00507900
0.00489250
0.00469420
0.00452340
0.00484040
0.00481230
0.00498630
0.00522340
0.22163670
0.00472370
0.00509140
0.00487730
0.00469170
0.00503390
0.00484390
0.00491030
0.00480540
0.00460790
0.00464950
0.00486790
0.00478560
0.00495250
0.00510040
0.00522740
0.00503610
0.00516310
0.00479650
0.22151040
0.00549000
0.00546430
0.00563570
0.00529290
0.00528800
0.00533080
0.00547560
0.00569310
0.00560970
0.00547160
0.00541170
0.00521130
0.00527940
0.00537520
0.00523590
0.00530050
0.00508590
0.00518990
0.00537580
0.00539800
0.00538680
0.00532260
0.00525170
0.00521830
0.00539080
0.00515640
0.00516790
0.00556450
0.00556100
0.00545010
0.00562430
0.00533610
0.00524150
0.00548540
0.00543200
0.00550800
0.00521930
0.00519980
0.00524360
0.00535910
0.00516230
0.00547780
0.00512040
0.00525050
0.00542810
0.00530670
0.00539110
0.00517540
0.00509370
0.00527150
0.00534860
0.00531840
0.00491720
0.00530030
0.00487480
0.00538390
0.00516630
0.00498540
0.00504650
0.00525500
0.00499340
0.00500130
0.00541000
0.00510650
0.00479750
0.00507990
0.00514710
0.00517790
0.00504010
0.00531690
0.00518850
0.00487800
0.00509350
0.00522720
0.00518340
0.00511010
0.00506920
0.00494520
0.00483660
0.00512970
0.00522030
0.00483910
0.00497140
0.00503250
0.00531110
0.00473850
0.00507520
0.00492480
0.00496710
0.00506220
0.00495210
0.00477550
0.00528570
0.00515320
0.00531580
0.00523030
0.00510920
0.00502850
0.00530320
0.00562060
0.00526590
0.00513440
0.00534570
0.00523510
0.00500660
0.00492230
0.00520120
0.00528550
0.00525410
0.00492570
0.00469730
0.00527130
0.00488560
0.00519500
0.00500350
0.00498390
0.00517980
0.00516890
0.00523490
0.00521130
0.00496370
0.00503870
0.00499690
0.00510130
0.00542160
0.00507620
0.00538110
0.00523950
0.00530830
0.00479760
0.00480760
0.00465810
0.00523170
0.00570820
0.00492840
0.00515960
0.00506450
0.00499320
0.00474300
0.00506780
0.00500510
0.00507280
0.00496540
0.00524350
0.00473220
0.00498900
0.00518850
0.00504750
0.00477950
0.00506330
0.00514950
0.00510580
0.00493790
0.00503200
0.00511470
0.00513580
0.00497730
0.00499470
0.00493100
0.00500360
0.00487700
0.00483760
0.00487870
0.00494110
0.00471310
0.00501730
0.00515580
0.00482570
0.00471420
0.00479960
0.00533550
0.00500960
0.00482720
0.00466090
0.00523060
0.00519200
0.00515190
0.00520890
0.00516250
0.00518100
0.00523330
0.00511630
0.00544340
0.00549400
0.00521040
0.00513140
0.00512280
0.00519390
0.00517870
0.00504360
0.00522020
0.00499470
0.00499720
0.00509650
0.00521270
0.00504890
0.00534710
0.00511070
0.00517590
0.00521220
0.00503620
0.00516730
0.00539280
0.00520820
0.00525110
0.00496350
0.00513830
0.00511480
0.00493500
0.00523420
0.00524330
0.00541330
0.00488250
0.00495380
0.00469280
0.00573740
0.00488260
0.00529860
0.00514450
0.00483610
0.00518530
0.00499080
0.00503580
0.00532530
0.00524460
0.00533130
0.00511590
0.00522030
0.00523560
0.00522100
0.00525690
0.00524590
0.00515300
0.00527220
0.00531320
0.21963700
0.00493720
0.00477580
0.00539610
0.00538890
0.00539170
0.00504920
0.00493990
0.00522820
0.00507640
0.00488970
0.00514020
0.00516120
0.00517860
0.00525240
0.00466150
0.00473050
0.00479400
0.00486770
0.00489190
0.00493730
0.00489620
0.00522460
0.00509020
0.00519930
0.00512090
0.00523610
0.00531650
0.00529300
0.00498730
0.00500680
0.00510170
0.00482660
0.00488520
0.00509030
0.00512120
0.00542150
0.00534030
0.00529380
0.00494070
0.00517450
0.00502380
0.00495220
0.00515480
0.00468210
0.00507190
0.00512920
0.00504610
0.00503430
0.00493910
0.00494480
0.00493730
0.00472190
0.00517360
0.00507440
0.00502990
0.00495280
0.00492890
0.00496120
0.00494080
0.23109040
0.00525580
0.00546630
0.00515080
0.00530710
0.00499980
0.00520710
0.00535370
0.00544300
0.00524760
0.00494230
0.00493380
0.00519030
0.00518260
0.00513070
0.00542270
0.00510570
0.00491810
0.00518090
0.00517410
0.00544230
0.00532640
0.00535700
0.00502070
0.00510630
0.00535540
0.00504710
0.00536700
0.00516500
0.00537990
0.00517660
0.00504520
0.00489930
0.00519820
0.00513030
0.00480850
0.00504830
0.00518880
0.00485140
0.00506230
0.00521790
0.00509930
0.00491560
0.00516120
0.00526220
0.00504700
0.00504730
0.00507820
0.00523660
0.00500190
0.00512800
0.00507260
0.00520420
0.00522290
0.00525940
0.00541530
0.00542900
0.00521350
0.00508750
0.00497810
0.00498860
0.00486080
0.00508470
0.00499280
0.00495560
0.00523490
0.00495840
0.00512280
0.00504080
0.00515510
0.00531230
0.00539400
0.00528950
0.00542230
0.00542740
0.00524360
0.00511410
0.00525440
0.00530390
0.00520270
0.00538960
0.00517570
0.00531780
0.00522450
0.00529810
0.00508580
0.00521130
0.00520130
0.00477890
0.00486820
0.00536960
0.00527800
0.00536700
0.00502730
0.00539780
0.00523040
0.23062170
0.00543370
0.00531730
0.00508460
0.00507340
0.00502490
0.00495170
0.00484060
0.00500710
0.00528110
0.00527600
0.00516070
0.00585190
0.00561320
0.00526020
0.00499630
0.00512870
0.00480350
0.00482300
0.00495520
0.00500850
0.00520730
0.00532550
0.00535410
0.00529310
0.00509910
0.00518090
0.00537450
0.00539670
0.00521150
0.00501790
0.00495400
0.00517890
0.00530350
0.00534140
0.00515070
0.00521640
0.00516290
0.00545950
0.00526280
0.00519550
0.00497110
0.00495690
0.00521580
0.00505140
0.00530050
0.00502090
0.00511310
0.00524840
0.00497920
0.00508780
0.00545170
0.00512930
0.00495660
0.00498700
0.00500120
0.00523030
0.00494140
0.00506560
0.00518590
0.00508930
0.00527750
0.00525510
0.00547360
0.00522740
0.00518820
0.00502810
0.00509090
0.00486090
0.00490220
0.00481690
0.00478470
0.00518710
0.00532300
0.00544810
0.00485190
0.00522790
0.00523310
0.00530350
0.00520540
0.00489810
0.00498610
0.00484550
0.00486400
0.00502550
0.00465230
0.00496370
0.00515520
0.00509880
0.00478090
0.00507200
0.00505640
0.00494420
0.00488260
0.00472340
0.00465370
0.00477620
0.00497420
0.00493390
0.00474580
0.00501580
0.00506380
0.00518560
0.00508340
0.00498430
0.00483980
0.00474710
0.00472480
0.00491360
0.00494390
0.00476930
0.00488460
0.00479550
0.00474150
0.00534520
0.00529540
0.00484450
0.00489690
0.00513460
0.00500090
0.00469300
0.00463640
0.00474890
0.00486980
0.00481080
0.00477320
0.00465730
0.00489500
0.00509270
0.00501800
0.00509490
0.00490630
0.00521950
0.00503600
0.00473900
0.00460590
0.00471680
0.00457630
0.03715980
0.03039830
0.01374090
0.00582160
0.00548760
0.00563130
0.00610820
0.00750240
0.00501930
0.00500570
0.00483720
0.00500770
0.00497960
0.00508160
0.00469460
0.00490680
0.00487550
0.00482330
0.00482490
0.00485440
0.22058310
0.00475150
0.00479610
0.00489940
0.00509630
0.00477440
0.00491300
0.00514430
0.00484950
0.00498790
0.00468480
0.00466600
0.00478560
0.00475200
0.00509640
0.00499090
0.00495810
0.00481450
0.00489420
0.00521240
0.00494840
0.00480570
0.00506380
0.00508840
0.00483600
0.00476460
0.00466630
0.00485340
0.00486710
0.00489670
0.00463410
0.00472200
0.00478430
0.00475040
0.00469660
0.00460950
0.00505450
0.00498310
0.00485280
0.00458110
0.00482690
0.00491400
0.00491750
0.00468940
0.00460650
0.00481240
0.00526190
0.00491500
0.00474260
0.00533270
0.00528950
0.00500330
0.00463470
0.00463490
0.00459370
0.00504850
0.00466320
0.00494830
0.00493060
0.00509100
0.00506470
0.00494280
0.00494280
0.00499480
0.00480050
0.00492080
0.00468990
0.00471480
0.00465440
0.00498810
0.00518110
0.00524500
0.00540200
0.00521440
0.00501480
0.00463710
0.00479080
0.00472900
0.00523830
0.00518150
0.00474760
0.00492340
0.00509260
0.00508530
0.00499050
0.00496310
0.00494660
0.00508600
0.00502970
0.00495640
0.00504090
0.00510050
0.00507530
0.00487220
0.00498920
0.00514370
0.00518550
0.00539190
0.00517900
0.00503260
0.00517800
0.00512260
0.00487610
0.00482300
0.00505320
0.00513030
0.00516690
0.00473600
0.00470670
0.00467990
0.00503810
0.00514150
0.00507890
0.00514260
0.00480620
0.00504590
0.00515410
0.21375520
0.00466760
0.00463460
0.00458200
0.00476600
0.00494610
0.00485850
0.00478220
0.00491470
0.00472230
0.00517200
0.00467770
0.00458310
0.00486430
0.00477110
0.00506980
0.00508550
0.00485460
0.00493120
0.00499290
0.00488270
0.00480330
0.00472280
0.00490360
0.00505290
0.00476200
0.00471980
0.00460490
0.00452970
0.00496590
0.00472190
0.00512900
0.00501860
0.00504870
0.00476770
0.00505660
0.00484130
0.00506550
0.00483080
0.00490550
0.00506940
0.00495150
0.00474800
0.00471920
0.00509480
0.00508770
0.00540950
0.00503290
0.00526110
0.00527280
0.00531470
0.00510900
0.00483430
0.00502790
0.00475170
0.00461510
0.00519950
0.00525800
0.00500130
0.00482460
0.00500720
0.00526380
0.00478500
0.00464920
0.00512840
0.00496580
0.00526190
0.00503150
0.00511710
0.00505960
0.00498960
0.00491610
0.00515040
0.00524260
0.00519330
0.00512860
0.00451720
0.00507790
0.00488160
0.00527580
0.00534690
0.00504110
0.00482930
0.00505730
0.00511630
0.00509920
0.00506950
0.00517060
0.00484440
0.00513200
0.00492840
0.00494590
0.00513400
0.00509940
0.00501790
0.00452170
0.00480090
0.00499160
0.00516150
0.00498800
0.00502150
0.00516800
0.00455810
0.00465400
