0.21736020
0.00537430
0.00502690
0.00602320
0.00555400
0.00545750
0.00538600
0.00601510
0.00541360
0.00524280
0.00566940
0.00555190
0.00526840
0.00488740
0.00557550
0.00545630
0.00487410
0.00481860
0.00558660
0.00491220
0.00460480
0.00452280
0.00526460
0.00503920
0.00522020
0.00501860
0.00593710
0.00589510
0.00531330
0.00492320
0.00518180
0.00546360
0.00537150
0.00541440
0.00517890
0.00504520
0.00516460
0.00478290
0.00456130
0.00477000
0.00492640
0.00503190
0.00461390
0.00525490
0.00501180
0.00499920
0.00532180
0.00520410
0.00560790
0.00543220
0.00506110
0.00529780
0.00569290
0.00584720
0.00561450
0.00511400
0.00491330
0.00555020
0.00575620
0.00576850
0.00511780
0.00567330
0.26207280
0.32071490
0.23364610
0.20767900
0.21953460
0.21583810
0.21642210
0.00639540
0.00741990
0.00623710
0.00670260
0.00685610
0.00673540
0.00671420
0.00632250
0.00633450
0.00630740
0.00671870
0.00657370
0.00638340
0.00627770
0.00631590
0.00685330
0.00683270
0.00642740
0.00669310
0.00649400
0.00645090
0.00633610
0.00642650
0.00630240
0.00647540
0.00638750
0.00641730
0.00661920
0.00605040
0.00615020
0.00629950
0.00638010
0.00636200
0.00672710
0.00628740
0.00640810
0.00677380
0.00671350
0.00674910
0.00659940
0.00646140
0.00609140
0.00618900
0.00625650
0.00668460
0.00638730
0.00665930
0.00672060
0.00678920
0.00602170
0.00644530
0.00625260
0.00628840
0.00654380
0.00638330
0.00638200
0.00621840
0.00655020
0.00603750
0.00634630
0.00615340
0.00611250
0.00668850
0.00646560
0.00612390
0.00580150
0.00601040
0.00596670
0.00582410
0.00563870
0.00591880
0.00616920
0.00626420
0.00607860
0.00618550
0.00630220
0.00614290
0.00602430
0.00585720
0.00579550
0.00565730
0.00565740
