0.22976990
0.00917490
0.00857920
0.00882110
0.00853760
0.00866220
0.00851100
0.00832970
0.00827180
0.00829360
0.00846380
0.22211390
0.00870520
0.00946370
0.00849820
0.00862870
0.00940720
0.00872120
0.00872190
0.00912230
0.00902420
0.00885200
0.00856840
0.00840870
0.00842350
0.00797440
0.00795190
0.00848960
0.00799820
0.00854050
0.00836730
0.00838370
0.00854920
0.00818060
0.00865270
0.00833440
0.21947450
0.22164660
0.22496430
0.00729580
0.00752410
0.00759190
0.27255660
0.02001420
0.01450300
0.01510940
0.01545580
0.01647950
0.00604350
0.00583620
0.00603440
0.00635280
0.00593970
0.00590360
0.00586660
0.00592690
0.00586720
0.00617550
0.00616550
0.00655640
0.00618120
0.00593280
0.00623940
0.00633080
0.00599150
0.00633610
0.00622420
0.00610840
0.00634520
0.00640610
0.00582830
0.00622700
0.00604450
0.00645310
0.00595770
0.00594720
0.00627510
0.00598750
0.00641140
0.20944970
0.20433530
0.22813670
0.21366900
0.21285400
0.22128420
0.21105090
0.21237960
0.24684250
0.02166340
0.01599370
0.01563830
0.01630430
0.01604630
0.01602260
0.01615050
0.01609490
0.01450690
0.01451610
0.01443920
0.01473650
