0.31870350
0.00901240
0.00952130
0.01023310
0.01034810
0.01068180
0.00882400
0.00938330
0.00891950
0.00812570
0.00804480
0.00832220
0.00782630
0.00851350
0.00884380
0.00861660
0.00805810
0.00832330
0.00770050
0.00754910
0.00771550
0.00794140
0.00762300
0.00758020
0.00788980
0.00767370
0.00789390
0.00687920
0.00689230
0.00738560
0.00708630
0.00717550
0.00727140
0.00760510
0.00686720
0.00715280
0.00748000
0.00653940
0.00656690
0.00664160
0.00637230
0.00661400
0.00726540
0.00656360
0.00673840
0.00674070
0.00701320
0.00661690
0.00620200
0.00639900
0.00621120
0.00740560
0.00807050
0.00684750
0.00732570
0.00753960
0.00744530
0.00714630
0.00664950
0.00650870
0.00688740
0.00645480
0.00728740
0.00780700
0.00773760
0.00755270
0.00769550
0.00720590
0.00712940
0.00770900
0.00714890
0.00762910
0.00672960
0.00737240
0.00872990
0.00789700
0.00697880
0.00702660
0.00686670
0.00712920
0.00726790
0.00719970
0.00719060
0.00795370
0.00698200
0.00668940
0.00667950
0.00673780
0.00653240
0.00839640
0.00713270
0.00667700
0.00665690
0.00826480
0.00765810
0.00686180
0.00674150
0.00746170
0.00718230
0.00681290
0.00675200
0.00691240
0.00847250
0.00777620
0.00676500
0.00698860
0.00663200
0.00669170
0.00762370
0.00745140
0.00681660
0.00632950
0.00736190
0.00672880
0.00681690
0.00695500
0.00647830
0.00800920
0.00661530
0.00862570
0.00783510
0.00732320
0.00881100
0.00766840
0.00723120
0.00706300
0.00698910
0.00689490
0.00705360
0.00694220
0.00702110
0.00661570
0.00705650
0.00706140
0.00728780
0.00702000
0.00679160
0.00679200
0.00722060
0.00682420
0.00692770
0.00740910
0.00690620
0.00787030
0.00707590
0.00718600
0.00648120
0.00717980
0.00723260
0.00776150
0.00733270
0.00797150
0.00729550
0.00783420
0.00769100
0.00787080
0.00684420
0.00702670
0.00798910
0.00906980
0.00751740
0.00820090
0.00711810
0.00701140
0.00738140
0.00683680
0.00922500
0.00782390
0.00763140
0.00807770
0.00704340
0.00856300
0.00824460
0.00817320
0.00734530
0.00704190
0.00732410
0.00746860
0.00915840
0.00841610
0.00999170
0.00763910
0.00760390
0.00735380
0.00741380
0.00738260
0.00821290
0.00774460
0.01252020
0.00739460
0.00726190
0.01098220
0.00813420
0.00713930
0.00806010
0.00747350
0.00735940
0.00748170
0.00744590
0.00743730
0.00748860
0.00709780
0.00774970
0.00805100
0.00755740
0.00710840
0.00712320
0.00677290
0.00690620
0.00668920
0.00662310
0.00652520
0.00673380
0.00635250
0.00662260
0.00687010
0.00657740
0.00662940
0.00691100
0.00650870
0.00623420
0.00641950
0.00674510
0.00620650
0.00584340
0.00658890
0.00592660
0.00680450
0.00674350
0.00642210
0.00664830
0.00597920
0.00628600
0.00674790
0.00642020
0.00615110
0.00654070
0.00634970
0.00650960
0.00657910
0.00649050
0.00641460
0.00585490
0.00628100
0.00713010
0.00641100
0.00599440
0.00630090
0.01039510
0.00683240
0.00664720
0.00620500
0.00835260
0.00684980
0.00629920
0.00638640
0.00640490
0.00641820
0.00594240
0.00638500
0.00623530
0.00596230
0.00678910
0.00597780
0.00655420
0.00867030
0.00968800
0.00732100
0.00906230
0.00670420
0.00635980
0.00637840
0.00685010
0.00601660
0.00644330
0.00622520
0.00587020
0.00619710
0.00730910
0.00631850
0.00634520
0.00658700
0.00795590
0.00646600
0.00786690
0.00647560
0.00666810
0.00656570
0.00631220
0.00617490
0.00624970
0.00583770
0.00647300
0.00637730
0.00629230
0.00627710
0.00583830
0.00620200
0.00622940
0.00737130
0.00657680
0.00610390
0.00669420
0.00619310
0.00630930
0.00622020
0.00596950
0.00662470
0.00665830
0.00649040
0.00660260
0.00605920
0.00632750
0.00641590
0.00685240
0.00613200
0.00638210
0.00612110
0.00665330
0.00625290
0.00610810
0.00682960
0.00665120
0.00602120
0.00579430
0.00669020
0.00629630
0.00577820
0.00589000
0.00651790
0.00618920
0.00698880
0.00588470
0.00585160
0.00632380
0.00645780
0.00696980
0.00688410
0.28758550
0.00733170
0.00758230
0.00742890
0.00787190
0.00760770
0.00770880
0.00748060
0.00745680
0.00711380
0.00787500
0.00747660
0.00753750
0.00758800
0.00776520
0.00758530
0.00827380
0.00756980
0.00789190
0.00719750
0.00876610
0.00636550
0.00668400
0.00661710
0.00706180
0.00691100
0.00646270
0.00655280
0.00638000
0.00681810
0.00670070
0.00672560
0.00661690
0.00673700
0.00709360
0.00722590
0.00824440
0.00852810
0.00751330
0.00851140
0.00884720
0.00695830
0.00728720
0.00710910
0.00751760
0.00726340
0.00779680
0.00724020
0.00777830
0.00766870
0.00698980
0.00836950
0.00750540
0.00894320
0.00743120
0.00691160
0.00768380
0.00790080
0.00767130
0.00672470
0.00694220
0.00765610
0.00713310
0.00771600
0.00750780
0.01235260
0.00789450
0.00780410
0.01005390
0.00706430
0.00735550
0.00729680
0.00727220
0.00729510
0.00710670
0.00753840
0.00719040
0.00758390
0.00773350
0.00754320
0.00812380
0.00794020
0.00748720
0.00713950
0.00736620
0.00764710
0.00776780
0.00736230
0.00707360
0.00905620
0.00758430
0.00761000
0.00667870
0.00677550
0.00765810
0.00726320
0.00744630
0.00679860
0.00744210
0.00738090
0.00728230
0.00721000
0.00683300
0.00780100
0.00712920
0.00790700
0.00772610
0.00794070
0.00702870
0.00747640
0.00756290
0.00724620
0.00719770
0.00728550
0.00784340
0.00718140
0.00760480
0.00762390
0.00765300
0.00840940
0.00813740
0.00772880
0.00716930
0.00723630
0.00730980
0.00740000
0.00775260
