0.20864650
0.00658220
0.00630660
0.00692730
0.00708740
0.00727730
0.00763030
0.00720350
0.00643920
0.00596180
0.00632880
0.00624760
0.00620200
0.00681000
0.00718140
0.00725520
0.00728600
0.00633970
0.00584190
0.00664420
0.00715060
0.00693240
0.00673750
0.00674720
0.00571360
0.00663690
0.00599370
0.00613470
0.01337790
0.00590700
0.00645700
0.00559360
0.00621360
0.00652070
0.00625230
0.00643670
0.00550800
0.00681730
0.00662230
0.00609390
0.00616460
0.00573950
0.00600870
0.00536570
0.00546350
0.00589590
0.00612480
0.00631880
0.00575140
0.00549180
0.00541360
0.00612170
0.00571800
0.00512500
0.00542970
0.00629960
0.00514490
0.00551790
0.00588660
0.00579390
0.00576970
0.00549400
0.00551210
0.00583030
0.00579470
0.00559680
0.00508260
0.00558780
0.00535720
0.00580740
0.00594150
0.00558490
0.00546390
0.00542340
0.00537120
0.00493450
0.00512800
0.00506920
0.00453510
0.00503260
0.00476040
0.00459030
0.00500560
0.00496420
0.00509390
0.00494320
0.00477720
0.00496380
0.00479840
0.00511110
0.00495360
0.00428480
0.00477100
0.00476720
0.00470710
0.00489090
0.00462110
0.00487000
0.00489500
0.00444050
0.00462410
0.00430150
0.00490450
0.00480830
0.00464510
0.00454390
0.00471740
0.00475970
0.00443400
0.00465710
0.00484410
0.00490990
0.00502930
0.00500830
0.00499010
0.00515110
0.00504500
0.00520970
0.00464180
0.00495350
0.00476700
0.00454490
0.00491970
0.00451500
0.00447230
0.21490700
0.00463050
0.00473690
0.00453710
0.00458600
0.00470460
0.00471970
0.00475920
0.00459760
0.00445330
0.00499620
0.00509960
0.00517680
0.00516360
0.00540830
0.00497960
0.00543960
0.00511700
0.00492500
0.00515350
0.00486800
0.00540310
0.00530060
0.00486390
0.00516770
0.00523780
0.00488280
0.00508330
0.00493330
0.00423450
0.00455990
0.00466170
0.00465660
0.00462810
0.00464290
0.00438880
0.00483060
0.00438160
0.00448350
0.00476310
0.00492000
0.00491030
0.00479450
0.00508240
0.00468670
0.00447890
0.00424120
0.00413870
0.00458080
0.00488060
0.00459950
0.00454530
0.00449310
0.00461810
0.00464370
0.00428350
0.00426940
0.00442830
0.00489380
0.00491850
0.00472110
0.00437810
0.00479790
0.00459060
0.00448840
0.00419460
0.00426340
0.00501250
0.00479640
0.00436590
0.00426140
0.00506500
0.00472410
0.00476630
0.00454660
0.00491280
0.00435230
0.00445180
0.00445930
0.00493610
0.00452900
0.00415770
0.00459680
0.00465510
0.00461500
0.00497810
0.00479440
0.00434970
0.00481050
0.00447110
0.00525320
0.00452940
0.00427200
0.00435990
0.00452730
0.00406970
0.00441690
0.00461390
0.00455140
0.00440110
0.00468450
0.00455150
0.00463610
0.00468670
0.00468290
0.00463990
0.00447510
0.00468130
0.00468340
0.00438550
0.00395850
0.00469030
0.00452520
0.00408940
0.00447590
0.00432690
0.00454900
0.00446970
0.00416200
0.00435310
0.00422650
0.00413000
0.00391360
0.00419380
0.00403770
0.00418680
0.00449840
0.00433090
0.00431680
0.00445890
0.00452120
0.00393750
0.00422260
0.00426070
0.00418230
0.00401370
0.00532680
0.00458220
0.00412300
0.00410850
0.00406910
0.00408520
0.00398190
0.00406910
0.00439440
0.00412370
0.00404460
0.00429190
0.00420940
0.00394670
0.00413010
0.00394510
0.00408900
0.00432280
0.00445590
0.00438960
0.00427520
0.00437270
0.00440560
0.00408220
0.00399950
0.00401210
0.00401790
0.00434090
0.00442010
0.00435210
0.00432930
0.00435750
0.00428290
0.00417080
0.00392350
0.00386790
0.00406320
0.00436350
0.00448010
0.00431870
0.00421310
0.00409220
0.00421380
0.00394920
0.00422950
0.00402990
0.00416810
0.00421690
0.00455350
0.00474180
0.00435900
0.00450710
0.00421490
0.00452170
0.00390660
0.00457910
0.00420060
0.00445870
0.00417340
0.00440620
0.00422180
0.00471540
0.00432250
0.00413930
0.00422010
0.00465350
0.00421380
0.00439750
0.00400400
0.00469420
0.00438180
0.00416370
0.00409850
0.00429850
0.00411310
0.00416530
0.00440340
0.00405130
0.00447240
0.00448300
0.00444280
0.00435060
0.00449970
0.00436320
0.00407290
0.00418490
0.00425730
0.00411580
0.00384650
0.00470900
