0.24275040
0.00667910
0.00577810
0.00545660
0.00581400
0.00575280
0.00570950
0.00585800
0.00575170
0.00542460
0.00559750
0.00581930
0.00568300
0.00595770
0.00587560
0.00576830
0.00542530
0.00509340
0.00549220
0.00722720
0.00943960
0.00615360
0.00590000
0.00558140
0.00533170
0.00559040
0.00490120
0.00542150
0.00526310
0.00515910
0.00562960
0.00565140
0.00534840
0.00527170
0.00518260
0.00546140
0.00474790
0.00519370
0.00493950
0.00509800
0.00532340
0.00478020
0.00513880
0.00504210
0.00457840
0.00482020
0.00451170
0.00584890
0.00587950
0.00534840
0.00547130
0.00497600
0.00589470
0.00535910
0.00478450
0.00509550
0.00472330
0.00471720
0.00565280
0.00475280
0.00541270
0.00661340
0.01080340
0.00594230
0.00544640
0.00635130
0.00521360
0.00501060
0.00496940
0.00474980
0.00447070
0.00449310
0.00514880
0.00480910
0.00494380
0.00460290
0.00427010
0.00423710
0.00449930
0.00490190
0.00429810
0.00526850
0.00494710
0.00476110
0.00430550
0.00470620
0.00460210
0.00485190
0.00493930
0.00487050
0.00474910
0.00502270
0.00483180
0.00499470
0.00531330
0.00610600
0.00621010
0.00801650
0.00654350
0.00612530
0.00697860
0.00552060
0.00621450
0.00587240
0.00571840
0.00578620
0.00480950
0.00638560
0.00549210
0.00483840
0.00505490
0.00487550
0.00439110
0.00492830
0.00498740
0.00456800
0.00485350
0.00485440
0.00469470
0.00472980
0.00442480
0.00456530
0.00470600
0.00474840
0.00473050
0.00488250
0.00499510
0.00499380
0.00437450
0.00504980
0.00454400
0.00439700
0.00504850
0.00491660
0.00420690
0.00435000
0.00415240
0.00412320
0.00464940
0.00494930
0.00411330
0.00411560
0.00416700
0.00435980
0.00429440
0.00453670
0.00473460
0.00450400
0.00468910
0.00481560
0.00456300
0.00469880
0.00449480
0.00456960
0.00445900
0.00446260
0.00452390
0.00458900
0.00430780
0.00449030
0.00455110
0.00440900
0.00427980
0.00437320
0.00436050
0.00427530
0.00505180
0.00480460
0.00481900
0.00428740
0.00474640
0.00443720
0.00520770
0.00403490
0.00414740
0.00420210
0.00468280
0.00646830
0.00456610
0.00441360
0.00460450
0.00466880
0.00442170
0.00432050
0.00442590
0.00440030
0.00592490
0.00452670
0.00443230
0.00442120
0.00459840
0.00430210
0.00399420
0.00451000
0.00430000
0.00445810
0.00441880
0.00468120
0.00424160
0.00412940
0.00450560
0.00403150
0.00395110
0.00426540
0.00415630
0.00412490
0.00425860
0.00439370
0.00458680
0.00444680
0.00437400
0.00435920
0.00435150
0.00429240
0.00452190
0.00489060
0.00481380
0.00453290
0.00430450
0.00480630
0.00449350
0.00432340
0.00443740
0.00475050
0.00408250
0.00442280
0.00517050
0.00559080
0.00418190
0.00439880
0.00430560
0.00470620
0.00428090
0.00452520
0.00415100
0.00449670
0.00470520
0.00483670
0.00473490
0.00701310
0.00443600
0.00473900
0.00462070
0.00550020
0.00511050
0.00433640
0.00432010
0.00543860
0.00441840
0.00468990
0.00439690
0.00436860
0.00431110
0.00447320
0.00453570
0.00456710
0.00441630
0.00435650
0.00467540
0.00451380
0.00505160
0.00443370
0.00444710
0.00458740
0.00519620
0.00436390
0.00411030
0.00412200
0.00449600
0.00454270
0.00451240
0.00428240
0.00448180
0.00466130
0.00466510
0.00444850
0.00438630
0.00438110
0.00446970
0.00436740
0.00426890
0.00406440
0.00403620
0.00430500
0.00430140
0.00456600
0.00443290
0.00566410
0.00468410
0.00454710
0.00505380
0.00433750
0.00396990
