0.21705390
0.00558040
0.00548800
0.00580350
0.00559560
0.00573530
0.00588590
0.00551040
0.00559680
0.00583120
0.00561100
0.00560450
0.00565890
0.00587390
0.00561450
0.00543160
0.00551320
0.00576290
0.00595470
0.00585600
0.00559140
0.00611440
0.00678340
0.00667850
0.00660020
0.00627010
0.00630970
0.00635370
0.00743430
0.00668780
0.00615880
0.00612340
0.00617960
0.00635740
0.00702450
0.00688380
0.00680650
0.00643520
0.00661100
0.00671160
0.00685800
0.00679300
0.00691480
0.00677200
0.00662860
0.00661790
0.00689910
0.00656480
0.00679430
0.00680060
0.00725230
0.00724750
0.00666250
0.00759470
0.00692900
0.00716160
0.00714560
0.00735710
0.00660150
0.00686450
0.00659510
0.00733180
0.00720890
0.00787000
0.00707530
0.00703460
0.00718250
0.00740630
0.00680410
0.00682870
0.00687430
0.00737690
0.00714940
0.00716590
0.00746760
0.00690790
0.00672490
0.00693890
0.00729190
0.00730560
0.00744120
0.00715290
0.00702620
0.00618140
0.00617430
0.00611550
0.00669510
0.00619880
0.00589280
0.00677630
0.00656720
0.00662910
0.00682840
0.00720180
0.00731510
0.00730580
0.00729990
0.00742200
0.00725790
0.00734240
0.00743440
0.00676620
0.00679650
0.00722020
0.00704830
0.00696760
0.00723190
0.00756770
0.00724470
0.00736440
0.00757070
0.00718560
0.00685160
0.00693000
0.00732700
0.00709370
0.00744910
0.00744090
0.00677230
0.00674820
0.00715220
0.00778740
0.00752970
0.00722930
0.00756920
0.00713860
0.00808220
0.00762750
0.00775860
0.00788820
0.00800380
0.00749170
0.00763550
0.00753270
0.00760310
0.00777550
0.00774280
0.00662350
0.00638450
0.00638890
0.00675650
0.00670950
0.00656550
0.00655950
0.00686510
0.00657090
0.00667460
0.00658880
0.00689340
0.00687460
0.00684530
0.00664270
0.00671490
0.00680310
0.00686380
0.00663320
0.00721490
0.00672160
0.00699480
0.00676540
0.00675000
0.00680220
0.00684150
0.00667750
0.00747680
0.00663620
0.00675890
0.00685880
0.00694500
0.00723090
0.00708820
0.00702350
0.00699030
0.00684810
0.00711600
0.00727560
0.00729250
0.00719570
0.00697960
0.00690700
0.00672600
0.00731150
0.00709070
0.00703440
0.00734780
0.00722870
0.00683680
0.00664970
0.00739610
0.00725670
0.00725590
0.00679700
0.00705040
0.00687170
0.00691880
0.00795720
0.00699180
0.00722210
0.00695450
0.00714820
0.00699440
