1
731.12,217.49,82.70,173.59
730.43,214.60,83.58,174.96
745.22,219.43,82.89,176.08
749.87,212.84,85.21,175.81
751.11,214.74,85.50,175.85
765.64,202.97,83.40,173.35
765.30,201.14,82.32,171.52
774.53,202.69,86.58,168.27
786.18,207.66,85.76,169.06
785.10,208.14,86.36,170.34
797.83,199.88,87.74,171.55
800.96,202.23,89.14,172.69
801.71,203.77,90.18,172.75
807.43,206.87,89.04,175.45
812.95,207.46,89.89,174.44
816.41,209.23,89.12,173.59
825.36,201.07,90.12,176.95
834.94,203.17,88.81,180.85
832.18,201.64,89.83,183.63
851.05,201.53,89.57,185.68
855.39,189.08,89.94,186.04
858.78,191.10,90.36,185.90
860.30,192.44,90.26,185.39
872.95,189.01,89.82,184.44
875.49,190.42,90.36,183.03
880.77,185.19,91.82,181.17
882.14,186.99,91.43,181.45
887.78,185.65,93.17,180.97
893.45,185.85,93.62,180.58
898.96,187.47,93.91,180.71
902.28,186.96,93.71,180.67
908.39,190.14,93.84,182.73
914.84,183.55,93.98,183.60
920.25,180.85,92.70,181.90
922.26,179.80,91.39,181.46
933.11,177.28,90.10,179.00
933.22,175.19,89.07,177.97
934.30,179.19,87.73,176.56
935.67,181.20,86.46,176.19
938.03,184.96,87.99,177.60
936.23,187.99,88.10,181.16
934.33,186.35,88.99,183.19
935.64,184.39,89.24,184.49
935.72,183.03,89.60,185.80
938.43,180.86,89.70,187.31
939.99,179.38,87.51,189.33
944.95,175.00,87.44,190.65
947.45,171.27,86.66,193.70
949.77,167.50,86.70,196.00
948.59,159.68,86.86,195.98
948.70,161.92,87.31,197.41
953.77,165.53,87.46,197.41
959.56,166.85,88.07,197.37
964.58,168.47,87.80,197.94
969.35,173.83,87.50,197.64
973.58,175.87,87.73,196.28
974.75,177.38,88.30,194.77
978.63,180.39,87.89,194.75
983.46,180.30,88.64,193.88
988.28,179.01,88.96,194.12
990.89,177.89,89.44,193.88
992.38,180.19,89.59,193.74
993.20,184.88,89.28,195.74
990.76,192.12,89.83,195.88
989.17,192.42,90.90,195.82
990.23,193.96,91.35,195.15
990.91,196.65,90.97,195.11
991.41,199.90,91.93,195.95
988.49,200.47,92.25,195.91
982.95,197.55,92.97,195.09
979.83,197.31,93.21,195.02
972.08,195.10,93.37,194.08
960.26,196.05,92.34,192.76
950.05,193.90,91.75,190.80
940.95,186.88,90.96,190.06
928.60,186.42,90.94,188.58
919.05,181.18,90.45,187.98
906.16,184.75,89.84,186.59
893.03,188.48,89.36,185.01
879.23,192.32,88.79,184.07
862.68,194.24,88.44,184.78
845.59,201.03,88.39,185.03
826.46,199.91,89.13,184.43
805.85,195.65,89.74,183.32
783.29,195.26,88.99,181.86
749.63,198.85,88.28,182.13
721.53,194.30,89.12,181.11
695.68,184.95,88.34,180.99
672.92,174.41,88.66,182.06
651.43,169.18,88.81,183.19
633.61,168.87,89.13,180.52
615.08,170.47,88.88,178.52
593.12,169.12,88.91,179.09
577.31,175.59,89.69,176.70
563.49,176.65,90.83,173.97
549.83,178.55,92.07,173.38
533.83,177.30,93.21,173.33
517.68,180.59,93.60,173.80
503.87,181.67,93.16,174.78
495.12,183.03,92.41,177.07
485.96,180.93,92.20,177.85
466.70,181.69,91.92,180.14
448.61,183.86,91.07,182.60
440.68,184.30,91.44,184.13
432.87,182.38,93.61,184.49
424.63,176.93,96.99,184.19
412.27,178.42,99.52,183.50
401.39,182.92,100.76,185.38
389.81,190.99,100.28,186.72
376.71,190.07,99.73,189.25
365.83,183.73,100.26,191.15
354.12,183.77,102.04,191.67
348.55,192.69,101.78,191.32
340.88,195.69,99.27,193.14
333.48,199.29,97.83,193.32
331.89,200.39,97.21,193.58
318.73,198.30,99.57,192.80
307.72,193.41,99.25,194.93
296.60,189.44,100.26,198.38
286.49,187.63,101.02,200.96
276.27,185.63,102.17,201.56
266.81,185.65,102.15,203.12
258.11,183.17,102.89,204.30
262.01,186.24,102.99,203.14
252.51,190.28,105.04,203.82
247.00,191.21,107.43,201.89
243.74,192.37,106.82,200.55
240.79,195.32,105.22,200.32
240.13,198.25,103.93,199.15
240.22,193.77,104.30,196.30
240.81,189.36,102.96,195.86
241.34,187.47,99.74,198.05
241.85,187.48,98.84,196.69
256.78,202.23,97.01,193.82
257.70,202.90,95.11,191.97
270.41,207.10,94.31,187.18
281.93,211.65,93.78,185.00
282.67,216.65,91.49,184.01
286.40,219.26,91.08,180.22
301.96,222.79,91.47,179.61
304.73,226.49,91.13,176.96
307.74,224.42,91.49,175.83
311.72,216.89,92.83,175.61
311.04,203.06,93.54,176.39
318.05,202.15,94.42,177.75
311.69,205.29,96.15,178.86
308.36,211.05,96.75,180.56
308.19,214.97,95.80,181.63
307.51,220.51,95.43,181.29
305.23,222.84,96.37,181.12
302.31,225.70,98.03,182.06
296.32,225.56,97.75,184.90
290.83,222.82,99.06,188.20
298.87,229.19,100.87,188.40
306.41,231.92,100.10,188.20
301.56,231.52,103.57,187.73
297.52,227.96,106.42,187.45
311.18,227.55,103.98,187.67
307.05,226.40,104.02,187.28
304.11,222.69,105.20,187.54
302.02,220.21,107.40,188.76
318.59,218.19,105.35,189.94
318.32,215.21,105.89,190.56
332.36,214.96,102.74,189.55
332.35,214.23,101.46,188.56
333.20,212.04,100.83,188.37
351.08,229.38,98.46,184.97
356.00,228.86,96.36,181.78
361.95,229.09,94.45,178.34
368.83,230.47,93.16,173.91
376.01,232.82,92.29,170.64
380.67,229.36,90.99,169.53
384.47,226.03,90.34,167.45
397.34,223.85,90.07,165.55
401.16,223.62,89.17,162.88
404.53,223.16,88.24,160.19
416.52,220.52,87.51,158.92
417.40,221.35,85.88,157.91
428.79,231.48,85.37,156.50
429.60,231.91,83.71,156.10
429.93,233.09,82.48,153.84
440.14,228.31,81.57,151.66
440.08,237.73,80.47,149.01
450.29,234.04,79.15,146.48
447.51,243.32,76.90,143.70
457.98,238.50,75.69,141.12
455.96,241.52,73.89,138.41
456.14,240.46,72.84,136.77
466.21,233.68,71.65,135.20
465.01,238.80,70.30,131.79
474.84,235.76,68.92,130.18
473.62,243.30,67.10,127.21
483.81,239.47,65.51,125.34
482.63,244.83,64.08,122.56
491.79,241.18,62.53,121.74
491.38,249.34,61.54,121.15
501.47,246.20,60.34,119.93
500.03,252.53,59.23,118.02
508.10,250.13,58.25,117.58
508.15,247.82,58.15,116.72
