0.22966880
0.00594030
0.00598660
0.00575040
0.00602320
0.00550220
0.00572350
0.00582740
0.00619750
0.00581820
0.00603490
0.00565600
0.00585450
0.00594080
0.00611660
0.00600710
0.00598520
0.00587840
0.00579160
0.00594110
0.00628400
0.00636950
0.00681180
0.00703800
0.00684310
0.00657190
0.00755280
0.00649680
0.00716440
0.00691990
0.00697810
0.00709670
0.00718170
0.00694880
0.00666460
0.00662870
0.00683270
0.00698800
0.00684800
0.00674930
0.00632410
0.00670720
0.00672000
0.00698160
0.00699570
0.00700420
0.00705260
0.00730600
0.00721250
0.00722730
0.00723330
0.00709050
0.00710100
0.00752060
0.00741150
0.00754080
0.00759380
0.00734580
0.00734260
0.00698200
0.00710730
0.00739930
0.00709570
0.00740070
0.00775520
0.00750630
0.00755670
0.00724880
0.00703680
0.00698090
0.00720710
0.00740290
0.00752880
0.00741720
0.00721830
0.00681180
0.00735850
0.00694590
0.00715660
0.00678570
0.00668020
0.00701550
0.00715920
0.00628160
0.00623230
0.00614320
0.00611970
0.00648040
0.00599270
0.00705840
0.00692310
0.00675800
0.00705840
0.00717960
0.00732880
0.00715430
0.00737630
0.00701970
0.00705780
0.00699520
0.00706930
0.00718160
0.00726860
0.00699710
0.00707420
0.00706820
0.00731670
0.00714130
0.00674310
0.00753660
0.00737030
0.00717160
0.00796850
0.00747810
0.00787200
0.00715840
0.00765020
0.00741750
0.00698560
0.00732780
0.00690350
0.00732910
0.00751770
0.00771060
0.00791000
0.00783130
0.00764450
0.00805900
0.00718100
0.00790940
0.00825120
0.00764810
0.00776020
0.00769950
0.00786210
0.00726320
0.00761570
0.00644920
0.00680140
0.00664180
0.00667680
0.00699540
0.00686520
0.00663600
0.00671740
0.00671610
0.00638950
0.00624500
0.00691640
0.00656490
0.00660280
0.00651180
0.00682250
0.00703640
0.00711740
0.00666220
0.00688310
0.00697290
0.00677020
0.00678420
0.00676730
0.00640380
0.00689970
0.00689820
0.00763200
0.00648130
0.00695540
0.00722310
0.00700220
0.00710580
0.00688190
0.00701520
0.00717870
0.00690780
0.00639930
0.00679520
0.00677640
0.00702400
0.00670130
0.00646290
0.00650170
0.00647440
0.00666320
0.00691060
0.00694380
0.00668110
0.00669200
0.00719460
0.00688150
0.00701370
0.00653920
0.00674590
0.00674200
0.00684940
0.00689190
0.00686440
0.00694710
0.00669890
0.00684800
0.00678070
0.00676590
