0.23198300
0.00713940
0.00724710
0.00725290
0.00709840
0.00698880
0.00719510
0.00717250
0.00694460
0.00692430
0.00714840
0.00725090
0.00727110
0.00679050
0.00678200
0.00688800
0.00721160
0.00723000
0.00701940
0.00696660
0.00707000
0.00699870
0.00720290
0.00688870
0.00710830
0.00733470
0.00712000
0.00735920
0.00728800
0.00701610
0.00708330
0.00692950
0.00684580
0.00718590
0.00731500
0.00723120
0.00725900
0.00734500
0.00700450
0.00740220
0.00685790
0.00738250
0.00728280
0.00709920
0.00729110
0.00739770
0.00712670
0.00743180
0.00765480
0.00722910
0.00707450
0.00713750
0.00783700
0.00760000
0.00775250
0.00793990
0.00778850
0.00749440
0.00772220
0.00774800
0.00757490
0.00802620
0.00772630
0.00741540
0.00739410
0.00721620
0.00756680
0.00742650
0.00752870
0.00767340
0.00758340
0.00747890
0.00769150
0.00753130
0.00748450
0.00793400
0.00832340
0.00845330
0.00780340
0.00830980
0.00814280
0.00834540
0.00826150
0.00841840
0.00855530
0.00845130
0.00862970
0.00857550
0.00860290
0.00865900
0.00879580
0.00840000
0.00830620
0.00833510
0.00854410
0.00862570
0.00886080
0.00877900
0.00922200
0.00897730
0.00903650
0.00851320
0.00872770
0.00863120
0.00916540
0.00876380
0.00854900
0.00837320
0.00855200
0.00872490
0.00869180
0.00898890
0.00853410
0.00862820
0.00877700
0.00908900
0.00939500
0.00941340
0.00899030
0.00880070
0.00956370
0.00955180
0.00968740
0.00951230
0.00973720
0.00917690
0.00993830
0.00930230
0.00981310
0.00970920
0.00907120
0.00924390
0.00892800
0.00990790
0.01000500
0.01001190
0.00899110
0.00922100
0.00935770
0.00984610
0.00960580
0.01003840
0.00989050
0.00961880
0.00930230
0.00949890
0.00953220
0.00984370
0.01071060
0.01006940
0.01022520
0.01030950
0.00997920
0.01086630
0.01034880
0.00998060
0.01023100
0.01006230
0.01010130
0.01021480
0.01019270
0.00975790
0.00960020
0.00950690
0.01000390
0.01030940
0.00986600
0.00983950
0.00941640
0.00933990
0.00893530
0.00939580
0.00877100
0.00971250
0.00921480
0.00892880
0.00891450
0.00942200
0.00952710
0.00913490
0.00912960
0.00888850
0.00901610
0.00940700
0.00981230
0.00901780
0.00910700
0.00904450
0.00915080
0.00924600
0.00952240
0.00962100
0.00919610
0.00952210
0.00935800
0.00943650
0.00961250
0.00896560
0.00878780
0.00903200
0.00922260
0.00928140
0.00896560
0.00914470
0.00848040
0.00841900
0.00879060
0.00816130
0.00797720
0.00888420
0.00884420
0.00849740
0.00971020
0.00924310
0.00921120
0.00909210
0.00920900
0.00950510
0.00888380
0.00960050
0.00890910
0.00922880
0.00937640
0.00940820
0.00903190
0.00945260
0.00915830
0.00935120
0.00913180
0.00875940
0.00929460
0.00899410
0.00908170
0.00925530
0.00927410
0.00898000
0.00962390
0.00907540
0.00920930
0.00947450
0.00920700
0.00972290
0.00952380
0.00939200
0.00987570
0.00928450
0.00962770
0.00968520
0.00918320
0.00936590
0.00968000
0.00951330
0.01027270
0.01033010
0.00982030
0.00957900
0.00954400
0.00952380
0.01029640
0.01044990
0.00998490
0.00995960
0.00974010
0.01094840
0.01047200
0.01041020
0.01090660
0.01050980
0.01087580
0.01066180
0.01081410
0.01092220
0.01114170
0.00999340
0.01013840
0.01046080
0.01137100
0.01145760
0.01197670
0.01059770
0.01121100
0.01029440
0.01060980
0.01072530
0.01169740
0.01166960
0.01040060
0.01059970
0.01069900
0.01108830
0.01071990
