0.21404780
0.00509950
0.00521990
0.00502430
0.00518510
0.00521220
0.00484980
0.00524860
0.00518540
0.00539510
0.00521020
0.00549640
0.00509740
0.00506190
0.00516580
0.00479100
0.00472280
0.00531600
0.00474790
0.00485690
0.00489300
0.00512020
0.00529080
0.00478120
0.00468800
0.00484550
0.00496060
0.00491680
0.00495550
0.00479580
0.00494780
0.00514910
0.00494260
0.00516220
0.00549340
0.00531980
0.00486740
0.00504850
0.00535640
0.00569800
0.00523800
0.00503010
0.00510010
0.00501420
0.00498610
0.00541560
0.00559530
0.00556050
0.00537550
0.00528510
0.00537950
0.00506840
0.00491020
0.00509060
0.00523690
0.00529580
0.00502100
0.00550870
0.00533200
0.00504680
0.00548510
0.00526340
0.00581290
0.00566760
0.00556540
0.00532180
0.00520170
0.00544890
0.00530980
0.00530570
0.00539090
0.00532590
0.00535650
0.00534830
0.00550480
0.00546140
0.00556610
0.00560960
0.00539280
0.00555940
0.00558500
0.00575740
0.00538720
0.00541120
0.00558780
0.00557380
0.00555520
0.00555960
0.00529400
0.00588710
0.00557890
0.00542940
0.00555760
0.00566980
0.00537050
0.00520710
0.00549260
0.00577310
0.00550580
0.00549830
0.00520210
0.00527560
0.00527480
0.00532880
0.00568580
0.00551400
0.00560400
0.00556040
0.00561740
0.00571310
0.00569580
0.00577500
0.00577520
0.00564050
0.00635400
0.00564900
0.00595560
0.00564940
0.00569320
0.00576080
0.00560210
0.00557010
0.00586780
0.00550870
0.00572870
0.00584140
0.00604930
0.00569640
0.00593160
0.00566330
0.00549280
0.00564090
0.00564210
0.00526700
0.00565590
0.00594180
0.00588480
0.00597390
0.00611440
0.00616280
0.00573070
0.00593750
0.00594880
0.00611070
0.00606860
0.00576250
0.00585040
0.00592200
0.00621380
0.00599900
0.00569520
0.00605250
0.00603750
0.00599690
0.00591650
0.00597340
0.00610140
0.00575540
0.00581100
0.00589310
0.00587010
0.00586630
0.00589610
0.00594910
0.00577360
0.00614920
0.00574340
0.00623180
0.00627360
0.00610200
0.00629090
0.00584120
0.00617960
0.00622660
0.00635560
0.00617870
0.00577490
0.00607240
0.00563370
0.00621170
0.00615480
0.00619900
0.00646500
0.00631130
0.00608840
0.00542500
0.00569970
0.00588310
0.00639370
0.00625970
0.00615510
