0.41088200
0.00891020
0.00804460
0.00688680
0.00723180
0.00597160
0.00510290
0.00536970
0.00530670
0.00516880
0.00525160
0.00516690
0.00538670
0.00524820
0.00514660
0.00493880
0.00753550
0.00494980
0.00490280
0.00477610
0.00482790
0.00503570
0.00643910
0.00609580
0.00560520
0.00501520
0.00545670
0.00868270
0.01164640
0.01093880
0.01198050
0.01301900
0.01047230
0.00589970
0.00501880
0.00504130
0.00495560
0.00507370
0.00508210
0.00509010
0.00495310
0.00528950
0.00521060
0.00510770
0.00503110
0.00501750
0.00529720
0.00515490
0.00510030
0.00505650
0.00534640
0.00515660
0.00519570
0.00519300
0.00499120
0.00511400
0.00501380
0.00490330
0.00497350
0.00514540
0.00510510
0.00464610
0.00482010
0.00421660
0.00443310
0.00488470
0.00442820
0.00467050
0.00452950
0.00431700
0.00461400
0.00451620
0.00445220
0.00442380
0.00433230
0.00433660
0.00415490
0.00453750
0.00431720
0.00464150
0.00437710
0.00466910
0.00476850
0.00595240
0.00409000
0.00471860
0.00460710
0.00440940
0.00437630
0.00447220
0.00410280
0.00424340
0.00431020
0.00469020
0.00421900
0.00436100
0.00541260
0.00487350
0.02031990
0.01609300
0.01130540
0.01228030
0.01355840
0.01169750
0.00763010
0.00472340
0.00508040
0.00469180
0.00485540
0.00501280
0.00444670
0.00473800
0.00524310
0.00456290
0.00464820
0.00472190
0.00481850
0.00478550
0.00440160
0.00493620
0.00495690
0.00460750
0.00478110
0.00468460
0.00456500
0.00501110
0.00519330
0.00450750
0.00480930
0.00499680
0.00468480
0.00456380
0.00472130
0.00466210
0.00474020
0.00498200
0.00468650
0.00505640
0.00553920
0.00552480
0.00509870
0.00590460
0.00530730
0.00507590
0.00506990
0.00516410
0.00461460
0.00545210
0.00511480
0.00463430
0.00510740
0.00462560
0.00461460
0.00438450
0.00444770
0.00407640
0.00442770
0.00457620
0.00482990
0.00504860
0.00444770
0.00446700
0.00424620
0.00460250
0.00451420
0.00433030
0.00436430
0.00443680
0.00452100
0.00459030
0.00475620
0.00464450
0.00425910
0.00438650
0.00457330
0.00473470
0.00443630
0.00436870
0.00491250
0.00452280
0.00450650
0.00442660
0.00570690
0.00456960
0.00486770
0.00436850
0.00406390
0.00387920
0.00468520
0.00447070
0.00450310
0.00435500
0.00443810
0.00444490
0.00475650
0.00468890
0.00473370
0.00487970
0.00454510
0.00490170
0.00448850
0.00466520
0.00482330
0.00456620
0.00497730
0.00483520
0.00481490
0.00449640
0.00490030
0.00474580
0.00512600
0.00462860
0.00491480
0.00442090
0.00499920
0.00477070
0.00426800
0.00472240
0.00464140
0.00474560
0.00474120
0.00486150
0.00472650
0.00478330
0.00450240
0.00476470
0.00465360
0.00481640
0.00475690
0.00487130
0.00473210
0.00475850
0.00506020
0.00477480
0.00503160
0.00445940
0.00451570
0.00472560
0.00472180
0.00497770
0.00480070
0.00430830
0.00455640
0.00431750
0.00472050
0.00471600
0.00446810
0.00442940
0.00471670
0.00471220
0.00456830
0.00441070
0.00447560
0.00411240
0.00451380
0.00445380
0.00400220
0.00404680
0.00437440
0.00418070
0.00482560
0.00430770
0.00467190
0.00464150
0.00484680
0.00426640
0.00434760
0.00443250
0.00557550
0.00510940
0.00510160
0.00471880
0.00403480
0.00464580
0.00441360
0.00448400
0.00421630
0.00432460
0.00471160
0.00503010
0.00452460
0.00433840
0.00442000
0.00443680
0.00474100
0.00473230
0.00443950
0.00451670
0.00480180
0.00466130
0.00467540
0.00483420
0.00510540
0.00994410
0.00826910
0.00669350
0.00567330
0.00816430
0.00563080
0.00577300
0.00717050
0.00581950
0.00560440
0.00690740
0.00506020
0.00543910
0.00511000
0.00436640
0.00469560
0.00492090
0.00457330
0.00490090
0.00520150
0.00486600
0.00502910
0.00518920
0.00491220
0.00556990
0.00478410
0.00485040
0.00461360
0.00493810
0.00503210
0.00472260
0.00518280
0.00492080
0.01249050
0.00746890
0.00724410
0.00690180
0.00622040
0.00577160
0.00534710
0.00593030
0.00529220
0.00579320
0.00564430
0.00874070
0.01049670
0.00488610
0.00466240
0.00473850
0.00483580
0.00437160
0.00477720
0.00536430
0.00456940
0.00578320
0.00488400
0.00470790
0.00504730
0.00454110
0.00512000
0.00475920
0.00475880
0.00462010
0.00471440
0.00433710
0.00488300
0.00441190
0.00467000
0.00468110
0.00468490
0.00495320
0.00470080
0.00462290
0.00426170
0.00483360
0.00451460
0.00450060
0.00459270
0.00396900
0.00446340
0.00449190
0.00472770
0.00481360
0.00470210
0.00487470
0.00527150
0.00475690
0.00514470
0.00463150
0.00497580
0.00497730
0.00468640
0.00476540
0.00541620
0.00500400
0.00485510
0.00486770
0.00476690
0.00543710
0.00465210
