0.22323340
0.00504240
0.00476960
0.00468640
0.00475810
0.00484590
0.00483810
0.00473760
0.00457900
0.00465950
0.00440430
0.00441440
0.00462720
0.00445910
0.00427370
0.00446790
0.00489100
0.00476130
0.00490510
0.00444570
0.00483110
0.00484280
0.00462450
0.00427580
0.00434340
0.00502420
0.00497580
0.00478630
0.00463820
0.00486950
0.00494390
0.00510770
0.00511350
0.00495230
0.00486650
0.00457480
0.00456580
0.00455820
0.00450200
0.00449090
0.00435890
0.00446470
0.00463340
0.00469810
0.00487100
0.00467610
0.00492410
0.00443980
0.00487940
0.00485380
0.00476620
0.00467640
0.00484530
0.00449310
0.00449120
0.00434980
0.00485710
0.00479930
0.00463760
0.00456550
0.00463410
0.00481960
0.00462120
0.00577100
0.00471770
0.00454740
0.00447710
0.00443480
0.00443970
0.00441560
0.00437790
0.00437030
0.00425760
0.00428990
0.00440590
0.00441810
0.00431650
0.00452590
0.00431260
0.00430810
0.00442180
0.00420120
0.00405400
0.00408260
0.00399610
0.00421200
0.00425690
0.00425300
0.00429360
0.00438150
0.00419890
0.00476730
0.00492620
0.00464780
0.00482160
0.00461630
0.00434440
0.00443170
0.00000000
0.00000000
0.00000000
0.00000000
0.20389430
0.00409670
0.00404740
0.00410850
0.00442310
0.00407210
0.00403570
0.00403720
0.00481520
0.00417270
0.00422980
0.00428340
0.00414640
0.00396830
0.00395820
0.00410110
0.00400710
0.00395790
0.00398650
0.00419610
0.00429900
0.00445650
0.00426860
0.00423880
0.00430090
0.00429970
0.00413870
0.00412060
0.00411950
0.00410760
0.00385500
0.00399350
0.00391480
0.00000000
0.00000000
0.00000000
0.00000000
0.20237910
0.00443780
0.00443520
0.00436000
0.00428000
0.00421850
0.00412310
0.00417380
0.00415140
0.00442110
0.00423510
0.00416970
0.00410830
0.00432740
0.00437800
0.00416530
0.00432230
0.00403880
0.00410720
0.00409570
0.00440150
0.00413070
0.00448360
0.00420100
0.00429400
0.00411630
0.00411040
0.00407140
0.00402080
0.00421020
0.00392030
0.00437890
0.00442450
0.00000000
0.00000000
0.00000000
0.00000000
0.21100280
0.00463300
0.00436800
0.00425240
0.00427610
0.00417990
0.00444190
0.00419140
0.00418230
0.00412400
0.00423480
0.00394740
0.00402240
0.00461000
0.00000000
0.00000000
0.00000000
0.00000000
0.21404080
0.00467690
0.00433820
0.00396680
0.00402610
0.00396860
0.00400970
0.00453640
0.00439540
0.00406780
0.00398750
0.00406120
0.00400870
0.00420400
0.00422310
0.00429040
0.00452520
0.00436540
0.00436620
0.00453260
0.00434330
0.00431070
0.00396580
0.00396710
0.00429480
0.00457960
0.00435460
0.00429430
0.00495500
0.00453590
0.00425830
0.00450370
0.00458800
0.00421240
0.00406870
0.00389210
0.00392910
0.00388810
0.00386170
0.00399750
0.00429940
0.00406450
0.00408320
0.00444300
0.00425230
0.00444470
0.00403070
0.00401560
0.00402440
0.00405390
0.00397050
0.00389520
0.00385030
0.00391200
0.00385780
0.00403050
0.00424110
0.00415110
0.00388260
0.00404540
0.00468610
0.00442400
0.00441320
0.00434800
0.00448340
0.00442710
0.00439170
0.00425330
0.00413100
0.00431200
0.00405990
0.00396470
0.00384040
0.00418230
0.00405650
0.00419670
0.00428390
0.00413420
0.00417700
0.00427230
0.00408410
0.00405410
0.00408600
0.00389420
0.00414110
0.00415840
0.00418830
0.00430730
0.00420810
0.00401060
0.00404820
0.00442410
0.00438770
0.00456890
0.00392770
0.00394090
0.00403860
0.00426490
0.00421040
0.00413960
0.00415550
0.00411550
0.00410840
0.00419870
0.00424860
0.00434150
0.00416770
0.00436450
0.00427550
0.00433040
0.00432990
0.00446710
0.00434140
0.00412040
0.00391200
0.00389700
