0.22915930
0.00896010
0.00869720
0.00879780
0.00938990
0.00911410
0.00863080
0.00971110
0.00979620
0.00927160
0.00979480
0.00916340
0.00910180
0.00922830
0.00931090
0.00913020
0.00952940
0.00963110
0.00951040
0.00987650
0.00918420
0.00923330
0.00916130
0.00951310
0.00934270
0.00979190
0.00992200
0.00925620
0.00989900
0.00990860
0.00918550
0.00954300
0.00948750
0.00973000
0.00989320
0.00990630
0.01015550
0.01003410
0.01012530
0.00976950
0.00996820
0.01011380
0.00993390
0.01020870
0.01030030
0.01021880
0.00981160
0.00960530
0.00976960
0.01000890
0.01013850
0.01010340
0.24318890
0.01160310
0.01083150
0.01074200
0.01127220
0.01043690
0.01104500
0.01123300
0.01127510
0.01108030
0.01065680
0.01081870
0.01255360
0.01056030
0.01103660
0.01097300
0.01086910
0.01108320
0.01117240
0.01085390
0.01036560
0.01026760
0.01080880
0.01048780
0.00989560
0.01038920
0.01047180
0.01016430
0.01097830
0.01090210
0.01051340
0.01070420
0.01106170
0.01108150
0.01032170
0.01113130
0.01109280
0.01107700
0.01085850
0.01060790
0.01096280
0.01071280
0.01140680
0.01057040
0.01040170
0.01051230
0.01098870
0.01097380
0.01099370
0.01066180
0.01095370
0.01139570
0.04721630
0.01235050
0.01758170
0.01246690
0.01194110
0.01235270
0.01192060
0.01333720
0.01136120
0.01108090
0.01149740
0.01137840
0.01126080
0.01170110
0.01174160
0.01150300
0.01166340
0.01138990
0.01116340
0.01132510
0.01140890
0.01155830
0.01079810
0.01166960
0.01235030
0.01155520
0.01160280
0.01142840
0.01140200
0.01140600
0.01234440
0.01233590
0.01165280
0.01181180
