0.21732780
0.01055670
0.00792610
0.00728150
0.00867010
0.00788440
0.00731480
0.00716670
0.00888780
0.00746990
0.00735750
0.00708590
0.00779960
0.00776720
0.00727880
0.00918900
0.00724150
0.00734360
0.00685200
0.00804150
0.00548110
0.00509970
0.00549660
0.00536610
0.00701710
0.00561520
0.00589950
0.00562120
0.00565000
0.00594050
0.00529280
0.00535120
0.00524090
0.00545350
0.00572340
0.00546470
0.00534920
0.00541490
0.00671180
0.00584190
0.00541740
0.00521050
0.00521960
0.00648390
0.00573450
0.00517230
0.00492240
0.00508740
0.00648680
0.00529020
0.00541620
0.00422640
0.00429470
0.00421720
0.00465630
0.00424240
0.00402500
0.00429890
0.00424150
0.00421550
0.21194000
0.20668060
0.00451160
0.00431880
0.00463550
0.21597010
0.22565720
0.20353890
0.22055710
0.20115600
0.00477670
0.00467530
0.00439230
0.00427530
0.00405660
0.00426150
0.00493420
0.00445730
0.00433660
0.00421020
0.00441350
0.00496140
0.00498610
0.00424180
0.00405120
0.00401990
0.00415850
0.00426090
0.00451950
0.00471310
0.00435310
0.00428170
0.00460620
0.00432550
0.00489790
0.00433360
0.00407990
0.00429910
0.00411030
0.00401520
0.00501100
0.00459280
0.00407370
0.00403020
0.00403620
0.00422540
0.00506580
0.00471570
0.00410050
0.00408050
0.00453020
0.00446350
0.00545930
0.00470330
0.00434200
0.00417570
0.00418490
0.00403340
0.00502420
0.00463760
0.00435850
0.00412110
0.00386270
0.00370590
0.00496090
0.00430630
0.00385200
0.00387840
0.00407120
0.00396060
0.00396100
0.00485130
0.00421960
0.00377250
0.00397960
0.00372380
0.00378190
0.00475030
0.00447850
0.00370720
0.00399120
0.00409060
0.00389350
0.00392950
0.00429480
0.00419520
0.00393980
0.00392500
0.00386540
0.00373860
0.00438090
0.00402860
0.00410750
0.00383190
0.00385380
0.00373450
0.00364090
0.00412050
0.00401430
0.00383480
0.00389110
0.00386730
0.00392840
0.00462270
0.00425450
0.00373230
0.00359620
0.00385740
0.00382650
0.00378020
0.00401200
0.00426480
0.00397980
0.00398130
0.00406840
0.00394450
0.00503140
0.00424310
0.00433630
0.00375030
0.00388970
0.00395570
0.00429050
0.00476510
0.00429100
0.00374170
0.00390180
0.00392240
0.00371570
0.00403590
0.00424120
0.00390800
0.00371820
0.00377190
0.00395150
0.00394330
0.00436490
0.00451900
0.00375660
0.00382440
0.00402630
0.00380020
0.00456270
0.00468630
0.00383710
0.00415100
0.00372280
0.00379880
0.00490470
0.00449790
0.00403710
0.00366140
0.00364570
0.00357970
0.00399690
0.00430120
0.00425950
0.00396320
0.00387160
0.00369810
0.00376500
0.00412750
0.00451550
0.00415070
0.00379660
