0.21920570
0.00755730
0.00656920
0.00622260
0.00686580
0.00625170
0.00754430
0.00643550
0.00598950
0.00657240
0.00660430
0.00601550
0.00661690
0.00614420
0.00774640
0.00663560
0.00579080
0.00631520
0.00554490
0.00579000
0.00631980
0.00575900
0.00689140
0.00589990
0.00595470
0.00586850
0.00569870
0.00557140
0.00613570
0.00619070
0.00587630
0.00634460
0.00573900
0.00599670
0.00618680
0.00560090
0.00699230
0.00618410
0.00610640
0.00628180
0.00573020
0.00572080
0.00621810
0.00571290
0.00557390
0.00640280
0.00567080
0.00715080
0.00604750
0.00583060
0.00634340
0.00564830
0.00533590
0.00619050
0.00572590
0.00585460
0.00640730
0.00557690
0.00543660
0.00646900
0.00584220
0.00717150
0.00565120
0.00582260
0.00721860
0.00579040
0.00588090
0.00613830
0.00610580
0.00567590
0.00619160
0.00598150
0.00578430
0.00642660
0.00599870
0.00568830
0.00595620
0.00582850
0.00541870
0.00621600
0.00598660
0.00584700
0.00648290
0.00568850
0.00579160
0.00650170
0.00573780
0.00729160
0.00589650
0.00563150
0.00703510
0.00560310
0.00555080
0.00698730
0.00559390
0.00530570
0.00621960
0.00625390
0.00528640
0.00561520
0.00629650
0.00567000
0.00646620
0.00580360
0.00529770
0.00534840
0.00608970
0.00550090
0.00552250
0.00607050
0.00549630
0.00548900
0.00586780
0.00536100
0.00514360
0.00591510
0.00551380
0.00508210
0.00637860
0.00566850
0.00551590
0.00651610
0.00549760
0.00531240
0.00666270
0.00553820
0.00548530
0.00669370
0.00572280
0.00540590
0.00674300
0.00598340
0.00577020
0.00597490
0.00533910
0.00557410
0.00683380
0.00581920
0.00550680
0.00595780
0.00540810
0.00517490
0.00701620
0.00591140
0.00530850
0.00641120
0.00564520
0.00529790
0.00657050
0.00593650
0.00553400
0.00683930
0.00564910
0.00543220
0.00582980
0.00572330
0.00547940
0.00638640
0.00579260
0.00541230
0.00671370
0.00589440
0.00545950
0.00579380
0.00603350
0.00541580
0.00588650
0.00581440
0.00544620
0.00579410
0.00579520
0.00581110
0.00575630
0.00563630
0.00550150
0.00650100
0.00535620
0.00529140
0.00703510
0.00580910
0.00548490
0.00709930
0.00535360
0.00530820
0.00541220
0.00595900
0.00518770
0.00552260
0.00617920
0.00559850
0.00540600
0.00609210
0.00513560
0.00550160
0.00579690
0.00526380
0.00515880
0.00632290
0.00553940
0.00525880
0.00638860
0.00581970
0.00546240
0.00556530
0.00596460
0.00535160
0.00519690
0.00592020
0.00539160
0.00547750
0.00570390
0.00535180
0.00529320
0.00667190
0.00575050
0.00504820
0.00648430
0.00533450
0.00521250
0.00517240
0.00599530
0.00540000
0.00531280
0.00547510
0.00549510
0.00544970
0.00574060
0.00554570
0.00548340
0.00558600
0.00552700
0.00515010
0.00661160
0.00572730
0.00510770
0.00568820
0.00579700
0.00531280
0.00568350
0.00544450
0.00552240
0.00585960
0.00551620
0.00552000
0.00573340
0.00533990
0.00558470
0.00573010
0.00519480
0.00541240
0.00603010
0.00549990
0.00537500
0.00660980
0.00565200
0.00527700
0.00599120
0.00569740
0.00547490
0.00577020
0.00565910
0.00524880
0.00603510
0.00559590
0.00533110
0.00584830
0.00546690
0.00525020
0.00599650
0.00552020
0.00541130
0.00584170
0.00514090
0.00487430
0.00616020
0.00555780
0.00529690
0.00599220
0.00556260
0.00517830
0.00598640
0.00524590
0.00521580
0.00567740
0.00550020
0.00527110
0.00598340
0.00545640
0.00524590
0.00591780
0.00548310
0.00537150
0.00583130
0.00549080
0.00522410
0.00616750
0.00569950
0.00716790
0.00625810
0.00540860
0.00589140
0.00561160
0.00519080
0.00663520
0.00605300
0.00574110
0.00596800
0.00593350
0.00567430
0.00604830
0.00586290
0.00524850
0.00574330
0.00508610
0.00562040
0.00598110
0.00547650
0.00566550
0.00619800
0.00545780
0.00511880
0.00594610
0.00571990
0.00646590
0.00579360
0.00522650
0.00646360
0.00573020
0.00566390
0.00594000
0.00556340
0.00568770
0.00602870
0.00558500
0.00551000
0.00647710
0.00583210
0.00666630
0.00542040
0.00523750
0.00579460
0.00539830
0.00515610
0.00593600
0.00502640
0.00527820
0.00578430
0.00514810
0.00499580
0.00582830
