0.20757010
0.00409460
0.00357000
0.00351650
0.00350620
0.00352620
0.00347230
0.00352780
0.00372030
0.00374340
0.00367160
0.00376790
0.00413140
0.00387360
0.00362170
0.00353350
0.00354190
0.00359910
0.00373220
0.00368150
0.00371160
0.00374430
0.00352120
0.00350680
0.00354580
0.00354470
0.00352570
0.00350410
0.00358430
0.00376050
0.00397470
0.00394110
0.00392750
0.00370220
0.00376070
0.00376410
0.00426440
0.00364830
0.00355950
0.00353490
0.00371040
0.00380450
0.00388310
0.00386300
0.00395460
0.00379730
0.00363880
0.00416720
0.00380820
0.00354080
0.00412600
0.00416590
0.00397390
0.00393640
0.00396420
0.00381110
0.00411860
0.00411800
0.00375960
0.00383230
0.00384220
0.00403440
0.00380150
0.00384440
0.00373390
0.00370990
0.00371930
0.00371120
0.00386450
0.00369790
0.00375520
0.00370750
0.00366260
0.00377440
0.00381060
0.00369520
0.00367430
0.00371360
0.00373860
0.00374950
0.00369100
0.00365200
0.00375350
0.00379200
0.00392890
0.00373540
0.00369210
0.00374850
0.00356240
0.00348740
0.00350620
0.00365070
0.00396250
0.00372040
0.00397000
0.00365120
0.00405330
0.00395600
0.00393420
0.00410410
0.00399840
0.00398780
0.00385430
0.00370050
0.00352690
0.00349370
0.00357230
0.00371820
0.00354720
0.00352710
0.00360960
0.00360090
0.00355170
0.00359180
0.00386620
0.00358910
0.00351420
0.00349860
0.00350910
0.00351330
0.00350220
0.00380730
0.00376530
0.00373660
0.00380230
0.00376490
0.00371960
0.00363360
0.00355490
0.00355270
0.00353010
0.00354790
0.00350240
0.00381650
0.00385850
0.00372560
0.00383330
0.00374730
0.00379730
0.00392520
0.00390170
0.00381610
0.00362600
0.00364640
0.00383410
0.00365130
0.00383550
0.00378580
0.00366410
0.00360980
0.00359270
0.00380090
0.00372570
0.00375130
0.00386150
0.00402320
0.00395150
0.00386170
0.00363290
0.00359450
0.00360110
0.00358470
0.00373140
0.00373200
0.00369470
0.00388060
0.00398170
0.00402910
0.00437350
0.00414640
0.00401940
0.00416160
0.00409650
0.00379640
0.00359890
0.00354260
0.00369500
0.00395720
0.00376470
0.00373550
0.00365900
0.00357470
0.00363970
0.00377430
0.00362380
0.00380020
0.00378720
0.00355840
0.00358120
0.00361600
0.00408100
0.00397430
0.00393490
0.00362300
0.00359110
0.00374050
0.00396330
0.00388230
0.00389460
0.00401250
0.00405350
0.00407160
0.00407600
0.00381920
0.00393340
0.00368220
0.00368780
0.00351680
0.00365240
0.00374580
0.00361330
0.00370880
0.00380470
0.00387420
0.00391120
0.00397510
0.00395150
0.00376000
0.00353150
0.00349610
0.00367390
0.00377930
0.00370530
0.00370410
0.00377290
0.00384210
0.00375800
0.00391410
0.00390910
0.00399820
0.00401830
0.00386640
0.00373170
0.00380080
0.00397940
0.00390160
0.00396050
0.00375840
0.00376970
0.00378160
0.00349940
0.00357230
0.00410380
0.00387170
0.00406000
0.00379360
0.00369820
0.00368000
0.00376790
0.00369820
0.00373870
0.00368520
0.00368900
0.00411860
0.00386530
0.00378320
0.00391420
0.00397400
0.00394600
0.00376410
0.00421610
0.00380010
0.00370850
0.00371590
0.00381670
0.00372860
0.00357520
0.00366740
0.00355230
0.00370890
0.00419500
0.00396100
0.00401870
0.00375190
0.00366610
0.00378290
0.00404460
0.00388990
0.00387270
0.00396200
0.00407460
0.00389480
0.00386650
0.00374940
0.00390990
0.00384460
0.00375260
0.00352840
0.00354160
0.00352250
0.00350540
0.00352040
0.00354360
0.00355140
0.00356820
0.00375840
0.00378820
0.00384920
0.00414850
0.00436730
0.00431490
0.00405930
0.00383930
0.00362050
0.00363380
0.00379510
0.00366680
0.00374980
0.00378690
0.00373980
0.00372780
0.00368540
0.00368220
0.00370570
0.00348940
0.00360720
0.00369980
0.00390490
0.00398140
0.00396630
0.00373600
0.00392540
0.00391790
0.00387120
0.00388580
0.00390650
0.00374830
0.00384410
0.00390100
0.00380870
0.00375830
0.00364710
0.00365280
0.00391490
0.00399840
0.00384250
0.00404560
0.00370290
0.00392850
0.00383590
0.00389270
0.00388970
0.00371560
0.00368640
0.00357080
0.00369910
0.00367580
0.00363140
0.00349830
0.00353200
0.00354920
0.00361920
0.00379950
0.00379200
0.00380430
0.00376890
0.00367850
0.00377890
0.00387570
0.00393430
0.00397880
0.00370940
0.00378550
0.00386940
0.00359350
0.00356250
0.00365550
0.00385270
0.00386550
0.00381630
0.00413250
0.00394190
0.00363190
0.00356260
0.00352640
0.00368430
0.00400820
