0.21663640
0.00690200
0.00704420
0.00699920
0.00771320
0.00700850
0.00701530
0.00680430
0.00669670
0.00667480
0.00668050
0.00676730
0.00614250
0.00658350
0.00699220
0.00618620
0.00673920
0.00667980
0.00684520
0.00677860
0.00692390
0.00660080
0.00614860
0.00629940
0.00574830
0.00648480
0.00600960
0.00617610
0.00601010
0.00583590
0.00546680
0.00635560
0.00609230
0.00552710
0.00539700
0.00580280
0.00554720
0.00619620
0.00588160
0.00617230
0.00591920
0.00604550
0.00604550
0.00574990
0.00584670
0.00579620
0.00585210
0.00592300
0.00570060
0.00581230
0.00590500
0.00610450
0.00612770
0.00606310
0.00594000
0.00594640
0.00570100
0.00548400
0.00564210
0.00560150
0.00556200
0.00571140
0.00561720
0.00553260
0.00569320
0.00559090
0.00505600
0.00505430
0.00529930
0.00531690
0.00539790
0.00508270
0.00453750
0.00462390
0.00478760
0.00507630
0.00507520
0.00487320
0.00527330
0.00483140
0.00503980
0.00480840
0.00449920
0.00491400
0.00445490
0.00476330
0.00475980
0.00446530
0.00427190
0.00418410
0.00477740
0.00419530
0.00454570
0.00488770
0.00468090
0.00492420
0.00473710
0.00459770
0.00440580
0.00438810
0.00449880
0.00464390
0.00461880
0.00476530
0.00426390
0.00428070
0.00440930
0.00435240
0.00459600
0.00457190
0.00481580
0.00440900
0.00478200
0.00466700
0.00466460
0.00447100
0.00439460
0.00436650
0.00424490
0.00420540
0.00422350
0.00464770
0.00454700
0.00457040
0.00438370
0.19708220
0.00470760
0.00444120
0.00449050
0.00469750
0.00481550
0.00469130
0.00446990
0.00453680
0.00443900
0.00456520
0.00457580
0.00492780
0.00488500
0.00485300
0.00482300
0.00516640
0.00482610
0.00527690
0.00499360
0.00460940
0.00552970
0.00516870
0.00507820
0.00515690
0.00504090
0.00516990
0.00462530
0.00520390
0.00492050
0.00495950
0.00488040
0.00511390
0.00512080
0.00537530
0.00485640
0.00500420
0.00495510
0.00535510
0.00490550
0.00454170
0.00449210
0.00489950
0.00488320
0.00488220
0.00499590
0.00503940
0.00539250
0.00515630
0.00490250
0.00482190
0.00476130
0.00515820
0.00516570
0.00475330
0.00511490
0.00506120
0.00502900
0.00481690
0.00497170
0.00493960
0.00511540
0.00490080
0.00534000
0.00518610
0.00493370
0.00521380
0.00500410
0.00522070
0.00504300
0.00514990
0.00533680
0.00505170
0.00492610
0.00459680
0.00454520
0.00492410
0.00487570
0.00510210
0.00487720
0.00480890
0.00503900
0.00498180
0.00478460
0.00498390
0.00512800
0.00481370
0.00465970
0.00507720
0.00527600
0.00502020
0.00520690
0.00516050
0.00485380
0.00487040
0.00495870
0.00479460
0.00490030
0.00522570
0.00467460
0.00504310
0.00501530
0.00529680
0.00508570
0.00505530
0.00486720
0.00468580
0.00461970
0.00456910
0.00491430
0.00478830
0.00506890
0.00468500
0.00469070
0.00487990
0.00502720
0.00506520
0.00510790
0.00491300
0.00491610
0.00503880
0.00467430
0.00427230
0.00455710
0.00452010
0.00476330
0.00461490
0.00442020
0.00477370
0.00472290
0.00443440
0.00418320
0.00437600
0.00477770
0.00490670
0.00468970
0.00437200
0.00472690
0.00448930
0.00500860
0.00471390
0.00465940
0.00479230
0.00464720
0.00479470
0.00478080
0.00451490
0.00437860
0.00449300
0.00459330
0.00450650
0.00443740
0.00452350
0.00462710
0.00442460
0.00433630
0.00458200
0.00472930
0.00474340
0.00435970
0.00433350
0.00427680
0.00434750
0.00442170
0.00467630
0.00486850
0.00475720
0.00501590
0.00495350
0.00470540
0.00486440
0.00463710
0.00491610
0.00515130
0.00479710
0.00464160
0.00444760
0.00455130
0.00445430
0.00452150
0.00448700
0.00449470
0.00468380
0.00467730
0.00471870
0.00473340
0.00489660
0.00461800
0.00457570
0.00438770
0.00484610
0.00474640
0.00473490
0.00492080
0.00480940
0.00453150
0.00455270
0.00456620
0.00477460
0.00478270
0.00441020
0.00473480
0.00514600
0.00456500
0.00479700
0.00458990
0.00426420
0.00461010
0.00462720
0.00470660
0.00438770
0.00471960
0.00464740
0.00483660
0.00494920
0.00495420
0.00480070
0.00455160
0.00494930
0.00494820
0.00489900
0.00481610
0.00493820
0.00454980
0.00472750
0.00483400
