1
1092.39,607.02,49.63,60.25
1088.28,594.50,49.16,59.73
1058.20,599.14,49.03,58.73
1057.73,605.47,50.76,58.44
2
0
0
0
0
1
872.62,609.32,63.10,35.82
859.93,604.58,61.89,36.65
849.26,594.26,60.93,37.30
835.80,581.80,61.72,37.52
827.75,574.25,60.90,37.29
819.25,567.08,60.20,37.39
811.91,563.00,59.46,37.82
802.33,559.81,58.33,37.77
796.20,557.47,57.11,37.89
789.90,555.35,56.08,38.78
784.06,553.55,57.43,39.58
780.54,552.74,58.80,40.33
778.19,553.85,59.86,40.29
779.45,557.60,60.45,39.20
779.99,556.94,63.12,36.27
780.71,556.30,62.83,34.66
780.35,546.67,61.02,33.74
787.09,541.35,58.93,33.64
790.50,530.36,58.08,33.88
788.43,519.79,57.00,35.41
792.08,514.19,56.46,37.35
790.19,502.32,55.71,38.25
786.50,496.60,54.34,38.99
780.30,491.59,52.86,39.37
772.92,487.69,51.76,39.53
766.49,484.61,51.20,38.61
759.83,482.12,49.90,38.42
752.54,479.22,49.27,38.28
738.52,475.55,48.45,37.89
726.57,471.25,47.25,37.68
713.14,467.25,45.85,37.19
695.33,464.18,45.12,36.53
678.15,460.86,44.25,36.06
656.16,457.13,42.95,35.77
634.62,453.71,42.08,35.04
614.08,450.65,41.16,34.51
588.96,447.50,40.40,33.88
559.05,445.32,39.89,32.75
534.56,443.43,39.39,32.11
505.73,440.89,38.73,31.46
473.08,439.14,38.23,30.63
445.88,437.35,37.35,30.58
410.48,435.48,36.47,30.10
375.04,435.24,35.67,29.40
340.42,434.53,34.79,29.20
298.14,435.40,34.19,28.69
256.39,436.64,33.65,28.16
215.79,436.97,33.13,27.73
2
0
0
0
