0.22241430
0.00608710
0.00590570
0.00592860
0.00598400
0.00570970
0.00000000
0.00000000
0.00000000
0.00000000
0.22107310
0.00597940
0.00624860
0.00580740
0.00472550
0.00526920
0.00488880
0.00511660
0.00533300
0.00505310
0.00475180
0.00486050
0.00477010
0.00498240
0.00490260
0.00477580
0.00514080
0.00522280
0.00523510
0.00497810
0.00483510
0.00540180
0.00517140
0.00517470
0.00520810
0.00489450
0.00508970
0.00513110
0.00519390
0.00502240
0.00525240
0.00534020
0.00505790
0.00534040
0.00532780
0.00511210
0.00480810
0.00544830
0.00540650
0.00528030
0.00502140
0.00526310
0.00490230
0.00540150
0.00550380
0.00553770
0.00523150
0.00512940
0.00528860
0.00523480
0.00000000
0.00000000
0.00000000
