0.23200640
0.00535230
0.00504260
0.00517720
0.00508840
0.00529710
0.00538830
0.00503810
0.00504720
0.00502950
0.00503450
0.00497260
0.00481830
0.00490070
0.00519340
0.00491660
0.00488050
0.00499350
0.00489640
0.00476930
0.00474170
0.00461790
0.00483790
0.00481270
0.00467430
0.00464220
0.00440430
0.00440780
0.00441630
0.00473700
0.00487140
0.00489220
0.00469380
0.00472180
0.00481130
0.00466310
0.00464780
0.00467300
0.00463850
0.00463680
0.00500430
0.00443930
0.00448410
0.00444130
0.00488120
0.00507860
0.00510070
0.00491610
0.00523630
0.00469780
0.00504160
0.00452060
0.00480760
0.00527600
0.00508530
0.00497070
0.00509900
0.00495590
0.00549150
0.00529840
0.00533240
0.00546200
0.00488270
0.00483770
0.00485560
0.00484570
0.00540020
0.00519320
0.00520230
0.00513690
0.00502720
0.00505700
0.00602780
0.00551000
0.00504690
0.00487490
0.00489960
0.00470030
0.00442650
0.00438350
0.00472410
0.00460020
0.00472560
0.00445410
0.00460110
0.00492680
0.00487290
0.00483300
0.00485610
0.00453950
0.00502850
0.00464920
0.00439160
0.00495660
0.00488100
0.00460630
0.00457780
0.00440360
0.00441990
0.00437440
0.00431550
0.00431260
0.00440290
0.00454410
0.00484570
0.00514940
0.00502680
0.00502960
0.00512160
0.00492840
0.00527650
0.00471590
0.00448710
0.00448970
0.00450590
0.00431780
0.00453230
0.00443800
0.00420570
0.00457880
0.00429690
0.00422390
0.00420380
0.00411830
0.00412770
0.00416960
0.00413210
0.00409540
0.00412320
0.00412730
0.00420740
0.00460260
0.00435060
0.00451890
0.00436280
0.00415540
0.00413770
0.00428570
0.00434780
0.00440340
0.00452590
0.00447150
0.00478850
0.00426360
0.00423930
0.00451330
0.00415090
0.00454610
0.00441690
0.00465480
0.00411260
0.00403160
0.00428850
0.00430180
0.00436120
0.00430640
