0.21882230
0.00432650
0.00431320
0.00512180
0.00481200
0.00470640
0.00464500
0.00471290
0.00493080
0.00465600
0.00477730
0.00477620
0.00487030
0.00463320
0.00434450
0.00425900
0.00456100
0.00469160
0.00488350
0.00446530
0.00455430
0.00517120
0.00480070
0.00485830
0.00453690
0.00439920
0.00462020
0.00454270
0.00456930
0.00451290
0.00439460
0.00446240
0.00432360
0.00449360
0.00454070
0.00438920
0.00464570
0.00459180
0.00470610
0.00478660
0.00452170
0.00446440
0.00429420
0.00428960
0.00451890
0.00445590
0.00462920
0.00460530
0.00447570
0.00470150
0.00465250
0.00465220
0.00473990
0.00448180
0.00459210
0.00476790
0.00448840
0.00441510
0.00433870
0.00466630
0.00441910
0.00437960
0.00496630
0.00474530
0.00475230
0.00470190
0.00465200
0.00424210
0.00484630
0.00473130
0.00476440
0.00475570
0.00482960
0.00457640
0.00455020
0.00560580
0.00477820
0.00484920
0.00453340
0.00480670
0.00472550
0.00482270
0.00469930
0.00480410
0.00482170
0.00479860
0.00466820
0.00466100
0.00461210
0.00485830
0.00453210
0.00452350
0.00469840
0.00435150
0.00450580
0.00474840
0.00469380
0.00442850
0.00470680
0.00463230
0.00493680
0.00432120
0.00435770
0.00425150
0.00435710
0.00464440
0.00450430
0.00478250
0.00470000
0.00464330
0.00460240
0.00505180
0.00491640
0.00482140
0.00469460
0.00475350
0.00447570
0.00460530
0.00450750
0.00471910
0.00446050
0.00469130
0.00514410
0.00447490
0.00452280
0.00440820
0.00443450
0.00444370
0.00463600
0.00465570
0.00475670
0.00450480
0.00442370
0.00451760
0.00448820
0.00467720
0.00456170
0.00477800
0.00454950
0.00466840
0.00458540
0.00474610
0.00513910
0.00501440
0.00470620
0.00458650
0.00462190
0.00449210
0.00439550
0.00435860
0.00443050
0.00479670
0.00491350
0.00475240
0.00467110
0.00457030
0.00453880
0.00481270
0.00480930
0.00439030
0.00450230
0.00417230
0.00433740
0.00484440
0.00449750
0.00471390
0.00468950
0.00497530
0.00472630
0.00461430
0.00476960
0.00465430
0.00471250
0.00467970
0.00474170
0.00437770
0.00467060
0.00472210
0.00465820
0.00454550
0.00451480
0.00474470
0.00463070
0.00441940
0.00465590
0.00498340
0.00469500
0.00437570
0.00477520
0.00451490
0.00493040
0.00469430
0.00458630
0.00426730
0.00420680
0.00491300
0.00463700
0.00485380
0.00487480
0.00474720
0.00447980
0.00445340
0.00492310
0.00492290
0.00469800
0.00440480
0.00447260
0.00431300
0.00452930
0.00457640
0.00468200
0.00471500
0.00473000
0.00531700
0.00516390
0.00462930
0.00511120
0.00496690
0.00479900
0.00455160
0.00465790
0.00482110
0.00472060
0.00463980
0.00457930
0.00509100
0.00476040
0.00492520
0.00435680
0.00467250
0.00478670
0.00477420
0.00475250
0.00470900
0.00465160
0.00471550
0.00479260
0.00463940
0.00443470
0.00477380
0.00479230
0.00494380
0.00462560
0.00457830
0.00485080
0.00451100
0.00478680
0.00493480
0.00486260
0.00472010
0.00488070
0.00485010
0.00435630
0.00428020
0.00477140
0.00486420
0.00473770
0.00478870
0.00506480
0.00484900
0.00493070
0.00447790
0.00470870
0.00494370
0.00477060
0.00482030
0.00468390
0.00450480
0.00441770
0.00484470
0.00480960
0.00490700
0.00518090
0.00482030
0.00486100
0.00487470
0.00476160
0.00478880
0.00461370
0.00459910
0.00430710
0.00508690
0.00493290
0.00527610
0.00486340
0.00459680
0.00486660
0.00496360
0.00458600
0.00441280
0.00433860
0.00453880
0.00432520
0.00460660
0.00460040
0.00467380
0.00450650
0.00465530
0.00495050
0.00493790
0.00469940
0.00505840
0.00487220
0.00469240
0.00486870
0.00435140
0.00465040
0.00452580
0.00454210
0.00468080
0.00452540
0.00468360
0.00466800
0.00477350
0.00474500
0.00465510
0.00455330
0.00495190
0.00484240
0.00455680
0.00453080
0.00465350
0.00478220
0.00468290
0.00450500
0.00470310
0.00476240
0.00470310
0.00460280
0.00457200
0.00473870
0.00453020
0.00489570
0.00450430
0.00451010
0.00461190
0.00489210
0.00471680
0.00488460
0.00484330
0.00492050
