0.21376940
0.00479880
0.00458950
0.00506380
0.00460440
0.00470250
0.00471460
0.00468920
0.00425700
0.00455430
0.00427020
0.00468310
0.00456870
0.00459410
0.00458370
0.00421640
0.00464790
0.00471020
0.00430440
0.00423550
0.00444460
0.00425350
0.00486300
0.00432360
0.00480410
0.00524210
0.00526100
0.00568080
0.00522370
0.00539260
0.00516900
0.00521450
0.00522960
0.00529930
0.00509880
0.00598880
0.00534350
0.00492880
0.00495700
0.00523620
0.00519810
0.00531570
0.00525350
0.00541200
0.00511390
0.00588930
0.00547850
0.00527720
0.00537360
0.00538690
0.00502950
0.00574560
0.00569760
0.00540520
0.00551130
0.00564260
0.00503200
0.00528850
0.00532110
0.00543850
0.00514650
0.00540480
0.00563820
0.00555400
0.00603370
0.00584780
0.00547480
0.00563240
0.00547850
0.00536960
0.00572700
0.00546950
0.00546910
0.00517690
0.00553160
0.00521880
0.00514620
0.00558420
0.00558040
0.00563130
0.00561020
0.00550990
0.00549550
0.00545980
0.00578530
0.00564060
0.00546440
0.24441870
0.00580020
0.00584310
0.00578420
0.00557190
0.00596430
0.00614060
0.00579940
0.00583290
0.00587210
0.00618080
0.00564240
0.00606930
0.00597200
0.00570730
0.00579110
0.00600180
0.23933170
