0.20063300
0.00440050
0.00419920
0.00404270
0.00420380
0.00414640
0.00400830
0.00391240
0.00399760
0.00396590
0.00386520
0.00404940
0.00408280
0.00411990
0.00415890
0.00407290
0.00414820
0.00385700
0.00386310
0.00399920
0.00397280
0.00387940
0.00458270
0.00412790
0.00436360
0.00411840
0.00458730
0.00403740
0.00417060
0.00435940
0.00428340
0.00403760
0.00456510
0.00407540
0.00402140
0.00404660
0.00405470
0.00411700
0.00400530
0.00406340
0.00404150
0.00410470
0.00414610
0.00385020
0.00384990
0.00368230
0.00368210
0.00363860
0.00444310
0.00456960
0.00410040
0.00383850
0.00374320
0.00366440
0.00363390
0.00359990
0.00358870
0.00357940
0.00370590
0.00392050
0.00390790
0.00383760
0.00389040
0.00394160
0.00384550
0.00384450
0.00380380
0.00374490
0.00364200
0.00366510
0.00361420
0.00385280
0.00416490
0.00394080
0.00386740
0.00390840
0.00382990
0.00392130
0.00399520
0.00386890
0.00438390
0.00410370
0.00376100
0.00386300
0.00357570
0.00362130
0.00352690
0.00349520
0.00346260
0.00349390
0.00347940
0.00350980
0.00360940
0.00356510
0.00355040
0.00368170
0.00356690
0.00387630
0.00391350
0.00371900
0.00383930
0.00390770
0.00390780
0.00376130
0.00378710
0.00398070
0.00405090
0.00382810
0.00380110
0.00350880
0.00347190
0.00349820
0.00375160
0.00406010
0.00391190
0.00359600
0.00365280
0.00369880
0.00387790
0.00379500
0.00372380
0.00378820
0.00403630
0.00399090
0.00381750
0.00390560
0.00378150
0.00359580
0.00351240
0.00354540
0.00372140
0.00380760
0.00397030
0.00408700
0.00389270
0.00395670
0.00401010
0.00405810
0.00388000
0.00379620
0.00374560
0.00453430
0.00394900
0.00411320
0.00375240
0.00366950
0.00387020
0.00365680
0.00359730
0.00353010
0.00356880
0.00354130
0.00357860
0.00362000
0.00357080
0.00349830
0.00359480
0.00389590
0.00393490
0.00403650
0.00396630
0.00383560
0.00389960
0.00415760
0.00402210
0.00406840
0.00383870
0.00397270
0.00384610
0.00376930
0.00381560
0.00383000
0.00378090
0.00357610
0.00357070
0.00382940
0.00382740
0.00389340
0.00412800
0.00401020
0.00373260
0.00423480
0.00392290
0.00371810
0.00367790
0.00375790
0.00372390
0.00372230
0.00408120
0.00402220
0.00398520
0.00404070
0.00402140
0.00384750
0.00422970
0.00413740
0.00424490
0.00418830
0.00384910
0.00380850
0.00397120
0.00403500
0.00412340
0.00399030
0.00409290
0.00447110
0.00419810
0.00393890
0.00399060
0.00397110
0.00422380
0.00412390
0.00455620
0.00459500
0.00417350
0.00385750
0.00403020
0.00432370
0.00459300
0.00461280
0.00426740
0.00419100
0.00412800
0.00429750
0.00419310
0.00422240
0.00424320
0.00439780
0.00377150
0.00373720
0.00405430
0.00459450
0.00449900
0.00441590
0.00457940
0.00430540
0.00410800
0.00423910
0.00401450
0.00424720
0.00401620
0.00392260
0.00395000
0.00396340
0.00407140
0.00415430
0.00456560
0.00431100
0.00442310
0.00437100
0.00437830
