0.26616170
0.00579980
0.00468400
0.00504410
0.00516100
0.00500790
0.00529490
0.00569280
0.00460680
0.00500330
0.00508990
0.00465350
0.00508360
0.00507360
0.00532830
0.00580520
0.00519060
0.00665130
0.00516200
0.00468480
0.00473770
0.00438760
0.00465370
0.00462840
0.00466470
0.00492700
0.00536340
0.00526000
0.00499840
0.00478750
0.00447940
0.00466730
0.00494860
0.00470260
0.00519700
0.00512320
0.00502690
0.00486530
0.00487920
0.00478310
0.00495290
0.00508800
0.00465790
0.00421300
0.00447330
0.00460960
0.00459000
0.00485120
0.00486760
0.00493640
0.00430530
0.00491960
0.00459630
0.00464120
0.00456610
0.00558280
0.00433960
0.00488750
0.00486770
0.00512530
0.00550310
0.00490000
0.00477460
0.00496960
0.00469940
0.00502520
0.00516750
0.00477370
0.00516350
0.00469110
0.00507310
0.00577750
0.00574680
0.00683360
0.00464480
0.00599630
0.00432870
0.00439140
0.00478940
0.00481270
0.00508100
0.00476000
0.00499790
0.00579890
0.00736980
0.00494310
0.00579310
0.00501840
0.00451120
0.00453490
0.00506230
0.00470630
0.00666810
0.00526790
0.00577710
0.00548430
0.00703790
0.00738460
0.00596770
0.00529190
0.00456210
0.00453250
0.00500170
0.00500430
0.00531400
0.00499910
0.00497510
0.00427540
0.00476040
0.00483590
0.00529850
0.00522970
0.00520440
0.00522360
0.00447110
0.00525680
0.00513770
0.00511020
0.00522640
0.30491720
0.00547110
0.00622840
0.00691380
0.00494840
0.00576830
0.00579210
0.00521650
0.00551540
0.00514630
0.00576160
0.00536850
0.00570720
0.00603210
0.00554170
0.00528450
0.00824520
0.00786380
0.00612700
0.00620200
0.00550240
0.00570960
0.00557410
0.00611550
0.00787140
0.00601700
0.00589120
0.00569960
0.00586210
0.00564570
0.00644520
0.00682580
0.00590390
0.00659520
0.00621020
0.00689630
0.00656890
0.00587990
0.00614190
0.00619700
0.00550560
0.00697970
0.00544800
0.00641810
0.00636770
0.00594860
0.00644990
0.00636970
0.00576510
0.00624540
0.00619340
0.00637040
0.00676360
0.00671020
0.00589530
0.00618780
0.00632850
0.00670530
0.00642150
0.00883760
0.00773610
0.00678980
0.00635780
0.00632110
0.00596000
0.00641920
0.00560860
0.00634220
0.00577380
0.00609710
0.00623870
0.00705520
0.00677000
0.00630740
0.00595280
0.00551320
0.00570020
0.00597680
0.00580430
0.00656220
0.00647290
0.00628450
0.00645830
0.00605560
0.00589600
0.00603510
0.00601510
0.00563820
0.00608850
0.00627640
0.00628710
0.00638920
0.00610170
0.00638730
0.00630300
0.00647800
0.00683480
0.00619520
0.00606140
0.00599610
0.00627890
0.00603780
0.00794310
0.00614160
0.00620490
0.00627650
0.00625770
0.00586850
0.00639800
0.00788190
0.00623790
0.00574370
0.33676860
0.36547310
0.26996160
0.27049180
0.27212410
0.35902020
0.28094470
0.31335330
0.33248870
0.33886570
0.31034010
0.32799480
0.32946480
0.33859400
0.32236860
0.33378910
0.32391950
0.27784350
0.27452370
0.30657860
0.27173970
0.26298520
0.27082360
0.32203760
0.31628310
0.33839820
0.34131430
0.32235630
0.35194780
0.32497630
0.01614520
0.01593150
0.01587160
0.01603070
0.01659000
0.01558680
0.00632060
0.00593050
0.30568590
0.00715360
0.00692850
0.00566990
0.00573810
0.00674010
0.00570750
0.00607350
0.00609100
0.00753790
0.00620380
0.00619170
0.00615160
0.00614960
0.00614860
0.00598020
0.00603150
0.00595660
0.00701100
0.00661420
0.00639150
0.00569140
0.00629690
0.00613560
0.00616010
0.00542190
0.00567190
0.00545270
0.00628790
0.00603010
0.00594110
0.00522950
0.00530400
0.00568640
0.28633710
0.00676200
0.00553090
0.00611800
0.00656940
0.00560300
0.00560820
0.00558390
0.00540230
0.00572300
0.00562490
0.00595110
0.00584890
0.00628100
0.00550320
0.00549360
0.31647310
0.00560110
0.00543770
0.00568040
0.00578300
0.00730480
0.00699180
0.00766900
0.00618920
0.00597980
0.00605100
0.00612680
0.00625140
0.00808940
0.00753370
0.00640980
0.29004620
0.28760990
0.28032040
0.00904750
0.00715650
0.00726970
0.00736460
0.00730000
0.00753320
0.00752070
0.00702960
0.00865860
0.00695040
0.00749970
0.00731210
0.00694240
0.00712970
0.00741030
0.00716540
0.00684850
0.00691270
0.00684280
0.00687670
0.00712270
0.00696250
0.00789690
0.00655630
0.00692950
0.00692970
0.00627030
0.00683730
0.00800840
0.00669030
0.00690090
0.00609350
0.00633460
0.00605410
0.00602990
0.00579540
0.00614000
0.00645400
0.00792560
0.00679040
0.00626640
0.00697330
0.00627420
0.00585030
0.00626140
0.00626560
0.00648180
0.00626480
0.00685410
0.00652510
0.00633890
0.00683200
0.00786400
0.00649770
0.00671030
0.00639670
0.00613540
0.00729460
0.00632780
0.00630910
0.00627090
0.00713560
0.00621470
0.00626670
0.00675240
0.00635670
0.00591730
0.00605570
0.00645920
0.00621370
0.33537580
0.00785460
0.00776030
0.31990740
0.00780250
0.00758570
0.00663320
0.00681100
0.00682430
0.00641920
0.00667500
0.00630070
0.00688190
0.00611660
0.00600120
0.00756250
0.00583470
0.00608530
0.00602400
0.29083630
0.00591350
0.00642050
0.00590000
0.00647680
0.00601650
0.00602520
0.00636760
0.00600180
0.00610270
0.00605470
0.00613790
0.00618010
0.00614200
0.00607580
0.00773230
0.00593620
0.00590610
0.00628240
0.00664370
0.00613470
0.00760160
0.00617650
0.00629020
0.00603860
0.00602000
0.00606110
0.00613700
0.00706720
0.00602320
0.00619640
0.00836540
0.00576890
0.00684030
0.00628780
0.00629920
0.00622670
0.00626480
0.00620760
0.00569010
0.00627120
0.00702580
0.00590980
0.00794730
0.00665020
0.00592760
0.00608250
0.00588890
0.00703350
0.00601320
0.00606240
0.00599010
0.00609060
0.00724850
0.00700150
0.00638100
0.00611630
0.00614680
0.00590500
0.00791450
0.00566250
0.00635790
0.00592610
0.00614320
0.00616380
0.00599520
0.00608570
0.00611560
0.00582400
0.00591520
0.00617930
0.00620030
0.00608840
0.00645170
0.00624640
0.00611430
0.00593990
0.00593610
0.00612260
0.00668420
0.00620550
0.00602940
0.00640280
0.00585350
0.00582790
0.00566800
0.00588290
0.00602610
0.00593150
0.00584730
0.00587100
0.00597160
0.00750590
0.00630010
0.00758730
0.00654180
0.00598330
0.00596020
0.00600340
0.00606790
0.00761270
0.00839640
0.00748340
0.00668280
0.00564090
0.00646430
0.00588550
0.00597850
0.00695870
0.00581440
0.00600680
0.00591940
0.00591620
0.00614350
0.00582340
0.00576860
0.00577690
0.00597660
0.00593960
0.00676820
0.00663720
0.00687370
0.00659390
0.00741800
0.00580470
0.00667100
0.00593610
0.00612170
0.00573450
0.00578310
0.00587860
0.00586700
0.00596470
0.00633430
0.00584420
0.00582270
0.00590700
0.00662440
0.00590250
0.00612590
0.00651380
0.00585220
0.00574140
0.00581880
0.00695500
0.00596100
0.00592750
0.00590400
0.00588520
0.00594630
0.00584340
0.00580800
0.00601580
0.00594510
0.00659760
0.28943860
0.00602400
0.00660450
0.00566280
0.00583690
0.00604380
0.00667650
0.00636600
0.00652020
0.00625920
0.00625230
0.00641300
0.00556670
0.00558060
0.00627140
0.00601550
0.00581610
0.00717810
0.00599570
0.00605290
0.00590440
0.00615670
0.00597710
0.00616670
0.00623370
0.00643610
0.00602760
0.00614510
0.00579710
0.00644740
0.00890620
0.00630350
0.00722840
0.00767650
0.33984530
0.00656590
0.00644040
0.00727810
0.00657900
0.00629660
0.00630500
0.00693010
0.00677250
0.00663430
0.00654440
0.00649100
0.00804330
0.00639540
0.00698020
0.00650610
0.00795600
0.00689290
0.00822030
0.00756160
0.00798590
0.00829140
0.00645790
0.00703620
0.00645080
0.00642610
0.00700080
0.00618550
0.00799350
0.00704500
0.00656400
0.00796360
0.00665200
0.00665820
0.00609500
0.00624370
0.00658200
0.00661130
0.00632850
0.00616440
0.00639640
0.00651610
0.00631440
0.00820300
0.00745630
0.00635430
0.00630930
0.00647410
0.00654720
0.00646280
0.00657400
0.00702510
0.00626350
0.00644900
0.00695190
0.00633320
0.00641880
0.00643390
0.00712530
0.00625450
0.00684340
0.00707180
0.00652890
0.00889590
0.00606290
0.00651910
0.00661780
0.00642090
0.33696500
0.00934660
0.00849190
0.00741270
0.00729520
0.00644130
0.00633520
0.00702940
0.00608530
0.00618240
0.00640460
0.00648220
0.00762510
0.00688480
0.00651770
0.00618950
0.00659870
0.00636810
0.00629890
0.00691570
0.00667350
0.00638060
0.00688610
0.00641830
0.00660320
0.00606170
0.28668510
0.00723120
0.00793170
0.00738150
0.00668800
0.00664410
0.00649380
0.00663410
0.00670100
0.00662980
0.00763180
0.00689880
0.00674150
0.00624740
0.00800210
0.00650390
0.00685890
0.00716150
0.00668900
0.34903230
0.00715670
0.00643970
0.00626350
0.00654450
0.00684240
0.00641630
0.00640500
0.00659630
0.00657900
0.00775040
0.00642070
0.00671450
0.00646690
0.00626140
0.00687640
0.00615720
0.00647310
0.00601700
0.00643150
0.00656840
0.00684480
0.00618770
0.00625900
0.00638260
0.00636360
0.00643830
0.00685450
0.00674570
0.00640410
0.00624160
0.00635370
0.00621450
0.00643740
0.00624330
0.00649820
0.00674470
0.00685760
0.00612980
0.00730200
0.00611790
0.00644590
0.00759920
0.00784140
0.00694720
0.00779690
0.00595640
0.00656760
0.00706280
0.00723360
0.00692090
0.00733470
0.00795290
0.00668280
0.00654780
0.00610440
0.00580770
0.00615250
0.00646640
0.00614710
0.00675230
0.00636490
0.00714040
0.00664600
0.00639650
0.00641090
0.00681450
0.00631690
0.00635020
0.00609010
0.00653730
0.00627340
0.00624760
0.00652520
0.00635520
0.00624210
0.00637970
0.00631070
0.00742830
0.00653440
0.00668660
0.00790930
0.00637050
0.00673570
0.00687640
0.00629930
0.00696530
0.00738180
0.00652790
0.00659750
0.00680770
0.00650230
0.00628840
0.00630690
0.00618040
0.00697370
0.00625770
0.00610190
0.00838330
0.00670120
0.00704530
0.00685280
0.00581600
0.00629620
0.00676350
0.00594950
0.00641290
0.00594350
0.00607290
0.00622870
0.00654720
0.00710790
0.00611850
0.00637130
0.00620340
0.00629860
0.00660110
0.00697290
0.00592820
0.00659170
0.00613560
0.00657020
0.00672980
0.00635330
0.00669990
0.00612880
0.00606570
0.00680210
0.00608750
0.00614540
0.00637370
0.00616100
0.00687840
0.00618760
0.00678950
0.00608780
0.00672540
0.00588510
0.00606410
0.00713970
0.00727810
0.00671780
0.00670300
0.00669260
0.00754720
0.00683290
0.00645140
0.00659770
0.00600230
0.00708880
0.00625370
0.00665670
0.00662870
0.00612700
0.00668950
0.00691530
0.00620670
0.00636450
0.00594570
0.00657100
0.00643520
0.00673480
0.00726360
0.00678910
0.00678450
0.00624190
0.00634480
0.00624520
0.00615630
0.00616460
0.00641770
0.00590120
0.00592960
0.00612230
0.00629350
0.00613940
0.00627550
0.00676430
0.00620810
0.00669800
0.00696570
0.00611250
0.00641350
0.00652180
0.00598850
0.00705980
0.00661880
0.00603520
0.00610640
0.00644160
0.00659580
0.00640550
0.00636770
0.00610420
0.00622310
0.00768430
0.00600060
0.00744330
0.00724380
0.00642140
0.00638700
0.00576360
0.00624990
0.00629790
0.00615720
0.00619560
0.00604160
0.00677370
0.00779630
0.00593680
0.00629930
0.00632160
0.00607570
0.00599730
0.00574640
0.00601070
0.00638580
0.00671320
0.00651900
0.00614210
0.00622620
0.00658620
0.00580790
0.00622910
0.00631630
0.00827290
0.00610720
0.00700020
0.00604320
0.00620280
0.00641130
0.00762400
0.00586470
0.00613480
0.00648380
0.00649520
0.33006560
0.00632700
0.00705040
0.00593750
0.00636470
0.00638540
0.00624180
0.00630170
0.00610220
0.00616230
0.00652220
0.00658180
0.00638300
0.00618560
0.00641130
0.00642830
0.00610940
0.00649530
0.00639760
0.00587760
0.00613790
0.00622120
0.00603320
0.00613500
0.00674410
0.00556910
0.00593150
0.00591620
0.00694650
0.00615610
0.00624210
0.00591260
0.00602760
0.00592610
0.00624880
0.00623630
0.00617590
0.00607160
0.00608460
0.00600540
0.00750150
0.00571400
0.00674580
0.00582140
0.00627620
0.00611090
0.00644760
0.00646220
0.00669160
0.00571500
0.00618290
0.00607110
0.00620380
0.00607820
0.00618600
0.00618810
0.00584550
0.00615050
0.00729090
0.00732800
0.30312760
0.00700810
0.00891940
0.00779370
0.00721570
0.00649700
0.00619670
0.00686540
0.00610810
0.00654120
0.00571090
0.00679890
0.00700700
0.00706470
0.00615850
0.00687550
0.00777400
0.00686990
0.00609150
0.00620380
0.00727140
0.00594330
0.00606870
0.00546500
0.00574540
0.00599530
0.00657130
0.00584000
0.00591850
0.00625020
0.00620350
0.00610330
0.00602910
0.00627380
0.00588030
0.00651820
0.00578590
0.00775490
0.00607870
0.00636050
0.00653920
0.00630950
0.00669760
0.00610930
0.00760420
0.00811500
0.00737940
0.00712910
0.00669810
0.00612630
0.00665240
0.00601830
0.00645010
0.00719480
0.00751330
0.00596590
0.00613600
0.00636410
0.00566500
0.00651990
0.00631500
0.00640820
0.00628090
0.00703470
0.00620760
0.00737200
0.00603090
0.00859890
0.00688200
0.00699660
0.00608120
0.00653370
0.00590760
0.00613390
0.00683280
0.00644020
0.00620260
0.00626000
0.00600830
0.00586510
0.00599030
0.00600740
0.00610350
0.00751330
0.00608240
0.00691150
0.00621600
0.00566660
0.00718150
0.00595340
0.00622770
0.00621230
0.00597000
0.00617280
0.00644070
0.00644900
0.33219250
0.00889690
0.00709090
0.00651200
0.00632660
0.00627300
0.00780480
0.00615840
0.00653900
0.00598200
0.00573690
0.00626310
0.00693910
0.00628330
0.00662840
0.00599270
0.00577240
0.00614610
0.00596150
0.00646290
0.00600340
0.00587790
0.00586220
0.00649790
0.00622790
0.00701170
0.00670070
0.00665090
0.00850800
0.00644460
0.00591190
0.00605650
0.00600320
0.00621270
0.00612150
0.00630140
0.00607000
0.00651030
0.00604700
0.00624610
0.00627650
0.00607760
0.00622420
0.00602620
0.00688430
0.00750030
0.00658910
0.00592140
0.00637210
0.00697580
0.00676680
0.00607140
0.00696190
0.00657720
0.00612550
0.00596580
0.00775270
0.00635050
0.00598350
0.00618660
0.00711770
0.00680730
0.00613990
0.00671790
0.00621820
0.00549900
0.00720460
0.00670080
0.00565440
0.00650370
0.00648160
0.00616780
0.00619650
0.00608010
0.00663940
0.00597710
0.00603550
0.00616750
0.00601930
0.00630460
0.00610730
0.00607670
0.00601610
0.00623430
0.00675140
0.00564530
0.00658250
0.00610070
0.00633830
0.00655690
0.00615680
0.00874760
0.00646450
0.00636460
0.00611960
0.00618580
0.00634660
0.00660810
0.00616780
0.00627250
0.00666080
0.00640210
0.00652460
0.00609900
0.00601730
0.00689080
0.00728490
0.00625440
0.00642210
0.00718080
0.00675410
0.00609040
0.00603590
0.00631950
0.00669030
0.00653090
0.00647780
0.00744470
0.00621730
0.00613940
0.00662810
0.00624510
0.00600810
0.00635960
0.00648340
0.00730050
0.00913830
0.00621700
0.00683320
0.00611890
0.00622680
0.00680310
0.00749020
0.00805870
0.00627500
0.00615720
0.00644050
0.00658740
0.00606380
0.00602880
0.00769480
0.00678830
0.00644850
0.00620380
0.00621120
0.00628750
0.00642020
0.00610070
0.00610330
0.00672310
0.00632900
0.00606530
0.00711970
0.00630120
0.00609350
0.00581670
0.00585990
0.00666000
0.28119640
0.00935370
0.00719290
0.00626090
0.00627480
0.00804320
0.00660110
0.00624020
0.00616280
0.00698600
0.00611530
0.00606760
0.00628170
0.00595770
0.00604110
0.00636760
0.00632710
0.00643360
0.00643470
0.00657170
0.00635860
0.00617910
0.00679070
0.00646270
0.00589010
0.00680500
0.00620350
0.00654870
0.00797090
0.00682730
0.00617120
0.00586270
0.00730290
0.00664290
0.00633260
0.00633990
0.00643220
0.00629490
0.00595080
0.00661490
0.00628420
0.00613700
0.00590020
0.00660830
0.00640140
0.00726590
0.00613470
0.00623310
0.00609440
0.00606400
0.00616990
0.00776640
0.00607010
0.00607260
0.00608380
0.00608260
0.00613030
0.00613410
0.00631720
0.00692360
0.00619320
0.00624690
0.00624620
0.00618490
0.00666210
0.00833690
0.00611780
0.00667230
0.00606730
0.00650380
0.00605760
0.00600880
0.00604410
0.00695700
0.00725330
0.00623100
0.00592100
0.00567720
0.00599160
0.00600410
0.00587900
0.00657040
0.00611750
0.00603500
0.00676200
0.00600760
0.00704780
0.00653280
0.00637770
0.00611700
0.00601050
0.00606960
0.00653190
0.00601530
0.00621270
0.00775650
0.00614820
0.00662010
0.00640170
0.00582080
0.00626780
0.00660970
0.00687070
0.00615540
0.00622830
0.00619460
0.00622960
0.00622040
0.00714310
0.00606390
0.00622180
0.00603570
0.00627180
0.00603320
0.00605050
0.00754190
0.00658150
0.32642140
0.00706830
0.00729270
0.00740910
0.00718650
0.00628090
0.00656950
0.00717830
0.00665070
0.00647110
0.00765080
0.00688840
0.00667790
0.00803290
0.00647600
0.00667790
0.00599890
0.00686140
0.00698140
0.00698000
0.00653520
0.00713740
0.00659910
0.00662030
0.00736660
0.00702620
0.00673440
0.00755980
0.00688190
0.00605500
0.00687000
0.00651970
0.00649690
0.00626690
0.00638240
0.00730190
0.00800240
0.00749250
0.00619590
0.00647080
0.00618350
0.00618240
0.00638750
0.00651090
0.00641210
0.00663520
0.00670680
0.00635540
0.00672750
0.00655990
0.00636990
0.00667960
0.00841320
0.00672030
0.00589630
0.00637920
0.00642970
0.02543180
0.00688950
0.00755450
0.00605230
0.00614460
0.00589050
0.00599570
0.00605300
0.00607860
0.00591760
0.00579290
0.00629890
0.00577200
0.00626780
0.00613260
0.00580020
0.00574090
0.00538490
0.00601460
0.00591360
0.00633650
0.00590360
0.00586260
0.00657390
0.00768330
0.00650320
0.00620700
0.00657360
0.00571220
0.00639640
0.00687130
0.00598910
0.00614180
0.00586930
0.00557410
0.00568490
0.00613090
0.00585770
0.00630210
0.00612850
0.00598270
0.00575210
0.00608200
0.00589020
0.00586990
0.00593830
0.00704390
