1
286.29,134.50,50.09,167.08
285.48,136.55,51.37,164.41
285.91,138.35,52.27,162.88
286.11,138.80,52.55,162.19
286.95,138.19,52.90,160.73
287.95,138.53,53.11,159.37
288.24,139.66,52.32,158.39
289.13,141.69,51.72,156.54
289.94,143.34,51.24,155.22
288.74,144.05,50.20,154.09
288.24,143.84,49.27,152.18
286.42,145.26,48.83,150.69
284.50,144.83,48.46,150.73
282.30,144.82,48.12,150.00
280.02,145.34,47.79,148.40
277.47,145.00,47.48,147.43
275.53,146.32,47.58,146.55
274.17,148.16,47.90,145.81
271.82,148.55,48.36,145.02
269.76,150.19,48.89,144.14
268.70,152.51,49.24,143.87
267.53,152.63,49.52,143.91
266.29,153.32,49.68,143.80
265.51,154.81,49.51,143.62
265.74,155.46,49.49,143.11
266.09,155.30,49.24,142.92
264.83,155.69,49.07,143.38
263.90,156.54,48.54,143.47
263.41,157.72,48.14,144.10
262.04,158.01,47.40,143.20
260.43,159.52,47.04,141.80
259.14,160.72,46.40,140.34
258.00,163.20,46.22,138.70
256.42,164.10,46.61,137.40
255.14,164.57,47.03,136.14
252.50,165.38,47.57,134.63
251.61,165.56,47.45,134.88
250.72,164.80,46.95,135.12
248.09,162.94,47.37,135.39
245.92,161.95,47.69,135.93
244.86,160.98,47.57,136.84
243.51,159.25,47.76,136.83
241.07,166.90,48.08,136.63
238.78,164.28,48.11,136.29
244.55,166.88,48.27,135.29
240.45,163.87,48.29,136.09
238.18,167.47,48.07,136.14
245.18,166.65,47.97,136.06
242.01,165.52,47.58,135.94
247.69,162.24,47.67,135.40
242.65,163.39,47.70,135.34
238.04,162.44,48.05,136.32
243.94,159.29,46.97,137.29
239.87,158.87,46.26,138.15
244.92,157.71,45.23,137.36
241.77,158.56,44.93,136.64
238.12,155.86,45.70,138.02
234.23,145.72,46.86,140.49
230.70,138.81,48.05,146.01
230.39,135.80,48.55,149.03
231.68,135.56,48.98,150.24
232.57,136.45,48.39,150.82
233.01,139.20,47.64,150.04
241.29,135.69,47.92,149.12
238.19,135.11,47.98,147.56
234.00,143.29,48.32,146.34
240.32,146.43,48.85,145.13
235.56,141.92,49.14,144.46
243.60,138.02,48.83,144.64
249.19,143.61,50.03,144.79
243.56,138.82,50.17,145.22
236.55,147.36,50.83,142.45
231.49,151.50,52.54,138.15
237.14,152.74,53.38,135.38
232.36,152.34,53.21,133.39
229.01,152.63,52.89,131.81
233.65,151.24,52.88,131.19
229.65,150.84,52.61,132.11
226.72,153.32,52.61,131.49
232.93,146.25,52.59,132.27
228.65,149.23,53.02,132.77
234.92,141.68,52.98,133.16
241.23,139.39,52.49,131.36
237.30,139.92,52.20,130.96
242.86,140.08,51.70,130.70
239.36,142.11,51.53,129.96
244.23,142.50,50.84,129.85
241.29,142.10,50.75,129.18
246.97,141.65,50.08,129.18
244.05,141.34,49.78,129.73
249.10,140.02,49.87,130.33
245.65,140.19,50.02,130.68
249.94,139.76,50.54,130.97
246.39,141.62,51.06,131.24
249.96,141.75,51.55,130.88
252.64,142.00,51.98,131.27
249.36,142.16,52.52,131.85
254.60,141.04,52.34,132.81
252.77,141.89,52.80,133.50
251.89,141.20,53.33,135.16
251.66,136.83,53.73,136.28
259.13,139.06,53.65,137.83
264.29,139.84,52.90,139.78
269.26,137.78,50.49,142.84
262.81,134.28,51.69,143.76
256.83,176.94,53.52,145.07
260.08,183.23,56.24,143.27
263.03,186.27,59.48,142.39
258.44,190.36,63.00,141.30
265.02,198.83,67.76,138.21
272.30,188.74,69.33,139.14
276.28,199.08,74.62,137.08
279.98,204.72,79.66,133.64
285.57,201.30,84.64,132.82
291.56,206.19,87.59,131.09
296.97,202.82,89.85,131.67
303.74,207.95,91.44,130.82
324.82,196.09,88.31,133.85
324.82,196.09,88.31,133.85
320.94,200.42,88.00,133.30
321.03,204.44,88.55,132.09
335.65,203.93,87.75,131.19
337.41,203.58,86.69,131.04
338.87,199.89,86.59,132.84
353.41,201.86,86.77,133.08
353.81,201.05,86.22,133.39
365.69,199.67,85.82,133.42
367.40,197.94,84.69,134.73
376.30,198.09,84.56,134.83
375.23,197.84,85.24,134.24
376.26,198.15,85.50,135.39
377.43,197.31,85.67,136.48
378.13,197.55,85.88,136.77
377.65,197.65,86.56,136.85
390.77,196.77,87.32,137.44
389.78,195.72,88.08,139.30
401.66,194.20,89.04,140.75
400.44,194.55,89.68,141.69
411.64,194.03,90.85,142.16
411.34,193.25,91.30,142.43
412.04,193.02,91.35,143.22
418.66,48.10,79.89,206.45
428.69,192.73,89.73,139.58
427.06,48.70,80.66,209.65
426.74,50.42,80.06,209.77
426.43,49.56,80.72,210.73
447.18,194.77,90.33,138.75
446.93,192.65,91.34,139.54
438.54,54.12,82.30,213.38
433.96,55.52,85.05,213.90
464.17,187.98,93.83,145.53
472.79,185.70,94.05,146.20
481.19,185.53,93.32,146.44
488.63,187.21,92.75,145.28
486.20,190.41,93.38,144.46
484.89,191.67,92.93,143.61
494.09,193.98,92.57,143.05
491.65,195.73,93.39,142.73
488.83,197.58,93.33,142.46
498.54,198.97,94.14,141.19
495.78,202.24,94.92,140.40
493.95,203.29,94.79,139.75
505.41,201.18,94.83,140.05
515.52,202.16,95.87,139.12
514.15,204.83,94.85,138.00
514.48,204.17,94.13,137.26
524.52,203.16,93.25,137.32
521.56,204.86,93.77,136.17
535.64,203.60,91.92,137.08
536.12,202.54,89.87,137.64
536.83,200.66,88.09,138.62
548.33,201.25,86.09,138.34
549.22,201.05,84.06,138.94
549.87,201.50,81.97,139.52
548.79,200.57,80.39,140.40
546.33,201.56,80.18,140.61
553.62,201.68,78.96,141.18
550.62,208.85,77.99,139.95
548.89,205.55,77.18,140.71
547.29,204.75,77.18,140.79
545.30,201.17,77.37,141.83
543.17,199.60,77.10,142.06
542.94,198.36,77.01,142.14
552.71,198.24,77.72,141.57
550.77,199.72,78.01,141.18
549.11,200.68,78.67,140.85
555.31,199.03,78.04,140.39
553.80,201.92,78.12,139.72
560.66,202.23,76.45,139.29
557.36,206.54,76.91,137.74
553.54,210.74,78.11,136.80
560.66,212.08,76.56,135.95
556.94,217.99,77.38,133.96
551.63,223.34,78.96,131.00
554.74,222.64,78.65,129.87
549.89,223.50,79.68,128.31
555.30,221.36,78.97,127.15
550.92,223.49,79.11,125.97
547.96,227.46,80.33,124.51
545.58,231.10,80.90,122.73
550.69,231.66,80.02,120.82
273.49,160.16,60.21,151.42
553.44,236.13,80.46,118.02
551.08,239.75,81.49,116.29
280.66,164.96,61.46,148.73
551.81,239.60,80.56,114.86
553.11,238.82,79.45,113.16
560.15,239.65,78.00,111.92
561.00,235.27,76.19,110.75
561.10,231.29,77.33,109.04
304.45,152.93,66.48,155.20
562.88,219.53,77.43,105.80
568.22,215.75,76.23,104.42
294.90,143.08,70.03,157.13
291.76,140.46,71.84,157.15
286.81,137.71,73.63,157.75
268.26,132.20,73.75,159.10
573.70,202.25,71.04,98.25
258.81,132.60,73.23,164.46
252.17,128.25,73.43,168.01
247.43,125.08,73.28,170.45
240.54,123.57,73.47,171.81
234.77,122.05,74.12,172.03
229.03,120.47,73.96,173.07
221.73,116.78,72.63,174.24
216.13,112.02,71.29,175.99
211.57,109.17,70.28,177.11
206.45,108.33,69.37,179.26
202.43,109.15,67.31,181.13
197.95,109.36,65.91,182.11
195.19,109.91,64.58,183.20
192.29,111.67,64.22,183.13
188.72,111.31,65.02,183.35
185.12,111.12,65.95,182.37
180.36,111.41,67.37,182.46
176.46,111.84,67.64,181.75
171.83,111.36,68.26,182.19
168.37,111.31,68.56,182.09
165.19,112.59,68.76,181.28
162.05,113.12,67.66,180.66
158.02,113.38,67.68,178.91
154.97,114.88,67.12,177.75
151.54,116.10,66.36,176.31
148.75,116.99,66.16,174.51
146.12,117.05,65.72,173.90
144.26,118.72,65.43,173.16
141.78,119.48,64.26,173.61
138.84,119.47,63.68,175.01
134.01,120.68,63.74,175.61
130.70,121.99,64.05,175.59
127.07,123.33,64.64,174.81
123.54,124.26,64.42,175.59
120.56,125.50,64.19,176.31
117.82,125.96,63.25,176.57
115.81,126.87,63.01,174.61
113.45,128.66,63.23,174.07
109.97,128.66,63.20,174.17
106.30,129.15,62.87,174.38
104.46,132.85,62.20,172.44
113.13,132.22,63.10,173.36
109.67,131.66,63.08,173.76
107.53,132.24,62.46,173.16
105.99,134.09,61.86,172.78
104.00,135.29,61.24,171.90
101.84,135.86,60.54,170.55
99.44,149.30,59.31,166.78
96.45,151.35,58.97,162.26
93.96,152.93,58.22,158.47
91.30,156.18,57.36,154.59
558.96,227.72,65.59,79.22
553.30,228.08,68.72,75.99
549.09,228.78,71.71,73.74
79.21,164.47,52.79,146.73
542.94,227.10,75.73,72.01
539.85,226.92,77.05,72.01
536.34,226.59,78.28,72.31
533.75,225.21,79.10,72.55
531.08,225.50,79.92,72.82
68.68,167.95,48.77,140.35
66.48,167.87,48.73,140.07
64.53,168.56,48.55,139.78
62.20,169.46,48.45,139.08
59.15,171.54,48.48,138.13
56.51,172.78,48.20,136.88
53.21,173.93,47.90,136.76
49.84,174.66,47.81,136.30
45.89,175.12,47.76,135.71
525.51,236.23,100.56,60.46
38.16,176.24,47.00,133.75
523.50,234.97,102.36,58.62
525.44,237.17,101.93,58.19
23.14,179.24,45.75,135.68
18.18,177.71,45.45,136.13
4.73,174.22,45.83,136.50
1.77,173.81,46.16,137.21
-1.65,172.42,45.67,137.84
-3.81,178.75,44.45,139.38
476.57,233.67,102.36,59.13
12.96,135.14,45.30,147.31
7.93,125.40,47.60,150.52
0.69,121.95,49.14,151.97
-3.19,127.13,49.20,151.45
-6.77,120.62,48.74,150.85
443.87,231.57,101.73,55.78
437.88,230.68,100.49,54.07
434.14,230.20,98.98,53.01
431.47,230.01,97.27,52.05
429.85,233.86,95.48,50.91
426.96,232.14,93.37,50.10
425.50,231.64,91.67,49.44
424.49,230.34,90.03,48.96
422.96,234.33,87.90,48.38
422.84,232.10,86.14,47.86
429.06,230.61,83.88,47.36
426.50,234.60,81.99,46.58
425.95,231.24,78.11,48.87
424.43,229.20,75.67,50.20
429.75,228.50,74.10,51.30
429.75,228.50,74.10,51.30
426.76,226.11,70.70,52.23
425.15,224.60,67.51,53.59
423.39,228.76,66.44,53.76
467.01,276.76,69.35,54.08
458.64,272.11,72.09,55.67
456.60,267.10,74.99,56.56
453.35,270.81,77.29,56.97
451.48,273.56,78.65,56.92
449.90,268.33,79.08,57.62
449.75,263.32,79.37,58.09
450.58,267.30,80.00,58.29
457.68,271.04,81.87,58.65
455.82,267.13,83.56,59.64
462.71,270.07,85.87,60.13
462.90,264.81,88.26,60.78
462.90,264.81,88.26,60.78
462.90,264.81,88.26,60.78
462.90,264.81,88.26,60.78
15.74,-21.70,59.18,139.07
462.22,254.37,84.43,63.56
463.65,257.57,83.73,63.40
466.36,259.14,83.17,62.67
468.51,254.15,82.69,64.08
470.94,256.90,82.54,63.88
469.43,252.93,80.50,64.23
471.49,255.88,80.57,63.71
-11.19,-12.94,61.62,120.08
-7.49,-15.53,59.90,117.73
465.39,252.81,78.13,62.62
467.22,250.92,77.80,63.20
464.17,254.52,77.56,62.22
460.77,250.25,76.43,62.17
457.76,247.84,75.18,62.65
453.48,245.67,74.76,63.05
450.66,249.55,73.13,62.56
450.43,251.72,73.10,61.96
447.87,253.85,71.63,60.90
443.47,249.10,71.05,61.09
441.32,251.26,69.94,60.50
443.33,253.52,70.53,59.95
439.08,255.16,70.44,58.38
438.32,257.15,69.56,56.91
434.19,252.47,69.48,56.98
433.53,255.28,68.40,55.87
429.00,251.04,68.27,56.23
429.54,254.16,69.32,55.68
424.81,250.22,68.52,55.56
422.39,246.83,67.72,55.57
423.56,250.75,67.88,55.31
420.28,246.79,67.02,55.48
419.24,249.92,65.71,54.09
418.49,246.76,66.51,54.75
415.89,243.16,65.53,55.12
416.29,247.09,65.58,54.56
414.23,250.50,63.76,53.58
412.53,247.69,61.88,52.85
414.13,243.78,61.77,53.41
411.31,247.57,61.14,52.95
412.78,242.98,61.37,53.15
411.04,246.02,60.49,52.54
412.16,248.46,60.70,52.25
408.68,244.04,60.48,52.31
409.59,246.66,61.23,51.90
406.33,249.68,60.81,51.29
404.59,245.83,60.19,51.35
402.91,243.08,59.78,52.13
402.26,247.03,58.94,52.41
395.92,223.28,59.86,52.96
398.86,248.57,60.15,52.87
395.33,251.31,60.26,52.61
395.73,253.98,60.88,51.83
391.81,250.18,61.48,51.92
389.33,252.55,60.98,51.97
390.03,254.74,61.51,51.75
385.10,257.30,61.18,51.20
384.72,259.36,60.98,50.87
380.24,255.98,60.14,51.40
377.40,258.27,58.99,51.38
377.78,260.62,59.32,51.67
373.17,263.20,59.11,51.35
369.78,265.85,58.67,50.90
367.43,261.48,57.97,51.58
364.97,264.16,57.51,51.48
362.34,266.49,57.69,51.47
354.19,251.48,57.11,51.56
350.01,242.24,57.56,51.67
336.99,211.57,57.92,52.71
333.62,203.72,57.29,52.96
333.62,203.72,57.29,52.96
323.45,202.71,56.21,54.37
320.05,201.74,55.44,55.05
320.05,201.74,55.44,55.05
324.69,215.77,54.90,54.78
327.52,216.06,54.53,54.61
329.48,216.34,54.81,54.66
330.42,215.49,55.03,54.93
332.42,220.18,55.12,55.19
342.24,241.11,55.27,54.41
344.16,241.25,55.53,53.43
339.43,225.13,55.54,53.04
341.01,229.88,55.77,52.30
343.15,227.29,55.78,51.81
343.16,224.13,56.32,51.49
339.25,223.19,56.05,51.34
341.00,222.55,56.16,51.09
342.90,225.82,56.26,50.51
338.44,224.16,55.99,50.27
338.44,224.16,55.99,50.27
331.88,223.41,55.63,50.81
328.97,221.42,54.97,51.38
325.74,219.21,54.70,51.76
321.71,216.80,54.39,52.04
319.44,213.51,53.68,52.27
318.71,217.16,52.98,52.10
316.07,214.22,52.60,52.25
315.48,217.67,51.97,52.39
313.21,214.73,51.25,52.62
313.07,217.86,50.76,52.35
313.42,222.09,51.20,52.25
314.07,227.10,51.73,51.54
310.91,223.41,51.33,51.38
313.20,226.51,51.18,51.21
313.86,223.55,51.44,51.46
312.44,219.90,50.64,52.27
314.34,222.02,50.31,52.59
316.55,224.11,50.26,52.63
317.95,221.13,50.53,52.84
318.94,219.51,49.93,53.58
321.98,222.46,49.78,53.19
324.90,219.87,49.89,52.82
327.94,222.93,49.93,51.58
325.40,212.88,49.32,51.42
326.72,209.54,49.08,51.30
325.61,202.50,48.62,51.13
324.53,194.34,48.13,51.47
324.38,192.57,47.92,51.08
325.50,190.66,47.50,50.66
328.05,194.48,47.06,49.88
326.82,193.78,46.55,49.15
324.83,193.61,46.30,48.21
323.23,193.11,46.11,47.42
321.12,193.52,45.78,46.71
319.65,193.24,45.39,46.21
318.61,192.19,44.77,45.89
317.06,191.04,44.20,45.73
316.32,189.58,43.41,45.36
316.19,193.13,42.87,44.91
315.98,191.05,42.16,44.25
314.66,189.76,41.67,44.08
315.98,188.80,41.28,44.02
315.66,189.15,41.44,43.88
313.76,188.16,41.32,44.02
312.05,187.87,41.28,43.89
314.12,191.22,41.09,43.71
312.64,190.44,40.84,43.89
313.75,193.60,40.78,43.59
311.14,193.03,40.90,43.30
313.13,197.09,40.67,43.35
313.64,200.91,40.60,42.77
311.37,200.07,40.58,42.22
309.88,198.89,40.39,42.30
309.50,202.32,40.17,42.49
309.08,201.05,40.28,42.78
308.57,200.18,40.36,42.95
308.32,199.24,40.13,43.10
307.87,202.78,39.91,42.87
306.56,201.24,39.55,42.77
304.94,199.52,39.45,42.78
303.90,198.06,39.36,42.55
302.53,196.07,39.11,42.96
302.24,193.65,38.70,43.18
300.36,191.56,38.56,43.48
298.72,189.24,38.57,43.97
299.24,187.85,38.75,43.62
299.40,187.05,39.08,43.74
298.33,184.96,39.00,44.09
298.83,184.88,39.18,44.23
300.19,187.98,39.24,43.87
298.72,184.89,39.01,43.83
300.86,183.31,38.89,43.90
300.91,183.26,39.10,44.03
301.58,182.74,39.02,44.12
302.21,182.19,39.15,43.90
303.65,184.91,38.93,43.64
304.12,183.34,38.89,43.50
303.55,181.57,38.73,43.80
303.55,180.45,38.82,43.93
303.88,179.49,38.96,43.88
306.35,179.09,38.92,43.93
303.88,173.00,39.39,44.14
303.61,170.69,39.55,44.37
303.77,168.10,39.77,44.39
303.84,165.66,39.76,44.36
304.97,163.99,39.74,44.29
305.08,162.03,39.33,44.55
306.15,161.29,39.42,44.70
307.13,160.50,39.42,44.84
307.57,159.93,39.47,44.88
308.11,159.08,39.41,45.12
310.53,161.94,39.27,44.76
310.84,159.96,39.42,44.59
307.45,158.23,38.99,44.72
308.55,157.22,38.87,44.89
308.90,156.98,39.24,45.13
310.39,159.43,39.53,44.96
307.67,157.19,39.26,44.88
308.37,156.45,39.43,44.80
309.79,159.15,39.35,44.20
307.55,156.71,38.80,44.30
305.71,155.29,38.17,44.65
307.96,158.38,38.42,44.28
305.53,155.95,38.26,44.41
306.64,154.54,38.57,43.73
304.61,152.79,37.95,43.96
307.01,155.50,38.18,42.73
303.53,148.74,38.02,42.65
300.10,142.34,37.94,42.76
300.56,140.69,38.30,42.61
299.22,138.67,37.96,43.09
297.78,136.46,37.82,43.37
297.02,134.34,37.67,43.34
297.74,133.49,38.45,42.97
296.67,131.80,38.41,43.06
294.93,130.67,38.70,42.96
292.89,129.34,39.06,42.87
295.20,131.85,39.73,42.02
291.64,130.95,40.13,41.69
288.93,129.42,40.13,41.66
290.26,132.53,40.40,41.05
287.60,130.43,40.01,41.05
289.57,132.68,40.12,40.50
286.54,130.68,39.87,40.38
287.00,128.90,39.88,40.54
284.81,127.22,39.49,40.98
-3.02,-5.34,63.18,144.43
-5.45,-10.78,64.53,147.24
285.08,126.25,39.00,41.28
-5.46,-8.48,66.12,148.09
-7.90,-15.48,67.02,149.98
284.83,120.05,39.17,40.34
-7.25,-14.82,67.94,149.64
-9.02,-20.01,67.29,151.07
286.44,116.82,39.17,39.19
-7.49,-19.80,67.71,151.24
283.92,114.02,38.16,39.07
282.83,111.75,37.57,38.89
280.57,109.63,36.98,38.44
278.14,101.78,36.83,38.26
277.25,99.46,37.27,38.34
274.59,97.15,36.90,38.98
274.01,99.35,36.84,39.48
273.57,96.96,36.51,40.42
-7.20,-20.08,63.43,153.25
-8.25,-14.42,62.86,153.22
-3.73,-18.44,62.14,152.56
270.67,93.49,34.76,41.86
-8.13,-15.16,61.76,152.87
-8.30,-20.26,61.84,153.65
-4.22,-21.96,61.57,152.70
-6.74,-14.35,61.73,152.65
-7.48,-20.04,61.99,153.25
-3.91,-11.84,62.91,150.99
-7.21,-18.47,63.20,152.67
-3.52,-10.26,63.85,150.00
-6.36,-17.13,64.88,151.84
-8.60,-21.37,64.77,153.16
-4.21,-13.30,65.30,152.07
-7.07,-20.21,65.09,153.32
-7.70,-14.02,64.75,154.61
-3.26,-19.83,65.66,153.63
-6.46,-14.52,67.19,154.89
265.23,70.97,23.61,56.54
-3.42,-13.59,67.40,155.11
265.23,69.96,23.59,59.58
263.00,68.93,23.33,60.92
265.64,73.63,23.56,61.81
-4.80,-24.85,69.05,158.17
-8.15,-18.38,69.65,158.60
-3.20,-22.93,69.73,158.36
-7.81,-15.91,70.67,158.04
-9.92,-23.32,71.45,159.30
-3.89,-15.61,71.18,158.39
-8.59,-21.99,72.35,159.61
-9.91,-16.31,72.35,159.98
-4.55,-9.75,72.45,158.38
271.62,84.59,27.83,57.32
-10.38,-11.06,73.51,159.27
-4.39,-5.80,72.86,159.41
-7.93,-12.84,73.75,161.05
-9.40,-7.03,74.18,161.61
-3.70,-1.31,73.51,161.32
-8.20,-7.21,74.85,163.55
270.75,101.43,25.70,55.68
-2.76,-4.88,76.17,165.20
-6.81,0.45,77.34,168.21
-0.74,7.13,77.37,167.85
-6.10,3.00,79.04,168.62
-1.24,10.86,78.98,168.22
273.43,118.23,24.49,52.90
1.51,11.00,81.43,168.49
-3.82,19.30,83.09,169.14
291.80,123.96,23.83,52.14
294.77,124.63,23.82,52.01
302.30,126.50,23.31,52.35
300.97,124.98,23.20,53.02
7.15,16.34,87.26,169.89
302.07,124.83,23.51,53.31
300.85,123.58,24.15,53.81
303.63,127.99,24.52,54.13
306.01,130.16,24.88,53.44
308.14,130.23,25.47,53.10
311.64,127.06,25.43,53.28
304.51,114.89,25.40,53.67
306.58,118.76,24.56,55.03
303.92,139.73,25.09,53.61
307.24,139.39,25.27,53.08
310.54,136.53,24.46,52.75
308.56,141.73,24.72,51.55
306.81,144.80,24.81,50.71
305.85,146.89,24.45,49.86
304.46,148.00,24.36,49.07
307.69,148.16,24.27,48.12
310.53,148.04,24.40,47.32
313.13,147.52,24.19,46.66
312.92,145.95,23.94,46.71
316.12,145.03,23.95,46.19
318.59,144.78,23.73,46.05
316.24,145.74,23.38,45.71
313.84,146.90,23.00,45.66
320.66,144.06,22.47,45.95
322.83,144.72,22.05,45.65
325.18,145.82,21.63,45.20
327.31,147.02,21.27,44.73
329.17,148.20,20.71,44.19
330.84,149.18,20.17,43.59
304.94,145.60,20.44,43.95
303.61,145.24,20.41,44.64
310.50,143.23,19.86,45.49
313.14,141.49,19.37,46.40
33.80,16.61,139.46,169.08
304.57,144.48,20.31,45.60
302.53,145.77,20.97,45.04
303.85,146.63,21.33,44.45
305.86,145.65,21.26,44.73
303.95,143.86,20.63,45.84
310.72,139.78,20.16,47.64
4.43,13.89,151.39,171.17
316.32,138.20,19.68,49.68
314.30,138.88,19.66,50.58
316.32,137.44,19.86,50.76
313.85,138.46,19.99,51.80
311.66,138.24,20.96,51.80
309.88,135.28,21.52,52.04
311.28,133.98,21.68,51.98
309.05,132.43,21.77,52.49
306.82,135.00,22.77,52.38
304.66,134.07,23.73,52.61
302.65,133.13,24.53,53.17
303.88,131.66,25.24,53.24
305.51,129.96,25.37,53.51
302.43,132.76,25.61,53.15
305.14,130.73,25.64,52.99
-0.84,29.35,149.13,168.91
-8.88,27.50,148.96,168.93
-1.49,23.45,148.08,169.08
310.41,133.36,25.86,54.23
312.58,132.53,24.64,56.62
315.00,132.18,23.76,58.28
-1.12,32.43,144.72,167.85
-7.56,30.12,143.65,168.48
321.22,135.64,22.09,58.99
318.81,134.92,22.02,59.34
320.17,136.99,22.16,59.04
321.96,137.44,22.39,58.98
319.52,138.48,22.55,59.79
321.31,135.66,22.82,60.73
327.80,131.61,23.15,61.59
329.15,127.79,23.67,62.46
331.42,124.89,24.24,63.96
333.71,122.92,24.44,65.34
335.69,125.49,24.98,65.84
336.97,124.38,25.47,66.11
334.47,126.47,25.73,66.09
-4.96,22.78,138.03,175.14
338.38,128.68,25.58,65.01
340.43,130.82,25.08,64.12
-2.17,22.88,135.90,174.86
-5.67,22.32,135.37,173.57
-8.07,20.69,134.14,173.59
0.14,22.33,133.33,171.63
-5.19,20.25,132.52,171.35
345.02,129.07,22.38,65.15
347.91,127.66,22.31,64.43
345.71,127.59,22.37,64.77
348.57,124.36,22.22,65.58
346.74,121.99,22.44,65.45
349.43,120.46,22.40,64.71
351.76,114.87,22.51,64.21
349.74,112.73,21.93,64.44
352.45,109.38,21.59,65.14
350.87,107.85,21.77,65.50
-9.33,13.05,128.21,170.24
-10.63,10.31,129.03,169.61
-10.45,7.45,129.80,169.00
-10.80,5.94,130.31,168.19
359.57,99.33,20.82,63.92
-11.24,4.07,130.41,167.51
-2.49,3.61,129.25,165.87
-7.07,1.99,128.94,165.70
0.21,1.63,128.15,163.64
357.43,97.06,21.19,63.36
354.90,94.99,21.13,63.28
357.32,100.21,21.28,63.05
359.45,99.16,21.33,64.11
356.44,97.78,21.37,63.68
-6.14,0.63,128.26,164.66
357.17,97.44,21.79,63.48
355.47,96.89,21.78,63.54
357.86,100.65,22.07,63.43
359.71,105.63,22.52,62.77
-6.99,8.83,127.89,164.54
0.67,6.56,127.02,163.16
-5.09,5.07,127.55,163.99
359.23,110.29,22.29,62.98
357.84,109.54,22.02,62.84
360.45,110.38,21.97,62.60
358.81,111.85,21.82,62.47
360.73,112.71,22.02,62.09
359.28,113.54,22.87,60.54
361.32,112.85,22.80,60.05
363.46,112.73,23.50,58.95
361.15,112.58,23.85,58.24
-4.53,14.78,132.07,165.17
0.77,8.15,131.41,164.69
367.30,114.03,24.68,57.31
3.32,2.19,132.26,166.42
-3.65,16.02,133.56,165.66
1.21,8.72,133.00,165.53
363.32,112.00,24.78,58.47
365.37,114.36,25.03,58.65
363.53,111.87,25.31,59.43
2.96,8.46,134.73,165.42
363.49,113.32,25.71,59.32
361.71,111.78,25.96,59.59
363.27,110.66,26.33,59.56
4.98,2.67,139.12,166.69
363.34,113.82,26.39,58.99
4.35,3.31,140.26,167.05
-3.72,3.90,141.85,166.47
361.42,113.00,25.96,59.45
359.74,113.63,25.73,59.55
360.99,113.09,25.79,59.80
358.81,112.34,25.42,59.96
2.18,-0.63,144.23,168.76
354.99,112.23,25.08,60.73
352.84,110.54,25.26,60.61
350.61,109.36,25.50,60.53
348.64,109.99,25.68,60.39
351.00,108.72,26.14,59.90
348.84,107.13,26.36,59.93
347.17,106.78,26.56,59.61
345.61,106.70,26.67,59.63
344.03,105.89,26.90,59.55
343.18,102.61,26.88,59.44
341.62,103.63,26.83,59.20
340.49,99.69,26.56,58.92
339.78,98.15,26.27,58.53
338.08,97.02,26.12,58.13
336.47,99.48,25.66,58.75
334.52,97.71,25.52,58.68
332.68,100.06,25.26,58.64
330.72,101.50,24.78,58.89
328.41,98.54,23.86,59.56
-2.51,-11.46,154.63,165.38
324.29,94.03,22.88,59.67
322.89,93.34,22.54,59.47
320.10,94.71,22.44,59.52
321.81,92.30,22.51,59.71
317.96,96.24,22.69,59.98
314.62,97.62,23.01,60.90
312.84,96.40,22.73,61.65
314.84,94.46,22.62,61.84
-9.96,-13.80,164.25,163.44
308.60,95.41,22.73,62.23
306.03,93.64,22.74,62.15
303.38,93.21,22.72,62.53
301.12,93.83,22.55,63.25
298.77,94.51,22.49,63.43
300.76,94.26,22.20,63.60
302.93,91.19,22.02,64.08
300.03,93.03,22.01,64.14
297.33,94.18,21.91,64.28
295.75,94.96,22.14,63.79
294.84,97.69,22.17,63.34
293.17,99.73,22.28,63.24
290.81,99.98,22.44,63.00
293.30,99.58,22.49,62.90
290.45,100.95,23.35,61.80
288.28,99.77,23.98,60.89
290.32,102.04,25.25,59.77
282.42,103.45,25.58,59.44
279.64,104.02,25.89,59.06
277.06,106.39,25.90,58.67
279.16,107.47,25.89,58.28
276.62,108.35,25.75,57.82
278.45,110.20,25.85,57.00
276.36,110.42,25.93,56.82
275.19,110.90,25.38,57.10
278.04,112.27,25.07,57.47
276.74,113.44,24.64,57.61
275.62,114.42,24.58,57.11
278.69,114.79,24.65,56.88
276.77,115.18,24.27,56.72
278.26,116.34,24.49,55.77
275.92,114.20,24.32,55.10
277.32,116.95,24.48,54.59
278.34,117.57,24.81,53.89
275.28,118.03,24.76,53.21
277.61,118.62,24.51,53.70
277.15,115.27,24.04,54.18
276.49,117.12,23.62,54.17
279.99,114.48,23.34,54.71
279.56,113.80,23.02,55.08
278.49,116.78,22.92,54.71
277.54,117.34,22.64,54.04
280.46,115.16,22.77,53.94
278.80,115.31,23.00,53.60
277.26,118.05,23.44,52.77
276.31,120.37,23.55,52.14
274.81,122.24,24.07,51.35
275.96,118.74,24.85,50.72
276.51,118.29,25.64,50.33
277.12,120.35,27.86,48.38
275.32,115.01,27.34,48.75
281.28,113.70,28.73,47.82
283.75,112.50,29.92,46.57
288.75,110.73,31.13,45.49
290.11,112.84,31.77,44.58
293.39,112.73,30.09,45.61
297.01,108.86,28.68,46.41
300.51,109.63,27.75,46.96
303.85,110.61,26.83,47.46
306.64,111.70,26.30,48.12
309.56,113.26,25.59,48.74
312.64,114.44,24.78,49.47
314.65,114.47,24.21,50.18
317.24,114.80,23.63,50.32
318.95,114.39,23.53,50.31
320.22,114.07,23.34,50.66
322.81,110.89,23.08,50.64
325.09,111.28,22.81,50.78
326.33,112.85,22.80,50.64
324.37,117.44,22.71,50.36
325.91,116.53,22.67,50.09
323.71,117.15,22.39,50.45
322.16,116.83,22.03,50.92
320.66,116.00,21.97,51.05
322.15,114.72,22.15,51.39
319.97,113.79,21.51,52.33
322.32,116.47,21.24,53.08
323.98,116.21,21.69,53.50
325.60,116.08,22.01,53.77
327.76,115.99,21.90,54.33
329.38,115.93,21.68,54.84
331.38,113.36,21.73,55.84
334.00,111.64,21.58,56.43
337.35,112.90,21.39,56.88
339.86,112.13,21.05,57.08
342.38,112.62,22.02,55.84
345.81,110.28,22.48,55.75
344.18,111.55,22.85,55.73
347.01,110.70,23.11,55.84
349.45,110.78,23.28,56.38
351.96,108.40,23.60,56.41
354.38,106.78,23.75,56.49
356.04,104.88,24.16,56.05
357.51,107.52,24.52,55.74
355.65,107.67,24.54,55.87
358.27,108.89,24.49,56.53
366.23,109.44,24.67,56.55
368.32,109.05,26.72,54.65
369.64,108.16,29.10,52.81
370.85,112.26,31.27,51.18
372.31,111.06,32.72,50.06
375.56,107.27,31.19,52.21
379.33,108.71,30.02,54.07
382.74,108.02,28.83,55.53
386.03,108.46,28.00,56.38
389.97,108.71,27.11,57.08
393.52,108.63,25.95,58.29
393.02,110.03,25.45,59.06
392.68,110.66,25.23,59.31
397.31,108.37,24.38,59.92
399.98,105.87,23.89,60.68
397.95,107.83,24.43,60.61
396.18,105.62,24.74,60.81
394.14,106.60,25.48,60.97
391.73,106.07,26.06,61.12
394.61,107.64,25.97,61.09
391.92,104.64,25.93,61.43
395.15,107.40,25.89,61.87
392.91,108.13,25.78,62.56
390.38,108.64,26.01,62.64
387.21,108.67,25.98,63.40
388.89,108.53,25.92,63.97
385.62,108.60,25.80,64.16
382.25,109.32,26.39,63.91
384.92,109.43,26.54,63.95
388.25,110.03,26.82,63.65
391.15,110.93,26.90,63.52
388.59,112.54,27.42,63.21
386.11,114.99,27.88,63.37
388.74,116.65,28.26,62.85
391.42,118.19,28.31,62.39
389.68,123.37,28.31,61.83
391.79,124.95,28.14,61.76
389.81,126.30,27.83,61.61
388.49,127.85,27.46,61.56
387.55,129.45,27.12,61.25
390.49,130.66,26.10,61.93
388.68,132.37,26.09,61.57
386.74,133.37,25.91,61.84
385.46,134.33,25.77,62.11
388.08,134.73,25.76,62.45
386.04,136.88,25.84,62.35
384.56,139.07,25.88,61.89
383.41,141.11,25.58,61.80
382.06,143.15,25.48,61.12
384.06,143.48,25.95,60.36
381.57,144.51,26.08,59.82
379.78,145.88,26.12,59.51
382.19,147.34,26.56,58.78
381.26,147.87,26.38,58.18
384.67,148.00,26.35,57.98
383.32,148.98,26.26,57.38
386.11,150.25,26.56,56.83
384.61,150.63,26.31,56.50
387.41,153.36,26.51,56.15
390.02,152.71,26.57,56.00
388.10,153.11,26.28,55.75
385.78,154.52,25.86,55.68
388.35,155.08,25.67,55.40
386.43,155.98,24.44,56.41
384.00,156.88,24.42,55.75
386.27,160.32,24.44,55.05
386.27,160.32,24.44,55.05
379.01,160.68,24.53,54.23
376.48,162.47,24.49,53.39
378.30,165.65,24.43,53.01
375.86,167.56,24.34,52.44
373.63,170.57,24.01,52.08
371.32,173.08,23.70,51.93
369.26,176.36,23.57,51.62
367.41,177.48,23.22,51.31
383.34,181.23,25.28,50.34
384.08,181.41,26.21,50.58
380.66,183.55,26.96,50.63
377.81,183.86,27.59,50.54
378.91,183.63,28.40,50.24
375.27,185.26,29.02,50.23
375.27,184.89,29.54,50.83
369.58,185.85,31.37,49.84
369.22,185.99,32.82,49.01
367.74,186.11,33.99,48.45
362.82,187.62,34.86,47.85
363.77,187.96,35.30,47.53
364.67,188.41,35.92,47.12
365.51,188.40,36.01,47.11
365.68,187.19,35.98,47.15
365.62,186.57,36.11,47.23
365.26,186.33,36.68,47.38
360.48,185.23,37.09,47.67
356.40,185.02,37.57,47.41
357.98,183.01,37.96,47.49
364.03,180.13,38.15,48.30
355.20,179.03,38.31,49.11
-6.54,62.57,95.28,179.50
354.87,180.68,38.45,50.74
356.18,177.91,38.50,51.51
352.20,179.45,38.56,52.23
-10.61,63.64,88.65,183.16
351.96,177.01,37.01,54.95
355.89,179.15,35.31,57.21
354.41,178.05,34.11,58.62
357.80,180.54,33.04,59.81
359.63,179.57,32.59,60.16
362.36,180.92,32.07,60.51
363.98,182.98,32.07,61.05
-8.97,69.26,74.97,194.81
363.96,188.09,31.31,62.78
366.11,187.05,31.34,63.58
367.43,188.95,31.14,64.02
364.36,191.04,30.71,64.55
365.99,189.80,30.70,64.91
367.94,191.63,30.49,65.06
365.22,190.64,30.35,65.34
367.00,192.20,30.34,65.37
364.81,191.58,30.19,65.52
363.52,193.80,29.74,65.56
362.27,192.09,29.45,65.69
360.59,193.56,28.95,65.33
364.39,192.54,28.96,64.98
361.46,192.22,28.80,64.68
358.45,194.46,28.63,63.89
366.74,195.60,28.68,63.90
366.74,195.60,28.68,63.90
369.44,195.56,27.78,66.19
360.53,197.35,27.86,66.24
363.17,197.41,28.09,66.52
360.87,198.38,27.15,67.31
363.43,197.98,26.69,67.92
365.98,196.71,26.38,68.69
363.21,196.18,25.63,69.63
365.03,199.32,25.21,70.60
366.92,199.03,25.14,71.42
364.60,201.13,24.20,72.27
366.29,201.56,24.19,73.00
364.11,200.77,23.67,73.31
365.83,199.28,23.84,73.56
363.24,199.15,23.37,74.23
365.21,198.35,23.33,74.62
366.90,197.69,23.51,75.19
364.57,198.10,23.29,75.63
366.90,196.61,23.44,76.18
364.79,197.73,23.19,76.82
367.18,197.77,23.56,77.10
369.04,200.00,23.95,77.47
366.10,199.22,23.95,77.83
368.47,198.20,24.22,78.34
365.65,197.66,24.22,78.74
368.83,195.77,24.41,78.75
371.27,194.95,24.62,78.76
373.26,196.79,24.91,79.40
382.40,196.36,25.20,81.93
384.75,194.83,25.60,83.90
381.14,194.48,26.25,85.67
383.60,192.71,26.69,88.39
385.17,190.81,27.49,90.31
380.74,189.70,28.16,91.84
383.38,186.72,28.94,92.27
385.72,186.39,29.60,93.55
381.43,187.13,30.08,93.59
384.29,187.39,30.96,94.25
381.15,188.80,31.15,94.43
384.45,191.72,31.46,95.76
381.74,192.14,31.61,95.63
385.19,193.94,32.02,95.75
389.01,194.54,32.24,95.38
392.35,194.35,32.12,94.95
395.48,194.22,32.21,95.22
398.91,192.68,32.30,95.44
395.70,192.73,32.31,95.26
400.85,195.86,31.90,94.72
404.70,195.56,32.16,94.66
402.90,195.89,31.69,93.92
406.40,195.77,32.01,93.70
409.36,191.82,32.31,93.43
406.90,187.19,31.73,93.20
411.49,183.23,31.23,93.23
414.43,180.90,31.39,93.17
413.01,176.68,30.62,93.44
415.48,176.59,30.92,93.08
417.38,176.92,31.27,93.91
419.35,176.70,31.82,95.09
416.82,182.53,32.94,93.42
419.61,180.38,34.51,93.42
416.32,185.46,35.19,93.08
414.39,187.86,35.34,92.87
417.76,191.56,35.97,92.39
415.69,189.15,35.91,92.23
419.19,194.95,36.32,91.76
416.04,193.21,36.31,91.97
413.61,195.23,36.14,92.35
417.55,193.86,36.56,92.82
414.21,199.18,36.54,92.32
417.39,198.26,36.96,91.52
413.92,200.53,36.80,91.26
417.48,201.45,36.86,90.43
414.62,199.63,36.70,89.73
417.49,200.52,36.89,89.09
419.83,202.32,36.73,88.98
416.88,199.63,36.20,89.55
420.20,201.74,35.78,89.69
418.71,199.07,35.41,89.28
422.00,201.26,35.74,88.38
420.40,202.37,35.44,87.50
423.90,204.68,36.30,86.59
422.18,204.35,36.36,86.64
424.45,207.89,37.47,86.54
422.67,207.90,37.51,86.87
425.83,206.22,38.08,86.63
423.89,208.73,38.01,87.34
427.66,206.12,38.58,86.78
424.90,207.41,38.56,87.23
423.75,207.67,38.22,87.89
427.01,208.38,38.88,87.46
424.35,208.00,38.69,87.99
421.89,210.05,38.60,87.46
419.41,211.15,38.47,87.13
422.86,209.26,41.27,83.88
419.17,212.95,43.84,80.76
419.17,212.95,43.84,80.76
417.19,211.65,42.00,80.41
421.74,214.41,41.13,81.76
423.87,212.62,41.01,83.50
420.05,210.10,40.60,84.32
418.63,206.84,39.39,85.47
416.65,205.38,38.59,86.67
414.77,204.14,38.08,88.48
413.19,206.01,37.60,89.15
411.66,201.13,37.67,89.56
409.75,198.30,37.91,89.91
407.97,196.39,38.01,90.59
405.93,192.77,38.15,91.03
403.82,190.22,38.30,91.55
401.74,188.65,38.23,91.57
400.00,186.63,37.81,92.03
397.38,183.10,38.42,93.31
403.94,176.72,38.13,92.65
404.38,175.08,37.72,92.33
403.15,173.24,37.58,91.32
408.17,171.66,37.87,91.91
406.57,170.62,37.86,91.45
403.82,171.11,37.91,91.06
408.53,167.77,37.58,89.55
411.56,167.72,37.73,88.50
409.20,168.36,36.99,86.67
412.27,167.44,36.69,86.19
409.82,166.60,36.33,84.80
408.48,167.75,35.74,83.76
407.77,168.07,35.38,82.21
406.93,168.39,35.23,80.48
406.29,168.37,34.90,79.24
409.98,167.70,34.80,78.54
408.21,167.88,34.14,78.10
410.99,167.04,33.87,78.11
409.30,166.67,33.32,77.68
411.77,165.62,33.27,77.34
409.88,164.75,32.94,77.20
412.27,163.47,33.01,77.43
410.45,164.88,33.08,76.98
414.07,164.72,33.13,76.15
411.88,165.43,33.27,75.50
414.97,165.77,33.40,74.86
417.26,165.46,33.77,74.79
414.78,166.83,33.70,74.05
417.67,165.90,33.59,74.06
415.63,168.20,33.17,74.07
418.38,168.57,32.84,74.89
419.66,168.35,32.95,75.21
416.80,170.89,32.35,74.94
419.30,171.70,32.49,74.82
420.76,172.84,32.66,74.99
417.64,174.98,32.34,74.80
419.98,175.81,32.41,74.27
421.47,175.94,32.47,74.41
418.51,178.29,32.12,74.03
421.03,178.01,32.01,74.15
418.28,180.01,31.75,73.88
421.33,183.19,31.53,74.39
422.94,184.68,31.83,74.70
420.36,187.01,31.55,74.41
422.98,190.71,31.59,74.78
420.14,192.39,31.24,74.68
421.66,193.89,31.56,75.38
422.83,194.74,32.09,76.07
419.72,198.77,31.89,76.26
416.79,200.85,31.73,75.72
418.32,202.64,32.32,75.45
415.90,207.63,31.77,75.62
413.85,208.64,31.66,74.74
415.54,210.03,32.06,74.85
413.00,214.81,31.55,75.33
414.51,215.83,31.86,75.64
411.76,217.59,31.70,74.98
413.73,217.61,31.84,75.18
411.69,217.35,31.51,74.94
413.41,218.86,31.93,74.86
415.30,219.18,32.11,75.01
412.57,220.90,31.79,74.40
415.29,220.39,31.90,74.30
412.52,220.58,31.63,74.04
415.45,220.02,31.74,73.77
413.51,220.32,31.49,73.10
415.90,220.78,31.61,73.01
417.50,219.58,31.85,73.75
414.64,220.69,31.55,73.87
417.37,219.82,32.23,74.53
419.69,219.16,32.68,75.14
416.91,220.15,32.14,76.59
418.91,220.09,32.69,78.19
420.55,218.90,33.74,78.91
419.50,221.52,33.49,79.25
417.34,218.02,33.70,79.19
419.99,215.61,34.40,80.48
417.27,214.50,34.53,81.70
420.18,212.97,35.41,83.13
417.47,211.57,35.61,84.92
420.75,210.46,36.66,85.79
418.54,208.26,36.73,86.86
415.78,207.01,36.74,88.90
413.58,207.39,36.96,89.95
418.77,206.66,37.17,90.45
416.25,206.58,37.41,91.21
414.84,206.12,37.56,91.00
418.67,204.44,38.22,91.14
416.30,203.33,38.07,92.28
413.45,207.19,38.06,92.36
410.87,207.24,38.52,93.34
416.29,204.47,38.46,92.63
414.64,204.25,38.40,92.22
411.79,204.15,38.89,91.17
409.92,205.40,39.22,90.95
413.32,205.96,40.16,90.42
409.35,205.73,40.88,90.47
410.98,204.86,41.78,90.42
404.93,205.53,42.49,89.84
403.47,206.54,42.02,88.21
403.72,206.02,41.80,85.95
403.71,207.24,41.60,83.69
404.17,208.06,41.16,81.70
404.23,208.93,40.60,80.06
404.03,209.92,40.09,78.55
404.08,209.12,39.52,76.90
406.86,209.60,39.87,75.64
405.07,210.19,39.34,74.50
407.48,210.82,39.53,73.33
405.10,211.05,38.79,72.29
408.13,211.36,38.36,71.91
406.72,213.72,37.35,70.87
409.39,212.60,37.31,70.16
411.56,213.06,37.21,70.48
409.96,212.56,36.28,70.89
411.83,212.16,36.21,70.65
410.31,211.62,35.34,70.61
412.03,212.27,35.44,71.10
410.45,211.20,34.56,71.12
413.05,211.29,34.42,70.87
410.99,212.97,33.98,69.98
414.14,215.74,33.83,69.47
411.81,214.02,33.65,68.82
413.53,217.49,33.88,68.92
411.21,215.63,33.63,68.75
413.05,219.26,33.90,69.06
410.04,218.39,33.76,69.21
412.19,221.96,33.86,69.84
408.48,220.92,34.01,70.46
406.32,218.82,33.79,71.05
408.58,222.32,34.08,71.98
405.79,219.30,34.26,72.19
402.55,217.19,34.62,72.35
399.11,220.16,34.75,73.49
408.54,221.45,34.38,74.94
404.00,220.64,34.42,75.86
401.38,223.37,33.58,75.29
398.38,221.42,33.28,75.62
395.98,224.15,32.78,75.07
399.25,226.94,32.78,74.70
402.43,224.90,32.88,74.97
402.43,224.90,32.88,74.97
399.39,216.31,33.22,75.21
397.39,212.92,33.54,75.21
395.72,211.12,33.90,74.89
399.32,211.28,34.00,74.48
397.00,210.96,34.03,74.27
400.61,213.03,34.03,74.78
397.99,210.71,34.15,75.24
397.54,207.65,33.93,75.99
396.99,205.04,34.06,76.11
395.39,203.52,34.74,75.64
391.96,208.42,35.80,75.68
389.51,201.52,36.78,75.17
392.73,200.81,36.86,74.93
389.49,200.13,37.21,74.12
390.27,199.44,40.55,70.56
383.71,198.73,43.36,67.81
384.36,203.30,45.63,66.02
377.88,201.59,47.49,64.12
371.81,199.95,48.88,62.80
359.38,203.33,50.18,62.21
360.21,201.54,51.81,61.22
354.90,199.97,53.62,60.32
356.52,203.04,54.82,60.10
366.78,200.35,55.06,60.10
369.76,199.13,55.09,59.61
365.52,202.96,55.48,59.83
361.65,201.33,55.29,60.06
356.87,205.88,55.59,60.74
359.96,203.39,55.64,60.65
356.43,202.51,55.33,60.48
353.63,202.10,54.79,60.36
350.36,201.39,54.14,60.29
354.13,199.12,53.88,59.92
349.68,202.11,53.21,59.96
347.12,199.81,52.42,59.36
350.71,204.05,51.92,58.85
354.90,207.76,51.29,59.05
357.58,209.75,51.43,59.03
360.04,211.20,51.09,59.94
356.57,210.27,50.96,60.15
358.91,213.42,51.48,60.49
355.14,212.52,52.01,60.76
352.12,215.88,52.17,61.08
354.67,217.83,53.01,61.65
357.28,216.67,53.84,61.60
359.71,219.56,54.22,61.81
361.23,220.15,54.71,62.35
358.08,223.72,54.96,62.85
361.78,226.40,55.27,63.09
364.86,226.94,55.25,63.96
368.00,227.17,55.27,63.66
365.47,227.46,55.02,63.38
362.01,232.51,55.00,63.11
365.33,231.62,54.81,62.54
361.56,234.68,54.55,61.75
364.60,232.95,54.35,61.12
-5.16,12.17,58.34,195.74
363.75,239.22,54.77,60.54
-4.44,12.66,58.40,190.25
-2.78,28.61,59.22,190.15
372.28,244.74,54.84,59.36
374.59,246.92,54.96,58.74
375.75,246.55,55.18,57.65
376.89,250.89,55.27,56.89
377.55,254.12,55.25,56.08
378.74,256.93,54.48,55.14
381.06,259.12,53.79,54.21
382.63,261.41,52.98,53.63
377.24,263.65,53.08,52.84
378.56,260.98,53.66,52.25
379.09,260.40,54.38,51.76
373.82,258.69,54.96,51.73
374.12,261.60,55.63,51.86
369.35,259.78,55.60,52.65
371.17,262.36,56.11,53.28
372.38,260.52,56.61,53.53
368.70,263.48,57.22,53.83
370.85,261.07,57.65,54.08
372.88,258.99,57.75,54.50
-5.83,6.72,83.36,158.25
370.75,259.48,58.18,55.14
374.39,257.80,58.29,55.38
-5.58,3.68,85.41,154.43
-1.10,4.27,85.46,152.86
-4.92,1.60,86.02,152.33
-0.21,1.61,85.96,150.87
-4.34,-1.39,86.62,150.30
372.22,247.83,57.05,56.74
370.29,244.40,55.53,57.54
374.49,241.69,54.38,57.35
372.62,239.29,53.20,57.38
376.09,236.35,52.51,57.01
374.25,233.91,51.12,56.93
376.62,232.33,50.47,56.66
373.96,229.88,49.51,56.48
376.91,227.22,48.77,56.18
375.06,224.80,47.45,56.22
373.46,222.52,45.89,56.53
370.69,220.01,44.87,56.34
368.33,217.15,44.36,56.26
372.23,214.49,43.55,56.01
374.02,215.16,43.49,56.04
370.26,211.35,43.25,55.49
374.30,209.14,42.84,55.10
376.77,211.43,42.66,54.83
374.99,209.57,42.31,54.23
377.48,208.51,41.86,53.68
377.37,208.74,41.96,53.44
381.67,203.43,39.41,54.97
384.86,199.30,36.81,56.46
381.73,199.51,35.52,57.73
378.92,207.76,37.72,55.41
23.92,-24.91,87.03,129.15
381.34,195.43,39.02,55.00
383.25,201.36,40.27,54.03
384.25,202.45,41.26,52.99
384.25,202.45,41.26,52.99
384.69,196.95,40.98,53.07
385.35,191.51,40.80,53.84
384.21,188.86,41.25,54.83
381.21,193.38,41.65,55.14
376.72,195.50,41.35,55.69
375.57,198.66,40.99,55.29
372.98,198.22,41.13,54.58
370.52,198.33,41.58,54.20
368.09,196.89,41.92,54.29
364.95,195.71,42.20,54.42
361.93,197.47,42.37,54.69
362.83,195.28,42.52,54.66
357.76,194.89,43.49,54.64
358.38,194.20,43.71,54.77
353.88,197.11,44.47,55.13
351.98,196.41,45.15,56.20
351.20,197.74,45.61,57.55
349.52,198.63,46.03,58.04
349.34,200.01,46.56,59.07
348.75,198.55,47.04,60.58
348.35,201.92,47.64,61.41
346.69,202.98,48.38,62.14
346.32,205.88,48.57,61.99
344.58,205.96,48.90,62.45
343.88,209.43,49.26,61.79
342.89,209.23,49.14,62.13
343.12,212.10,48.66,61.65
342.61,211.12,48.24,61.87
344.55,212.20,48.26,62.15
342.68,215.15,48.15,62.01
340.88,214.85,47.79,62.41
339.89,219.46,47.41,62.09
339.88,218.60,46.98,62.24
342.49,219.41,47.15,62.20
340.57,222.20,47.15,61.80
339.44,224.73,47.42,61.69
341.56,224.33,47.84,61.39
342.67,224.54,48.10,61.73
340.26,226.31,48.33,61.44
341.13,224.85,48.66,61.64
342.27,228.11,48.74,61.26
340.42,230.03,48.38,61.20
341.12,229.76,48.32,61.13
341.96,231.59,48.05,61.04
342.24,230.36,47.75,61.06
340.02,229.73,47.30,61.42
340.54,228.84,47.16,61.14
338.60,230.29,47.17,60.92
338.91,229.65,47.34,60.73
337.33,231.60,47.73,60.64
335.94,231.56,47.68,60.89
333.03,234.38,48.29,60.61
330.81,233.74,48.58,60.83
329.29,237.04,48.61,60.46
330.12,236.10,49.31,60.29
327.45,235.15,49.18,60.41
325.71,237.35,49.62,59.98
323.59,236.00,49.32,60.45
321.45,237.50,49.04,60.59
323.11,236.69,48.86,61.03
320.22,240.15,48.96,60.73
318.10,241.62,48.99,60.36
315.45,240.48,48.61,60.75
313.87,243.71,48.35,60.14
311.89,242.19,47.61,59.95
309.46,245.71,47.59,59.01
307.30,244.17,47.35,58.44
305.85,247.14,47.76,57.74
302.52,245.67,47.86,57.59
300.75,248.62,47.91,57.10
298.40,247.43,47.56,57.52
295.39,248.08,47.51,57.77
292.51,248.05,47.26,57.64
289.42,247.39,46.99,57.39
287.44,246.04,46.71,57.44
284.78,249.58,46.99,56.85
283.05,247.37,46.64,56.74
279.87,250.73,46.90,55.99
277.45,248.73,46.43,55.91
275.28,251.57,46.59,55.06
272.87,250.19,46.25,54.95
272.79,249.84,46.19,54.87
268.86,249.49,46.12,54.84
267.34,249.29,45.76,54.59
264.47,249.53,45.71,53.99
262.68,252.54,45.76,52.93
260.46,251.57,45.41,52.82
258.40,254.35,45.55,52.18
255.48,253.24,45.31,52.06
252.05,253.04,44.99,52.08
249.97,256.16,45.07,51.42
247.15,255.43,44.87,51.45
244.58,257.78,44.60,50.99
244.50,256.49,44.37,50.96
240.12,259.51,44.58,50.33
237.75,257.85,44.41,50.47
235.42,259.72,44.64,49.99
232.35,258.88,44.33,50.16
230.18,260.91,44.53,49.65
227.97,259.09,44.35,49.65
224.58,261.36,44.55,49.21
222.03,262.66,44.72,48.89
220.15,260.03,44.69,48.98
