0.21803980
0.00492890
0.00463430
0.00428110
0.00432530
0.00444040
0.00429990
0.00413980
0.00431270
0.00464410
0.00450670
0.00453850
0.00451710
0.00460060
0.00573460
0.00491740
0.00457160
0.00459880
0.00461540
0.00450630
0.00467780
0.00495170
0.00453710
0.00429260
0.00443090
0.00462430
0.00465640
0.00450310
0.00469130
0.00465700
0.00483010
0.00516370
0.00509390
0.00531840
0.00497220
0.00499170
0.00505720
0.00501450
0.00581520
0.00613810
0.00607920
0.00606950
0.00547510
0.00566600
0.00541060
0.00542550
0.00547160
0.00553490
0.00633930
0.00644890
0.00667750
0.00684770
0.00669290
0.00604220
0.00626220
0.00619770
0.00622810
0.00643350
0.00687260
0.00738950
0.00819460
0.00820950
0.00718510
0.00727130
0.00741030
0.00866300
0.00835790
0.00886250
0.00795250
0.00904940
0.00846120
0.00753510
0.00854010
0.00904110
0.00926280
0.00955150
0.00855160
0.00833880
0.00989310
0.00995500
0.01010610
0.01045510
0.01064260
0.00940680
0.01002890
0.00963880
0.01151630
0.00925780
0.00940410
0.01052040
0.00961920
0.00964220
0.00979540
0.01124470
0.01087030
0.00952520
0.00968010
0.01072360
0.01100200
0.01041970
0.01000140
0.01122410
0.01075120
0.01052610
0.01056080
0.00911330
0.00969600
0.00949620
0.00773780
0.00838840
0.00885350
0.00799690
0.00830190
0.00797100
0.00807540
0.00669720
0.00642490
0.00632120
0.00708900
0.00625760
0.00612140
0.00617930
0.00589490
0.00568080
0.00577520
0.00584210
0.00577500
0.00585220
0.00570710
0.00532630
0.00526110
