0.21292050
0.00510430
0.00469570
0.00471280
0.00470500
0.00490110
0.00543900
0.00564050
0.00517390
0.00521660
0.00493370
0.00509670
0.00474880
0.00515090
0.00509790
0.00486660
0.00543080
0.00521180
0.00480240
0.00502250
0.00511790
0.00534710
0.00502600
0.00478670
0.00501560
0.00529650
0.00523790
0.00551090
0.00488160
0.00493100
0.00473800
0.00462880
0.00488950
0.00469670
0.00482970
0.00478030
0.00505580
0.00512930
0.00535940
0.00493170
0.00494050
0.00529440
0.00481080
0.00501050
0.00513500
0.00476020
0.00513430
0.00487980
0.00562890
0.00510540
0.00475570
0.00500930
0.00550200
0.00513520
0.00503760
0.00458540
0.00447400
0.00450840
0.00472660
0.00501010
0.00484950
0.00460490
0.00485710
0.00497050
0.00546850
0.00505850
0.00465430
0.00463500
0.00543010
0.00536890
0.00489310
0.00479170
0.00477470
0.00480500
0.00509130
0.00483390
0.00517470
0.00545280
0.00544410
0.00540160
0.00527620
0.00494830
0.00505390
0.00487740
0.00530270
0.00532330
0.00468540
0.00491960
0.00488280
0.00501960
0.00535530
0.00462750
0.00503480
0.00550380
0.00551340
0.00548710
0.00544120
0.00585830
0.00545440
0.00489880
0.00507250
0.00502790
0.00524660
0.00493130
0.00516240
0.00542790
0.00490940
0.00486670
0.00490050
0.00534240
0.00535880
0.00548470
0.00508880
0.00511920
0.00539300
0.00601260
0.00535240
0.00500300
0.00503760
0.00511760
0.00545260
0.00499890
0.00462460
0.00492380
0.00493370
0.00550130
0.00555580
0.00545290
0.00597770
0.00552610
0.00517210
0.00557060
0.00521960
0.00474760
0.00515970
0.00647250
0.00529230
0.00540640
0.00550480
0.00532530
0.00509260
0.00494820
0.00515290
0.00505140
0.00496130
0.00478770
0.00502360
0.00505990
0.00529720
0.00573830
0.00594320
0.00573540
0.00544420
0.00516080
0.00507290
0.00498280
0.00507820
0.00490970
0.00554850
0.00569710
0.00632060
0.00567430
0.00579010
0.00516590
0.00500510
0.00509690
0.00502700
0.00460090
0.00468890
0.00489210
0.00512480
0.00498860
0.00489080
0.00537070
0.00563880
0.00637600
0.00525240
0.00560470
0.00549820
0.00552760
0.00525590
0.00533980
0.00530050
0.00528950
0.00511850
0.00531900
0.00523410
0.00558550
0.00534750
0.00534250
0.00545670
0.00590320
0.00558170
0.00493210
0.00529290
0.00505630
0.00539400
0.00541260
0.00526950
0.00550870
0.00576280
0.00554560
0.00540860
0.00562070
0.00531990
0.00538730
0.00503740
0.00508700
0.00486510
0.00513290
0.00531660
0.00503170
0.00517880
0.00522450
0.00544440
0.00547930
0.00524270
0.00485470
0.00485160
0.00530170
0.00527800
0.00500490
0.00526320
0.00469470
0.00464770
0.00515100
0.00547420
0.00537180
0.00533980
0.00517220
0.00548150
0.00553970
0.00492580
0.00501740
0.00467760
0.00464160
0.00508750
0.00514750
0.00476630
0.00494920
0.00497130
0.00536010
0.00542350
0.00505290
0.00530110
0.00477840
0.00475050
0.00466950
0.00496400
0.00511100
0.00504730
0.00494470
0.00488840
0.00498320
0.00981960
0.00553270
0.00533500
0.00531740
0.00474210
0.00474000
0.00546190
0.00530310
0.00518260
0.00484140
0.00539050
0.00526210
0.00520370
0.00531250
0.00526630
0.00530020
0.00516270
0.00535910
0.00534080
0.00535500
0.00529370
0.00518230
0.00528840
0.00501470
0.00492560
0.00525860
0.00489490
0.00545950
0.00511500
0.00535480
0.00531120
0.00564930
0.00554190
0.00531680
0.00514540
0.00502810
0.00555440
0.00530170
0.00524190
0.00536470
0.00525000
0.00485420
0.00530820
0.00554820
0.00567120
0.00567060
0.00541790
0.00527520
0.00492830
0.00502240
0.00497440
0.00480200
0.00472920
0.00521260
0.00503060
0.00519880
0.00531950
0.00527780
0.00533090
0.00519490
0.00523500
0.00510980
0.00559920
0.00502850
0.00489590
0.00482270
0.00483270
0.00504240
0.00524720
0.00543600
0.00509070
0.00484110
0.00496780
0.00521090
0.00512940
0.00494950
0.00525000
0.00514420
0.00543720
0.00518210
0.00524040
0.00512480
0.00546260
0.00546850
0.00544460
0.00577300
0.00522690
0.00529020
0.00566200
0.00538910
0.00528410
0.00541190
0.00562080
0.00547640
0.00554430
0.00552480
0.00559370
0.00550830
0.00557090
0.00547540
0.00544440
0.00518690
0.00528690
0.00565640
0.00552090
0.00501600
0.00549930
0.00521100
0.00577580
0.00507390
0.00520790
0.00557200
0.00507100
0.00506590
0.00497020
0.00503910
0.00508180
0.00505490
0.00537710
0.00521800
0.00528180
0.00525090
0.00520860
0.00568200
0.00501350
0.00499020
0.00524610
0.00478990
0.00477300
0.00484660
0.00490250
0.00517600
0.00510130
0.00482320
0.00484250
0.00482590
0.00521450
0.00512810
0.00503000
0.00489520
0.00514710
0.00490130
0.00514930
0.00516660
0.00597400
0.00557660
0.00486190
0.00483330
0.00501170
0.00558930
0.00511900
0.00489390
0.00489920
0.00487370
0.00484640
0.00506130
0.00537220
0.00541260
0.00540320
0.00519490
0.00500350
0.00506660
0.00532680
0.00535460
0.00514620
0.00552120
0.00531900
0.00541580
0.00533330
0.00501170
0.00492620
0.00519270
0.00513420
0.00530880
0.00524020
0.00539680
0.00529530
0.00524260
0.00524080
0.00533840
0.00518520
0.00499190
0.00502030
0.00500050
0.00501710
0.00482490
0.00472200
0.00466320
0.00456770
0.00488480
0.00510950
0.00542920
0.00522780
0.00573130
0.00540340
0.00583900
0.00000000
0.00000000
0.00000000
0.00000000
0.18780220
0.00501060
0.00493150
0.00519290
0.00514710
0.00532140
0.00546050
0.00525700
0.00500430
0.00532400
0.00491160
0.00530640
0.00538350
0.00486780
0.00488890
0.00501850
0.00489170
0.00502880
0.00524430
0.00508270
0.00500460
0.00488660
0.00507580
0.00532550
0.00520150
0.00519410
0.00529820
0.00514740
0.00504160
0.00513230
0.00521230
0.00490750
0.00480350
0.00523830
0.00504720
0.00528250
0.00510510
0.00539830
0.00541200
0.00526240
0.00525650
0.00546310
0.00599460
0.00509410
0.00483650
0.00513990
0.00486400
0.00520270
0.00536360
0.00508370
0.00484830
0.00511980
0.00510720
0.00519390
0.00495110
0.00541240
0.00502810
0.00519830
0.00519100
0.00503110
0.00502070
0.00505560
0.00502620
0.00517760
0.00511290
0.00485360
0.00478780
0.00485270
0.00501770
0.00501770
0.00520610
0.00535380
0.00511230
0.00515820
0.00504040
0.00514810
0.00529320
0.00498810
0.00503290
0.00506360
0.00500470
0.00522890
0.00517560
0.00522720
0.00519930
0.00531410
0.00512730
0.00501350
0.00537690
0.00521040
0.00539530
0.00528060
0.00527210
0.00521580
0.00548440
0.00533230
0.00538940
0.00531500
0.00576540
0.00510910
0.00486470
0.00496900
0.00492100
0.00505770
0.00518080
0.00529550
0.00549700
0.00546020
0.00524690
0.00488190
0.00476090
0.00510870
0.00505280
0.00496250
0.00496210
0.00508080
0.00499550
0.00478410
0.00490920
0.00503110
0.00490870
0.00470740
0.00469950
0.00501220
0.00508620
0.00528390
0.00534600
0.00516830
0.00494420
0.00490580
0.00499270
0.00496600
0.00491030
0.00521870
0.00509870
0.00504560
0.00505920
0.00528080
0.00510230
0.00517640
0.00515640
0.00495980
0.00518740
0.00536600
0.00522060
0.00521390
0.00516430
0.00515820
0.00496910
0.00495310
0.00526660
0.00527160
0.00525910
0.00521630
0.00512110
0.00569860
0.00552530
0.00552690
0.00523280
0.00540880
0.00534110
0.00519770
0.00469040
0.00466840
0.00468450
0.00530580
0.00519590
0.00512080
0.00498680
0.00506150
0.00533820
0.00524160
0.00480380
0.00464930
0.00467100
0.00469500
0.00527800
0.00543500
0.00530260
0.00514490
0.00526480
0.00526880
0.00519680
0.00538870
0.00538740
0.00519240
0.00538120
0.00516140
0.00487220
0.00509790
0.00506480
0.00523890
0.00496060
0.00478950
0.00517260
0.00510370
0.00514410
0.00512930
0.00476610
0.00487080
0.00529130
0.00517610
0.00518740
0.00510460
0.00495230
0.00498850
0.00538010
0.00523930
0.00490360
0.00485610
0.00506640
0.00531890
0.00539470
0.00568350
0.00512760
0.00490190
0.00546250
0.00530550
0.00536870
0.00472000
0.00469900
0.00502820
0.00490310
0.00534030
0.00511090
0.00508500
0.00521100
0.00520300
0.00535160
0.00503340
0.00486330
0.00503730
0.00537480
0.00518480
0.00509330
0.00517100
0.00512240
0.00475270
0.00484220
0.00535450
0.00524490
0.00496920
0.00497700
0.00494560
0.00483000
0.00494520
0.00476160
0.00496100
0.00518610
0.00502510
0.00471900
0.00528270
0.00539160
0.00519810
0.00519910
0.00551830
0.00496640
0.00502310
0.00503000
0.00519940
0.00491500
0.00521450
0.00500050
0.00485590
0.00487450
0.00510800
0.00518280
0.00582110
0.00523550
0.00504810
0.00472190
0.00491970
0.00487590
0.00488150
0.00531840
0.00500300
0.00510850
0.00494470
0.00498980
0.00521430
0.00522390
0.00514870
0.00512250
0.00513750
0.00517750
0.00508630
0.00526570
0.00515790
