0.22625300
0.00572780
0.00562430
0.00552430
0.00568930
0.00598080
0.00562490
0.00544300
0.00557170
0.00590610
0.00550860
0.00550580
0.00635840
0.00544070
0.00534320
0.00568780
0.00548130
0.00539900
0.00567680
0.00565550
0.00573360
0.00587310
0.00556520
0.00546180
0.00579820
0.00528800
0.21348590
0.00534090
0.00596770
0.00574750
0.00523600
0.00527070
0.00584360
0.00565140
0.21865970
0.00665400
0.00645750
0.00655750
0.00669180
0.00629970
0.00616690
0.00662090
0.00653560
0.00646070
0.00607810
0.00624560
0.00678830
0.00639410
0.00659190
0.00694540
0.00677960
0.00659740
0.00685900
0.00666830
0.00662840
0.00624270
0.00682480
0.00631880
0.00665500
0.00673110
0.00642590
0.21915790
0.00663530
0.00645520
0.00598030
0.00608770
0.00597550
0.00635170
0.00640900
0.00637980
0.00651910
0.00680950
0.00643010
0.00635170
0.00658120
0.00688010
0.00660150
0.00656520
0.00676760
0.00592020
0.00604320
0.00681320
0.00661280
0.00637540
0.00678020
0.00677240
0.00698840
0.22147100
0.00625890
0.00662980
0.00657830
0.00663630
0.00661960
0.00679700
0.00605150
0.00674220
0.00639390
0.00665850
0.00623490
0.00665580
0.00705570
0.00679560
0.00679670
0.00657330
0.00615970
0.00703670
0.00651940
0.00651720
0.00638480
0.00716230
0.00695500
0.00675450
0.00696920
0.00658660
0.00637800
0.00691300
0.00705040
0.00688310
0.00631230
0.00740100
0.00664310
0.00653980
0.00678610
0.00676150
0.00674490
0.00658870
0.00614170
0.00656860
0.00678790
0.00662730
0.00681310
0.00667890
0.00635160
0.00603070
0.00613260
0.00651520
0.00630510
0.00618020
0.00613850
0.00630770
0.00630650
0.00680180
0.00624800
0.00613170
0.00623770
0.00648670
0.00649710
0.00694910
0.00693480
0.00676120
0.00676570
0.00711850
0.00693410
0.00655870
0.00629240
0.00614870
0.00686820
0.00663120
0.00672880
0.00678790
0.00688590
0.00689870
0.00687550
0.00682670
0.00640420
0.00723640
0.00698150
0.00685800
0.00631110
0.00682610
0.00678150
0.00659220
0.00644370
0.00679700
0.00678310
0.00670280
0.00689270
0.00687600
0.00683080
0.00669130
0.00705660
0.00682160
0.00680950
0.00634270
0.00661320
0.00616360
0.00606640
0.00614330
0.00670250
0.00602160
0.00618290
0.00708250
0.00628810
0.00591330
0.00643670
0.00652190
0.00634670
0.00616130
0.00655100
0.00642520
0.00620930
0.00623470
0.00595710
0.00628810
0.00626780
0.00684250
0.00696600
0.00678790
0.00675690
0.20875230
0.00700930
0.00675040
0.00700050
0.00715280
0.00709810
0.00694950
0.00708030
0.00647580
0.00692900
0.00649240
0.00640320
0.00639550
0.00668110
0.00678540
0.00641000
0.00675320
0.00661110
0.00664300
0.00623870
0.00677500
0.00626070
0.00617220
0.00617290
0.00581610
0.00616070
0.00644220
0.00631280
0.00594710
0.00621610
0.00640010
0.00632780
0.00598070
0.00601350
0.00610290
0.00653980
0.00651360
0.00650490
0.00661480
0.00637550
0.00619370
0.00626910
0.00650100
0.00625770
0.00588950
0.00650640
0.00646010
0.00635720
0.00575190
0.00562820
0.00606380
0.00594350
0.00648760
0.00651890
0.00645810
0.00636820
0.00620560
0.00640720
0.00621470
0.00600640
0.00602880
0.00614020
0.00598650
0.00628510
0.00598570
0.00614520
0.00637450
0.00637520
0.00618880
0.00620930
0.00612520
0.00550120
0.00611410
0.00559390
0.00618420
0.00595370
0.00621450
0.00586460
0.00564510
0.20646600
0.00624080
0.00606840
0.00570340
0.00565700
0.00561450
0.00607450
0.00596710
0.00612350
0.00616910
0.00615370
0.00578570
0.00614070
0.00624420
0.00592560
0.00596830
0.00636280
0.00611870
0.00598860
0.00598270
0.00626120
0.00590820
