1
146.22,66.10,46.07,57.70
147.69,65.24,46.64,57.00
145.45,65.96,47.07,56.73
145.45,66.09,47.39,56.28
144.82,66.49,47.66,55.93
143.90,66.24,47.88,55.90
144.55,64.63,48.08,55.89
144.89,62.91,48.14,55.61
145.62,60.62,47.85,55.93
147.35,59.15,47.40,55.75
150.29,56.77,46.87,55.50
153.75,54.70,46.49,55.71
155.55,52.76,46.37,55.86
158.67,50.33,46.92,56.28
160.77,48.10,47.22,57.27
163.35,47.67,47.36,57.67
164.69,48.26,47.52,58.03
170.80,50.55,47.75,58.06
171.81,55.97,49.05,57.93
176.31,57.46,50.90,58.03
178.71,59.58,53.20,57.90
180.45,65.59,55.66,57.34
176.55,70.51,57.93,57.49
171.32,71.48,59.79,57.84
166.06,76.75,60.11,59.65
158.92,69.67,58.30,59.30
159.77,70.57,56.97,58.58
161.75,70.93,56.59,57.78
161.74,72.35,56.26,57.34
2
0
0
0
0
1
218.19,104.04,38.98,34.80
213.31,100.17,39.19,35.32
204.18,92.01,39.15,36.36
191.15,86.51,40.18,36.82
181.39,81.12,41.92,37.74
172.05,79.59,44.02,38.96
167.71,73.40,45.69,39.78
158.92,65.24,47.43,40.58
150.14,61.80,48.47,41.58
134.96,56.50,49.20,41.64
125.26,51.17,50.46,41.72
116.56,46.43,50.91,41.99
107.97,44.21,51.03,42.71
99.02,41.76,50.55,43.61
90.94,41.06,49.97,45.17
84.55,39.19,49.47,46.99
76.79,39.60,49.23,48.35
71.58,38.79,48.90,49.62
65.88,38.05,48.62,50.77
61.19,41.07,48.19,52.86
57.15,42.05,46.52,56.05
53.79,39.53,46.80,57.49
48.61,39.41,47.15,57.86
51.02,49.66,45.93,59.97
53.62,48.60,44.81,61.74
44.19,47.16,45.86,61.90
47.61,49.98,47.37,61.79
49.52,47.73,49.34,61.26
67.70,54.31,50.09,60.59
94.77,61.20,50.89,59.50
106.73,79.77,51.07,58.79
123.84,70.90,52.02,58.38
135.15,61.77,54.20,56.67
157.93,62.41,53.97,56.42
160.65,75.69,53.46,56.74
165.39,72.54,53.96,56.86
169.44,71.83,54.75,55.99
171.65,71.40,55.99,55.06
171.68,70.78,55.51,54.27
175.03,70.89,55.49,53.79
178.27,70.33,56.02,53.23
181.92,70.15,56.76,52.94
184.77,69.80,57.22,53.31
187.09,69.07,57.29,53.81
188.22,69.28,57.06,54.15
184.03,70.55,57.33,54.30
180.51,71.40,56.86,55.35
175.98,72.04,57.30,55.78
171.21,70.48,57.62,55.72
161.74,66.99,58.45,55.30
164.10,65.09,58.08,54.89
160.09,69.96,57.68,54.40
156.16,68.53,57.34,54.05
151.69,67.36,57.55,53.82
146.76,66.69,57.95,53.93
139.60,70.80,58.26,54.92
136.49,69.27,59.00,55.53
133.18,67.83,59.30,56.43
129.50,65.75,59.30,56.94
119.03,61.92,59.54,57.73
112.27,60.10,59.69,58.95
112.56,63.51,61.12,59.27
109.38,69.75,62.26,60.51
99.75,64.91,61.90,59.94
2
0
0
0
0
1
210.80,91.17,54.20,46.99
213.66,92.86,54.52,47.74
215.49,94.83,54.53,47.92
216.89,94.94,54.00,48.23
219.12,94.51,53.20,48.86
221.46,100.14,52.45,48.97
223.81,100.28,51.88,48.86
222.48,107.62,51.53,48.62
218.33,120.02,51.08,48.26
216.39,124.87,51.84,48.62
213.59,124.05,52.49,48.92
210.66,122.98,52.71,49.22
212.32,116.49,52.79,49.03
207.17,108.87,55.70,46.80
211.00,93.58,56.19,47.20
206.90,89.82,56.18,47.93
201.54,86.91,56.13,48.68
196.75,84.24,56.77,48.89
205.75,81.91,56.64,49.46
208.30,84.67,56.03,49.63
210.46,82.87,55.29,50.07
2
0
0
0
0
1
92.71,44.89,75.15,77.23
88.33,46.02,74.34,77.48
83.96,47.28,73.31,77.78
83.99,47.51,73.90,78.52
79.72,49.04,72.54,78.96
85.74,50.76,72.04,79.29
92.92,53.32,72.54,78.57
100.95,55.42,73.42,77.67
109.09,54.93,73.99,77.69
114.39,53.28,74.63,76.53
111.17,46.20,74.72,74.38
109.24,47.50,74.57,72.62
2
0
0
0
0
1
226.91,120.85,40.13,38.06
228.78,121.80,40.57,38.50
229.41,122.40,41.60,38.99
232.88,123.33,42.00,38.95
237.33,122.69,42.35,38.92
241.38,123.26,42.39,38.42
244.84,121.97,42.25,38.13
237.29,120.09,42.27,37.85
228.66,116.81,42.10,38.18
222.77,112.47,41.77,38.33
222.69,115.48,41.68,38.29
222.47,118.69,41.65,38.14
222.02,117.20,41.62,38.06
2
0
0
0
0
1
169.34,34.96,46.62,52.45
174.07,34.51,48.06,50.50
181.96,37.47,49.43,48.42
194.20,41.59,49.86,46.84
200.75,47.89,50.48,45.77
211.86,51.94,51.88,44.18
218.14,56.36,52.57,43.84
222.96,57.79,53.99,43.37
221.86,62.43,55.57,44.43
225.53,63.00,56.35,45.11
228.28,64.07,56.56,45.73
224.21,62.60,56.83,46.59
222.10,58.75,57.88,46.94
218.12,57.43,57.22,46.93
216.74,56.67,56.46,46.61
214.31,56.65,56.58,46.18
209.54,54.41,56.50,46.61
199.67,52.43,56.81,47.11
194.07,48.99,56.15,47.24
188.61,45.93,56.09,46.57
176.20,42.82,55.70,45.92
163.74,40.18,54.54,45.08
152.62,40.20,52.83,44.42
142.93,41.70,51.63,44.26
133.83,40.98,52.20,43.78
122.84,41.29,52.06,43.52
115.63,39.48,51.95,43.27
104.11,38.26,49.97,43.31
95.53,36.91,48.44,43.13
86.83,37.16,46.89,43.27
77.94,36.68,45.24,44.01
68.38,37.07,43.47,44.96
63.14,36.45,41.98,45.70
59.20,37.09,41.04,45.58
55.17,38.82,40.37,44.96
52.83,41.16,39.95,44.28
55.24,48.96,39.88,44.83
58.24,56.97,40.51,45.05
62.93,65.87,41.45,45.60
66.72,75.51,43.04,46.00
71.92,86.95,46.11,46.41
78.99,90.75,47.75,46.92
98.48,93.87,46.91,46.53
99.68,102.74,46.62,46.06
107.49,104.02,46.62,45.23
103.25,92.00,46.87,44.75
104.87,91.45,47.25,44.31
106.53,99.64,47.04,43.12
102.49,101.97,46.61,42.80
97.82,104.26,45.87,42.75
99.21,100.89,45.09,42.41
101.26,101.53,44.43,42.11
103.52,102.97,43.60,41.69
106.13,104.34,43.01,41.09
108.84,105.22,42.28,40.76
112.01,103.74,41.66,40.10
115.61,106.76,40.87,39.61
114.20,105.84,40.47,39.11
113.61,104.82,40.49,38.82
113.11,105.46,40.76,38.64
116.18,103.04,41.29,38.10
116.14,101.92,42.21,37.49
118.28,98.71,42.47,37.36
117.12,98.35,42.84,37.57
120.13,94.07,42.57,37.72
122.92,94.70,42.50,37.78
124.78,90.98,42.38,37.78
155.01,78.01,43.53,38.09
157.60,76.28,45.46,38.32
160.10,75.33,47.11,38.79
162.58,73.60,48.09,39.51
165.64,75.25,48.24,40.81
167.75,72.39,48.91,41.61
176.06,74.86,49.32,42.92
178.35,73.73,49.95,43.56
181.13,72.33,50.64,44.22
183.12,74.77,51.66,45.47
178.98,72.11,53.15,45.97
180.81,70.77,54.65,46.50
177.47,70.51,56.47,46.45
177.22,69.67,57.47,46.74
2
0
0
0
0
1
79.70,60.26,70.55,73.09
81.63,61.41,70.38,72.26
82.33,61.26,70.84,71.86
82.54,62.19,71.48,71.39
84.30,62.16,71.74,71.05
85.75,61.89,71.70,70.67
86.33,61.51,71.56,70.34
86.86,61.54,71.63,69.90
88.38,62.15,71.31,69.58
89.88,62.27,70.94,69.64
