0.22773100
0.00734890
0.00666850
0.00689020
0.00658710
0.00654380
0.00653600
0.00650580
0.00684160
0.00667950
0.00668220
0.00659860
0.00683490
0.00667690
0.00667200
0.00663590
0.00670910
0.00662570
0.00662600
0.00660960
0.00642610
0.00651480
0.00646850
0.00644280
0.00651160
0.00670490
0.00591110
0.00528250
0.00494760
0.00496820
0.00499040
0.00000000
0.00000000
0.00000000
0.00000000
0.20819160
0.00513850
0.00485360
0.00489660
0.00486320
0.00503820
0.00483510
0.00486910
0.00478330
0.00489070
0.00498670
0.00470460
0.00492070
0.00485660
0.00470080
0.00485600
0.00481860
0.00512630
0.00498800
0.00503470
0.00504310
0.00498270
0.00476080
0.00476790
0.00467040
0.00465360
0.00458120
0.00468290
0.00500500
0.00456090
0.00442940
0.00442380
0.00431750
0.00435520
0.00463990
0.00439310
0.00397020
0.00390070
0.00393590
0.00407090
0.00405150
0.00404070
0.00407830
0.00411380
0.00428830
0.00396390
0.00395410
0.00395030
0.00391850
0.00392570
0.00397000
0.00443030
0.00405400
0.00419800
0.00450610
0.00421460
0.00432300
0.00456440
0.00400300
0.00410540
0.00428070
0.00446140
0.00446170
0.00414860
0.00415860
0.00437490
0.00000000
0.00000000
0.00000000
0.00000000
0.21031130
0.00405840
0.00385150
0.00380430
0.00393830
0.00380470
0.00397650
0.00384760
0.00394880
0.00378630
0.00407830
0.00403680
0.00385050
0.00375300
0.00364580
0.00367490
0.00372620
0.00362260
0.00360840
0.00364830
0.00362090
0.00361590
0.00364320
0.00000000
0.00000000
0.00000000
0.00000000
0.21701290
0.00431590
0.00424080
0.00401010
0.00429340
0.00413350
0.00410200
0.00440380
0.00419100
0.00409900
0.00424260
0.00413430
0.00400100
0.00395490
0.00000000
0.00000000
0.00000000
0.00000000
0.20606150
0.00417210
0.00408860
0.00398220
0.00397350
0.00396000
0.00394270
0.00385260
0.00387520
0.00390620
0.00371880
0.00398970
0.00398720
0.00396820
0.00410350
0.00000000
0.00000000
0.00000000
0.00000000
0.20253070
0.00409720
0.00391570
0.00383580
0.00378990
0.00363510
0.00364750
0.00389260
0.00405270
0.00419690
0.00411130
0.00434290
0.00412230
0.00390630
0.00387460
0.00389290
0.00397720
0.00393810
0.00390800
0.00396140
0.00405180
0.00403360
0.00384670
0.00383470
0.00373050
0.00380250
0.00370740
0.00397850
0.00381900
0.00369000
0.00415960
0.00416020
0.00397480
0.00393280
0.00394040
0.00390210
0.00385220
0.00378870
0.00362540
0.00358340
0.00361270
0.00397410
0.00407680
0.00402300
0.00389020
0.00374180
0.00386920
0.00393270
0.00393220
0.00387990
0.00383100
0.00376970
0.00388580
0.00381190
0.00395760
0.00393220
0.00388190
0.00378560
0.00386670
0.00364810
0.00355110
0.00360850
0.00401090
0.00440800
0.00413700
0.00393820
0.00417340
0.00389820
0.00374180
0.00357810
0.00401110
0.00413290
0.00393040
0.00425230
0.00398640
0.00387900
0.00378510
0.00384910
0.00381850
0.00384690
0.00408460
0.00389940
0.00367150
0.00000000
0.00000000
0.00000000
0.00000000
0.20585300
0.00380740
0.00391460
0.00386890
0.00400310
0.00391320
0.00387090
0.00387620
0.00385490
0.00388580
0.00389350
