0.22902880
0.00800280
0.00722200
0.00774840
0.00702350
0.00706030
0.00771830
0.00754910
0.00753650
0.00712890
0.00764660
0.00762020
0.00766730
0.00775640
0.00772440
0.00744610
0.00714300
0.00710810
0.00669110
0.00651840
0.00608970
0.00613520
0.00597840
0.00569720
0.00592270
0.00602060
0.00593100
0.00599280
0.00578270
0.00584370
0.00597350
0.00529630
0.00581030
0.00584970
0.00507470
0.00542990
0.00569360
0.00572990
0.00521690
0.00560430
0.00467770
0.00487810
0.00516730
0.00511420
0.00508220
0.00508120
0.00528320
0.00502390
0.00463990
0.00449110
0.00471040
0.00448390
0.00451070
0.00519720
0.00472150
0.00471740
0.00469260
0.00485230
0.00472750
0.00428860
0.00462870
0.00446750
0.00483390
0.00497840
0.00468980
0.00488700
0.00450620
0.00456790
0.00459820
0.00405410
0.00446620
0.00436030
0.00415270
0.00460790
0.00454380
0.00451960
0.00504610
0.00468470
0.00493370
0.00500480
0.00515320
0.00495210
0.00497100
0.00484280
0.00494620
0.00477480
0.00486780
0.00474070
0.00481600
0.00500730
0.00458190
0.00505100
0.00460950
0.00457420
0.00436630
0.00464850
0.00454550
0.00498760
0.00493480
0.00499750
0.00520840
0.00518090
0.00550110
0.00518360
0.00473440
0.00461930
0.00442250
0.00503970
0.00463770
0.00470250
0.00496430
0.00478520
0.00444470
0.00429960
0.00501590
0.00481640
0.00470370
0.00513570
0.00464490
0.00563880
0.00483900
0.00498220
0.00489940
0.00457770
0.00499420
0.00520440
0.00488820
0.00452820
0.00462620
0.00468190
0.00442270
0.00434060
0.00474540
0.00518350
0.00442890
0.00478560
0.00461860
0.21238840
0.00507870
0.00504280
0.00503130
0.00480340
0.00466090
0.00448250
0.00463060
0.00416410
0.00435930
0.00415420
0.00458270
0.00449880
0.00405160
0.00470760
0.00421990
0.00423530
0.00408390
0.00426860
0.00459450
0.00443730
0.00455210
0.00440920
0.00432170
0.00429490
0.00430510
0.00439940
