0.28851400
0.00657810
0.00648390
0.00646690
0.00614410
0.00506820
0.00587310
0.00526670
0.00495760
0.00485390
0.00521760
0.00539880
0.00508750
0.00546490
0.00517790
0.00535970
0.00531470
0.00517750
0.00521100
0.00526270
0.00543710
0.00581010
0.00569370
0.00551430
0.00552660
0.00570040
0.00541460
0.00572120
0.00522330
0.00517700
0.00535390
0.00511760
0.00508870
0.00522590
0.00561200
0.00535740
0.00508860
0.00499840
0.00519040
0.00527350
0.00484330
0.00519970
0.00476720
0.00509150
0.00549370
0.00515580
0.00505020
0.00491530
0.00515430
0.00538030
0.00539190
0.00472580
0.00685660
0.00596220
0.00626860
0.00588400
0.00753270
0.00825270
0.00766140
0.00681430
0.00541620
0.00611740
0.00609760
0.00631290
0.00786730
0.00671010
0.00699610
0.01300410
0.00745620
0.00705250
0.01187300
0.00665190
0.00646160
0.00635720
0.00612690
0.00615540
0.00610750
0.00620620
0.00714690
0.00646860
0.00640730
0.00630860
0.00649470
0.00609560
0.00584410
0.00591850
0.00592060
0.00607460
0.00629860
0.00654120
0.00742580
0.00602680
0.00634290
0.00601110
0.00750630
0.01051680
0.00775320
0.00863430
0.00726950
0.00851030
0.00803890
0.01442300
0.00897540
0.00930040
0.00980130
0.00839320
0.00727980
0.00762210
0.00748850
0.00834600
0.00788360
0.00831090
0.00799800
0.00876670
0.00799200
0.00867770
0.00964120
0.00944760
0.00874970
0.00965920
0.00878460
0.00885590
0.00976980
0.00831870
0.00905950
0.00900230
0.00887030
0.00949510
0.01031130
0.01198780
0.01161620
