0.20856020
0.00398250
0.00373370
0.00367810
0.00361340
0.00364580
0.00372330
0.00407070
0.00418670
0.00391250
0.00374870
0.00369870
0.00396370
0.00385510
0.00385370
0.00382200
0.00375270
0.00388400
0.00438310
0.00402460
0.00396860
0.00382190
0.00416760
0.00389030
0.00397720
0.00405070
0.00388690
0.00406880
0.00384670
0.00379810
0.00377090
0.00378690
0.00415310
0.00384200
0.00411040
0.00405840
0.00409290
0.00405380
0.00396200
0.00389900
0.00396240
0.00370120
0.00358940
0.00355600
0.00367470
0.00411320
0.00405070
0.00400670
0.00377370
0.00397890
0.00384700
0.00387730
0.00405890
0.00395890
0.00399920
0.00399250
0.00389050
0.00369770
0.00356960
0.00401050
0.00357990
0.00364690
0.00379150
0.00392500
0.00413230
0.00399410
0.00400930
0.00406420
0.00401900
0.00395500
0.00404460
0.00388360
0.00405730
0.00388470
0.00389050
0.00394430
0.00374960
0.00369990
0.00375840
0.00409270
0.00422120
0.00400890
0.00367100
0.00382430
0.00363240
0.00372580
0.00399030
0.00398200
0.00416610
0.00424070
0.00418730
0.00400480
0.00397450
0.00359430
0.00364780
0.00390140
0.00389720
0.00389360
0.00416540
0.00404860
0.00382100
0.00383120
0.00386460
0.00402360
0.00389980
0.00396980
0.00385150
0.00385120
0.00383460
0.00380650
0.00390600
0.00396990
0.00417210
0.00407780
0.00393180
0.00368220
0.00395450
0.00404810
0.00405860
0.00408710
0.00469970
0.00381660
0.00362580
0.00362470
0.00370240
0.00392120
0.00368480
0.00357080
0.00358720
0.00356860
0.00415740
0.00457770
0.00444920
0.00398130
0.00472590
0.00396810
0.00409380
0.00386490
0.00375560
0.00372150
0.00374370
0.00378010
0.00401170
0.00387980
0.00379200
0.00405040
0.00384780
0.00409160
0.00396690
0.00394000
0.00407100
0.00392560
0.00394790
0.00391210
0.00384910
0.00398990
0.00404300
0.00395850
0.00402240
0.00402270
0.00402970
0.00406950
0.00418080
0.00401060
0.00403390
0.00431640
0.00401810
0.00393770
0.00411050
0.00392460
0.00395600
0.00402620
0.00477060
0.00400970
0.00387550
0.00382780
0.00375070
0.00386250
0.00385270
0.00373870
0.00358240
0.00372870
0.00394850
0.00387170
0.00390270
0.00383660
0.00385250
0.00389200
0.00383650
0.00380120
0.00373400
0.00376000
0.00354820
0.00401420
0.00387710
0.00408290
0.00384710
0.00399070
0.00376680
0.00397050
0.00406420
0.00381350
0.00478720
0.00393190
0.00408650
0.00400370
0.00387010
0.00369940
0.00353100
0.00352890
0.00352670
0.00367660
0.00436080
0.00385110
0.00373770
0.00380400
0.00376690
0.00378780
0.00389050
0.00415540
0.00399650
0.00406430
0.00390770
0.00384760
0.00382220
0.00379980
0.00383210
0.00353480
0.00358350
0.00375470
0.00369580
0.00358460
0.00388150
0.00391590
0.00364840
0.00366530
0.00389670
0.00375410
0.00381590
0.00392130
0.00387010
0.00412500
0.00385110
0.00404040
0.00395440
0.00359720
0.00354940
0.00364400
0.00397950
0.00370580
0.00403880
0.00424760
0.00411140
0.00392300
0.00389740
0.00375490
0.00426640
0.00407910
0.00388630
0.00386120
0.00401070
0.00391840
0.00380150
0.00403070
0.00415190
0.00418030
0.00381260
0.00367290
0.00385000
0.00384100
0.00379880
0.00387390
0.00397220
0.00409170
0.00405590
0.00433500
0.00384920
0.00391010
0.00387630
0.00385350
0.00390560
0.00442190
0.00412270
0.00405220
0.00368700
0.00358620
0.00363790
0.00371980
0.00455970
0.00409310
0.00401950
0.00412820
0.00444870
0.00394470
0.00409800
0.00401870
0.00388700
0.00396310
0.00402110
0.00466150
0.00380250
0.00422590
0.00417700
0.00406520
0.00402970
0.00399150
0.00376140
0.00406630
0.00411570
0.00388110
0.00359450
0.00364030
0.00361820
0.00372100
0.00380130
0.00378890
0.00383680
0.00402850
0.00403190
0.00405360
0.00375230
0.00436020
0.00434890
0.00422620
0.00412090
0.00406470
0.00435930
0.00396690
0.00391520
0.00387640
0.00400990
0.00413250
0.00427150
0.00418910
0.00393750
0.00388520
0.00463650
0.00399590
0.00402060
0.00387240
0.00389330
