0.21978670
0.00485980
0.00550760
0.00525160
0.00528330
0.00491860
0.00528430
0.00491970
0.00494790
0.00475410
0.00519420
0.00485690
0.00458020
0.00491180
0.00478320
0.00481280
0.00503130
0.00503560
0.00521170
0.00494710
0.00476200
0.00505640
0.00528060
0.00508300
0.00499890
0.00526960
0.00524720
0.00527630
0.00533040
0.00508490
0.00507430
0.00494600
0.00518120
0.00525420
0.00523610
0.00503350
0.00529960
0.00516770
0.00505810
0.00517620
0.00513980
0.00488180
0.00503370
0.00493210
0.00501010
0.00497580
0.00472630
0.00530560
0.00461520
0.00496850
0.00494350
0.00499940
0.00503000
0.00480300
0.00527600
0.00533910
0.00475570
0.00461100
0.00517650
0.00529510
0.00526110
0.00522210
0.00525830
0.00536280
0.00677680
0.00694170
0.00664130
0.00698340
0.00665030
0.00666630
0.00655400
0.00640200
0.00637700
0.00669580
0.00672930
0.00000000
0.00000000
0.00000000
0.00000000
0.23438530
0.00732050
0.00727710
0.00714300
0.00719180
0.00703900
0.00716810
0.00727010
0.00854450
0.00740130
0.00728710
0.00752670
0.00742760
0.00748630
0.00739930
0.00760580
0.00734500
0.00761860
0.00747400
0.00764930
0.00766750
0.00756680
0.00749840
0.00763560
0.00749900
0.00804440
0.00747510
0.00770240
0.00737130
0.00777660
0.00767830
0.00745050
0.00757160
0.00764560
0.00743170
0.00758070
0.00785190
0.00775420
0.00775600
0.00770790
0.00749670
0.00753800
0.00793010
0.00736480
0.00815640
0.00760570
0.00748950
0.00759080
0.00810010
0.00821350
0.00847770
0.00805860
0.00810670
0.00828450
0.00819450
0.00812590
0.00832740
0.00836110
0.00834790
0.00865510
0.00865400
0.00857700
0.00871050
0.00847620
0.00897090
0.00824860
0.00818370
0.00844220
0.00844500
0.00842150
0.00800310
0.00855830
0.00946190
0.01057600
0.00922680
0.00888810
0.00873170
0.00858490
0.00863260
0.00857490
0.00890990
0.00894880
0.00851320
0.00959980
0.01000370
0.00888110
0.00840770
0.00885930
0.00897780
0.00857240
0.00848130
0.00927130
0.00896930
0.00919440
0.00898400
0.00887830
0.00879420
0.00926660
0.00977010
0.01016270
0.00957030
0.01100250
0.00976070
0.00966380
0.00988340
0.00921460
0.00911540
0.00922110
0.00926960
0.00895910
0.00874770
0.00876050
0.00916400
0.00912170
0.00895440
0.00912600
0.00908590
0.00950150
0.00920640
0.00931310
0.00915940
0.00929740
0.00920120
0.00950890
0.00949410
0.00952770
0.00942450
0.00948960
0.00950600
0.00908190
0.00943140
0.00942290
0.00939400
0.01054690
0.01104520
0.00953900
0.01002110
0.00954540
0.00994530
0.01042980
0.01132260
0.01046900
0.01140390
0.01001190
0.01170150
0.01094130
0.01126260
0.01063730
0.01088460
0.01120880
0.01136810
0.01105020
0.01047860
0.01072150
0.01118930
0.01133140
0.01163330
0.01322350
0.01204470
0.01123230
0.01229360
0.01135920
0.01184660
0.01177940
0.01147810
0.01092180
0.01073850
0.01166110
0.01158500
0.01182890
0.01189270
0.01189940
0.01225940
0.01159410
0.01192550
0.01148300
0.01097120
0.01096950
0.01128050
0.01164110
0.01165800
0.01147680
0.01750490
0.01830000
0.01878650
0.01737480
0.02057220
0.01822720
0.01717300
0.01845250
0.01792620
0.01707660
0.01703850
0.01808540
0.01736790
0.01781270
0.01701630
0.01671520
0.01732990
0.01747300
0.01831080
0.01719870
0.01738340
0.01732990
0.01722540
0.01699430
0.01708790
0.01659320
0.01633150
0.01641720
0.01620000
0.01612250
0.01611320
0.01654680
0.01571780
0.01624400
0.01620250
0.01639520
0.01644920
0.01597010
0.01643670
0.01595080
0.01580500
0.01546340
0.01603900
0.01571740
0.01612170
0.01604230
0.01598780
0.01540940
0.01556540
0.01528960
0.01540850
0.01580220
0.01564130
0.01541210
0.01577560
0.01570650
0.01558210
0.01540870
0.01588620
0.01500780
0.01549320
0.01514880
0.01532150
0.01538380
0.01546240
0.01534150
0.01495310
0.01524010
0.01542470
0.01488660
0.01514570
0.01514690
0.01554170
0.01479920
0.01478670
0.01547380
0.01543350
0.00000000
