1
510.70,228.96,87.05,36.35
515.10,232.26,85.81,35.96
513.30,236.28,83.62,36.58
515.14,239.93,81.65,37.25
516.73,244.01,79.79,36.98
519.39,254.20,81.90,34.52
515.18,258.17,82.65,32.76
517.00,261.99,82.78,32.37
520.30,265.33,83.11,31.74
531.08,270.26,84.85,30.14
532.44,271.55,84.80,30.31
529.01,272.80,84.74,30.60
519.16,276.50,84.44,30.75
529.57,280.81,83.87,31.76
537.61,284.65,83.68,32.86
535.82,296.78,83.20,32.67
530.81,299.88,84.85,31.13
534.82,297.91,87.02,30.00
537.13,301.00,88.09,29.90
524.71,304.97,89.52,29.76
522.54,316.41,92.67,28.65
536.47,320.13,92.29,28.92
535.91,322.28,92.58,28.60
540.88,318.69,93.22,28.24
552.91,326.88,91.94,28.88
527.72,338.39,93.03,28.40
533.89,350.73,89.92,30.29
534.24,346.51,86.07,33.15
533.44,328.67,84.40,34.57
532.94,329.41,79.43,38.04
541.27,357.23,78.76,38.40
541.89,359.89,76.48,40.38
538.87,341.56,76.26,40.76
538.42,334.98,72.63,43.72
546.39,350.00,74.57,41.79
541.96,348.30,73.31,42.01
538.56,337.31,74.19,41.11
538.37,334.92,70.52,44.21
528.88,347.70,73.20,41.41
541.18,346.08,73.66,39.53
537.60,330.05,69.38,43.29
530.31,325.56,66.43,45.16
541.94,322.83,67.41,44.17
536.55,325.66,69.15,42.47
544.86,321.79,71.00,40.24
536.38,308.65,71.88,39.32
532.53,302.46,72.75,38.70
532.10,296.01,70.02,40.94
531.00,293.69,71.55,40.00
534.60,299.51,74.55,37.85
513.37,304.15,75.39,36.71
514.43,301.46,75.75,35.52
518.23,297.61,76.66,34.25
523.86,292.48,76.29,34.24
521.20,287.76,74.61,36.05
512.33,300.37,77.64,34.81
510.95,313.07,76.97,35.58
519.69,309.96,74.99,35.04
519.52,307.45,76.13,34.02
517.20,301.38,73.57,36.17
514.48,311.16,75.00,35.75
510.28,327.71,74.12,36.07
522.47,331.50,72.72,35.78
522.13,328.21,73.01,35.00
521.46,320.03,69.04,38.77
524.87,332.37,71.50,37.95
521.06,351.41,76.48,34.91
530.52,356.07,76.13,35.05
527.24,339.87,75.54,35.43
525.64,336.96,71.01,39.88
533.69,357.97,73.64,37.81
532.35,356.83,74.81,36.63
527.70,345.80,75.10,36.93
2
0
0
0
0
1
533.09,332.92,57.95,30.11
539.25,333.41,58.36,29.91
537.38,334.04,60.25,28.48
539.73,340.12,61.72,27.91
543.65,340.13,60.92,28.01
542.93,337.28,61.64,27.17
553.03,333.40,60.30,28.42
546.43,326.28,58.50,31.57
541.16,339.74,60.50,30.30
547.55,348.81,61.53,30.26
557.81,352.08,61.38,30.36
561.30,348.87,61.42,30.88
559.63,350.97,60.16,32.64
560.17,349.82,57.88,35.23
564.92,359.64,57.59,35.99
569.77,366.49,59.27,34.27
569.08,370.28,59.36,34.14
574.72,373.93,57.50,36.93
580.59,385.20,58.95,36.24
591.14,386.60,60.73,34.76
591.39,383.63,60.60,34.90
585.29,378.34,58.48,37.39
593.90,382.80,59.62,36.02
592.36,385.92,60.84,34.52
594.40,381.53,59.88,34.54
590.78,371.69,60.14,35.54
590.91,363.33,57.34,38.99
593.94,367.07,58.88,37.27
592.69,364.78,61.24,34.60
597.81,362.94,61.95,33.40
600.02,350.59,63.19,32.92
598.53,335.58,60.09,37.26
607.72,338.77,62.60,36.19
602.71,339.02,65.37,33.67
604.06,337.97,65.91,32.42
605.18,325.30,62.27,35.89
597.69,310.78,58.92,39.54
602.69,306.34,56.98,41.70
594.77,308.86,56.35,41.13
604.56,300.37,55.10,40.34
604.46,297.68,54.42,39.61
598.54,284.32,52.12,40.23
598.10,276.27,49.81,41.91
599.48,277.67,49.98,41.18
593.22,280.27,53.04,38.41
593.15,278.07,54.96,35.95
590.83,260.65,53.11,38.04
579.45,246.81,52.64,38.70
591.00,241.03,48.51,43.25
597.94,243.84,47.39,45.77
606.37,249.38,50.90,43.03
597.14,245.75,50.03,42.40
581.55,241.80,48.65,43.43
584.46,226.06,45.89,46.16
588.33,228.61,42.22,50.01
591.89,229.09,43.48,49.38
586.87,246.40,46.63,46.09
589.65,241.01,49.51,42.61
582.19,237.68,53.11,39.58
583.45,233.02,51.78,41.28
587.89,232.02,51.72,42.24
598.99,242.99,56.35,38.74
574.40,256.71,55.31,39.24
590.53,250.26,57.50,36.34
583.84,248.83,60.44,33.61
587.75,245.93,61.26,32.08
590.59,249.93,60.76,31.48
594.40,252.02,60.80,30.91
598.94,253.10,61.39,30.22
598.84,258.30,62.90,29.10
591.61,266.57,65.05,27.96
584.23,274.26,64.25,28.14
580.44,277.04,64.42,28.28
579.70,276.09,64.37,29.15
582.62,280.70,63.58,30.76
575.03,291.86,64.49,30.72
579.00,314.84,65.24,30.76
588.31,319.26,64.64,30.24
588.16,324.00,65.78,30.30
585.20,326.17,67.41,31.17
588.42,334.42,69.69,31.01
595.79,347.46,68.34,30.98
595.80,357.71,69.58,29.71
603.48,355.48,69.89,30.08
610.86,359.72,70.79,30.29
610.14,369.97,69.30,31.43
609.72,361.86,67.52,32.92
608.74,356.92,64.27,37.11
611.48,369.61,66.24,36.89
620.62,377.08,67.26,36.15
618.29,370.80,67.35,36.46
617.25,369.10,63.46,40.05
620.37,367.36,64.05,40.94
620.13,380.23,66.71,40.57
614.46,392.76,68.89,38.83
610.07,379.67,68.67,40.11
604.05,369.71,68.02,41.44
612.75,375.16,69.34,40.62
613.00,379.05,71.97,38.54
600.70,382.28,72.41,36.76
596.01,363.31,72.05,37.13
592.97,359.19,70.73,39.17
597.05,363.35,71.15,38.14
592.51,361.61,71.13,36.32
587.80,358.93,71.30,34.50
590.47,342.07,70.81,34.69
590.09,332.33,65.99,38.25
593.11,327.98,65.08,39.73
594.38,331.90,67.15,37.76
582.08,331.12,69.84,34.89
590.26,318.40,69.76,33.63
585.39,307.73,67.27,34.78
582.35,297.89,62.48,39.26
585.04,297.29,60.05,41.89
590.66,299.89,59.73,41.16
583.84,299.34,61.32,37.98
589.72,296.70,61.50,35.60
584.15,292.76,62.38,33.34
584.06,287.74,62.92,32.14
582.34,281.97,61.06,33.78
589.57,285.22,61.81,33.24
577.61,290.38,64.15,31.36
580.31,295.09,64.21,29.99
587.78,293.97,63.66,28.88
586.57,292.17,63.84,27.93
580.82,285.74,61.05,30.39
580.98,290.21,61.56,31.31
579.59,297.47,63.01,30.11
576.66,307.24,61.71,29.54
581.28,310.06,61.32,29.06
575.00,306.75,63.02,28.19
574.33,308.72,62.72,28.05
575.28,310.37,62.75,28.56
580.11,314.93,64.18,28.98
578.19,326.67,64.29,28.69
583.38,325.75,63.33,28.32
579.80,328.20,61.30,29.16
578.66,324.51,60.26,31.59
581.97,335.90,61.84,31.98
598.49,341.23,63.10,31.07
591.63,348.33,64.19,30.43
587.68,341.34,62.99,32.23
585.85,348.21,62.44,34.08
589.31,360.43,65.69,32.68
590.77,370.92,64.99,32.81
600.60,369.33,67.02,32.51
604.12,371.70,67.45,33.49
607.22,377.25,69.23,33.29
601.32,388.26,70.59,33.00
597.14,392.87,70.18,32.93
602.03,381.43,68.96,35.57
606.31,385.75,69.26,37.12
621.63,390.65,70.01,36.98
610.47,388.67,71.05,36.04
607.55,382.22,72.22,36.25
605.49,378.13,72.77,36.34
610.35,378.66,74.59,34.91
607.91,379.13,74.57,33.75
613.39,374.58,74.70,33.03
610.09,365.20,73.53,33.80
605.83,359.60,71.69,36.53
613.15,360.37,72.79,35.86
608.61,359.30,74.25,34.25
605.19,358.17,73.94,33.55
605.57,352.01,74.32,33.29
596.55,336.13,69.42,37.64
600.29,339.50,69.19,37.75
601.79,338.32,69.03,35.88
602.10,337.72,68.44,34.28
603.92,335.74,67.88,32.79
597.17,315.74,63.14,35.29
598.61,306.27,59.16,39.16
604.76,302.12,57.35,40.56
616.69,300.17,59.97,37.88
597.47,308.89,61.29,36.27
610.57,287.93,60.31,35.55
612.04,291.39,60.84,34.81
614.45,294.10,61.38,33.27
607.08,270.12,57.97,37.38
612.92,272.90,56.55,38.93
611.01,285.06,57.80,37.41
612.72,277.37,58.39,35.52
602.71,267.63,59.46,35.16
594.60,258.14,57.95,37.32
591.89,260.75,57.76,38.80
590.63,272.82,60.45,37.06
590.57,282.53,59.99,36.77
599.10,279.81,59.87,35.81
601.19,278.72,60.46,33.97
593.29,274.71,62.49,32.86
599.17,277.30,62.82,34.14
602.43,288.92,66.23,32.54
596.76,298.77,65.03,32.40
592.43,307.67,61.51,34.64
591.37,305.78,63.30,32.55
588.59,299.35,63.99,33.58
578.10,317.53,67.16,32.62
579.05,330.61,67.40,32.45
584.83,334.93,65.75,33.87
582.29,339.87,66.09,33.07
586.79,346.65,66.53,32.96
590.36,353.95,67.22,32.76
575.25,357.07,67.87,32.89
573.44,374.28,69.33,31.49
583.32,376.70,70.22,30.24
589.84,369.93,67.54,34.50
593.52,381.30,68.92,34.20
598.70,392.84,70.74,33.37
597.65,392.08,69.16,33.80
594.04,383.39,68.96,35.45
601.26,394.28,70.28,35.13
606.78,405.39,70.36,35.55
605.01,394.96,69.18,35.33
610.65,375.22,65.06,40.17
613.81,377.14,66.60,42.27
603.81,404.15,69.64,39.40
616.01,403.43,69.83,38.21
623.83,398.56,69.81,37.16
630.28,385.30,66.11,40.77
636.54,387.04,66.74,41.78
635.30,402.33,69.97,39.97
640.89,402.09,69.02,39.33
637.03,398.92,67.40,38.92
641.04,387.43,68.01,39.31
637.28,385.34,69.90,39.43
660.03,397.16,72.60,37.48
651.03,398.68,71.77,36.86
647.10,396.61,71.10,35.38
640.88,387.03,70.49,35.61
629.60,382.84,71.01,36.79
637.99,390.68,70.88,37.36
643.17,393.85,72.49,35.93
628.66,393.14,71.74,35.13
612.60,385.32,72.82,34.90
603.05,370.29,69.58,39.40
599.04,379.08,66.69,42.13
589.91,384.14,67.81,40.78
578.12,390.01,68.69,38.86
557.29,386.56,68.67,38.01
540.52,374.79,71.01,37.30
507.45,371.23,72.08,37.79
499.73,373.39,72.48,37.64
480.77,379.23,73.02,36.29
466.40,378.33,72.49,36.41
443.98,368.36,71.65,36.41
411.77,362.94,71.59,36.77
389.41,364.30,72.61,36.98
360.62,358.77,72.41,37.47
346.65,366.64,73.88,36.79
319.12,366.37,73.73,37.14
277.26,347.08,72.71,36.94
255.03,344.25,72.82,36.87
227.51,345.29,73.34,36.22
201.45,340.41,72.28,36.92
180.72,345.28,72.04,35.83
176.62,343.65,72.04,35.83
172.91,342.04,72.04,35.83
2
0
