0.20872880
0.00406550
0.00409200
0.00389250
0.00428330
0.00417470
0.00394990
0.00379650
0.00364690
0.00352560
0.00374710
0.00390080
0.00401300
0.00399780
0.00392440
0.00381310
0.00402220
0.00379950
0.00366570
0.00361720
0.00360630
0.00359490
0.00379910
0.00385950
0.00397210
0.00380890
0.00400880
0.00376990
0.00376150
0.00364370
0.00369540
0.00376970
0.00376130
0.00374650
0.00360240
0.00360510
0.00359110
0.00353660
0.00364100
0.00390540
0.00387710
0.00372630
0.00403350
0.00381740
0.00382580
0.00383660
0.00393680
0.00384880
0.00373230
0.00363550
0.00357780
0.00355900
0.00360020
0.00356440
0.00363030
0.00464740
0.00391760
0.00375340
0.00355950
0.00363890
0.00368820
0.00366550
0.00366360
0.00373510
0.00380500
0.00372950
0.00375480
0.00371630
0.00381910
0.00349410
0.00353030
0.00383750
0.00396840
0.00378590
0.00387600
0.00368910
0.00395480
0.00371800
0.00396680
0.00355510
0.00384940
0.00361570
0.00357840
0.00347890
0.00348800
0.00346130
0.00349750
0.00354380
0.00359190
0.00351010
0.00359460
0.00379490
0.00369670
0.00377250
0.00378940
0.00375720
0.00371870
0.00354910
0.00352530
0.00351210
0.00357140
0.00360640
0.00380070
0.00375230
0.00373020
0.00398450
0.00395840
0.00423850
0.00421260
0.00402670
0.00403310
0.00383290
0.00381280
0.00404380
0.00366040
0.00367580
0.00360890
0.00357320
0.00353000
0.00350340
0.00470770
0.00391420
0.00442940
0.00396370
0.00370070
0.00365110
0.00386250
0.00392190
0.00366800
0.00373870
0.00371460
0.00392340
0.00383730
0.00357500
0.00354140
0.00373370
0.00383320
0.00376970
0.00387850
0.00400850
0.00407080
0.00365550
0.00382140
0.00381330
0.00385260
0.00430740
0.00382100
0.00359300
0.00361200
0.00353170
0.00352650
0.00351900
0.00383110
0.00368870
0.00367370
0.00360420
0.00387460
0.00393880
0.00376030
0.00359090
0.00358720
0.00349980
0.00356610
0.00357950
0.00382170
0.00374140
0.00364140
0.00369080
0.00376390
0.00398960
0.00392260
0.00391230
0.00404350
0.00389360
0.00394230
0.00365250
0.00408470
0.00372790
0.00394580
0.00356370
0.00359110
0.00354950
0.00355970
0.00355470
0.00394240
0.00410340
0.00383440
0.00393830
0.00384680
0.00384720
0.00388890
0.00385220
0.00361560
0.00351190
0.00384150
0.00382420
0.00389660
0.00399930
0.00392970
0.00407700
0.00401750
0.00359600
0.00377620
0.00399460
0.00371880
0.00419060
0.00451650
0.00379560
0.00367330
0.00356550
0.00352360
0.00352640
0.00360970
0.00349630
0.00349010
0.00384210
0.00386450
0.00400620
0.00405490
0.00390110
0.00402830
0.00393350
0.00407050
0.00399020
0.00417510
0.00401490
0.00377820
0.00375650
0.00377760
0.00370050
0.00373120
0.00394500
0.00385980
0.00398270
0.00394980
0.00404820
0.00396620
0.00401390
0.00369780
0.00389150
0.00408170
0.00390180
0.00400600
0.00405850
0.00402020
0.00403480
0.00392050
0.00380630
0.00396750
0.00402030
0.00397850
0.00420740
0.00414860
0.00388850
0.00416640
0.00403850
0.00405010
0.00360410
0.00364070
0.00370080
0.00401260
0.00413410
0.00419180
0.00378780
0.00383170
0.00391360
0.00410100
0.00399250
0.00393550
0.00372320
0.00372770
0.00366150
0.00376510
0.00406230
0.00409830
0.00416080
0.00427150
0.00423040
0.00480330
0.00389980
0.00376730
0.00410550
0.00403070
0.00421580
0.00436980
0.00471950
0.00437720
0.00411800
0.00406130
0.00409410
0.00441830
0.00405140
0.00410460
0.00415740
0.00406010
0.00419910
0.00424640
0.00413760
0.00414320
0.00445050
0.00410550
0.00415350
0.00405960
0.00396330
0.00426630
0.00388820
0.00383290
0.00376970
0.00407500
0.00400080
0.00406970
0.00386190
0.00427570
0.00392510
0.00395990
0.00397930
0.00397670
0.00395280
0.00399170
0.00396250
0.00404700
0.00392170
0.00411920
0.00449870
0.00412790
0.00378730
0.00375810
0.00368950
0.00382030
0.00424870
0.00412140
0.00413340
0.00387460
0.00405890
0.00406160
0.00408020
0.00409900
0.00386240
0.00399340
0.00417980
0.00412990
0.00404500
0.00401150
0.00393050
0.00411060
0.00392150
0.00395970
0.00394470
0.00386400
0.00405630
0.00399690
0.00424420
0.00444280
0.00402100
0.00413180
0.00401560
0.00403850
0.00403050
0.00397340
0.00396460
0.00394520
0.00390030
0.00396990
0.00429910
0.00419630
0.00406190
0.00421650
0.00396860
0.00427230
0.00410530
0.00420490
0.00414610
0.00417170
0.00395720
0.00414840
0.00405080
0.00404880
0.00418480
0.00415820
0.00413660
0.00388150
0.00404720
0.00423120
0.00415870
0.00404370
0.00413530
0.00404230
0.00409410
0.00404020
0.00415910
0.00410060
0.00416730
0.00448000
0.00421020
0.00413890
0.00405550
0.00449840
0.00400150
0.00430070
0.00439350
0.00427820
0.00434810
0.00439130
0.00454020
0.00422380
0.00443900
0.00435480
0.00417240
0.00419730
0.00414200
0.00396770
0.00416540
0.00437770
0.00413310
0.00423790
0.00421470
0.00418430
0.00448630
0.00396680
0.00378220
0.00396690
0.00445150
0.00408090
0.00388900
0.00387070
0.00448020
0.00437530
0.00478690
0.00432210
0.00419890
0.00454870
0.00426180
0.00447720
0.00463020
0.00435630
0.00426220
0.00512980
0.00490720
0.00446360
0.00439210
0.00427820
0.00432880
0.00443490
0.00431130
0.00440430
0.00453460
0.00425000
0.00449680
0.00430860
0.00397510
0.00400220
0.00481230
0.00410380
0.00406810
0.00384970
0.00382920
0.00382130
0.00414580
0.00427630
0.00396640
0.00425650
0.00430080
0.00434740
0.00432490
0.00401680
0.00403720
0.00418060
0.00398850
0.00434350
0.00448140
0.00432840
0.00416040
0.00401560
0.00410080
0.00419840
0.00427880
0.00419570
0.00425230
0.00435570
0.00397320
0.00399130
0.00410930
0.00398560
0.00389340
0.00386460
0.00385180
0.00426370
0.00411110
0.00414360
0.00423890
0.00506390
0.00432230
0.00440840
0.00410160
0.00432560
0.00435520
0.00402840
0.00406980
0.00410420
0.00435520
0.00438310
0.00407750
0.00423290
0.00401950
0.00419060
0.00436040
0.00436030
0.00415610
0.00398030
0.00432120
0.00436660
0.00424350
0.00424110
0.00414810
0.00417310
0.00446560
0.00419210
0.00394000
0.00404430
0.00435350
0.00409020
0.00429780
0.00444380
0.00434020
0.00434330
0.00427350
0.00428980
0.00427870
0.00410420
0.00403130
0.00429160
0.00427620
0.00429270
0.00426500
0.00431290
0.00410230
0.00422770
0.00416810
0.00411000
0.00404040
0.00413150
0.00408300
0.00403750
0.00414260
0.00416890
0.00416320
0.00415970
0.00406680
0.00417540
0.00437140
0.00427640
0.00432380
0.00425060
0.00417860
0.00422740
0.00428680
0.00417040
0.00403880
0.00431590
0.00479020
0.00422680
0.00422160
0.00398970
0.00458050
0.00415810
0.00402630
0.00407390
0.00384520
0.00382310
0.00380650
0.00381490
0.00378020
0.00380910
0.00390080
0.00438930
0.00438150
0.00435890
0.00472640
0.00460750
0.00424320
0.00403750
0.00417670
0.00456050
0.00401940
0.00390880
0.00425000
0.00421070
0.00410240
0.00386190
0.00421340
0.00401060
0.00388770
0.00427020
0.00417020
0.00421080
0.00448390
0.00405980
0.00419290
0.00412540
0.00401870
0.00400380
0.00432230
0.00429610
0.00419810
0.00395190
0.00401940
0.00428180
0.00430300
0.00431390
0.00431960
0.00423680
0.00447070
0.00444980
0.00424370
0.00435350
0.00434400
0.00449620
0.00452410
0.00406310
0.00417500
0.00434880
0.00424530
0.00443490
0.00436590
0.00405680
0.00409320
0.00414470
0.00413990
0.00418660
0.00454360
0.00438790
0.00449620
0.00432690
0.00437230
0.00451960
0.00444840
0.00430940
0.00426760
0.00422790
0.00402490
0.00440440
0.00458520
0.00411700
0.00471750
0.00431070
0.00431310
0.00437950
0.00457180
0.00447220
0.00436550
0.00443780
0.00416320
0.00429780
0.00434660
0.00454240
0.00478230
0.00412720
0.00414830
0.00448100
0.00453460
0.00455260
0.00441350
0.00448580
0.00460430
0.00456070
0.00453170
0.00438530
0.00411560
0.00401900
0.00454980
0.00438880
0.00428800
0.00429090
0.00430830
0.00447960
0.00443820
0.00426960
0.00439150
0.00453620
0.00483280
0.00416860
0.00408630
0.00444430
0.00432690
0.00432970
0.00432170
0.00458750
0.00444110
0.00433300
0.00429040
0.00430410
0.00428790
0.00442790
0.00426010
0.00432380
0.00466670
0.00434920
0.00543040
0.00463960
0.00440360
0.00433080
0.00437000
0.00414610
0.00451810
0.00409520
0.00405420
0.00399090
0.00418270
0.00408110
0.00400500
0.00396590
0.00397260
0.00443420
