0.23717780
0.00630730
0.00604090
0.00641940
0.00605870
0.00606840
0.00598710
0.00581210
0.00588420
0.00559460
0.00585450
0.00603580
0.00696320
0.00656910
0.00587060
0.00752710
0.00886190
0.02384720
0.01160570
0.01187240
0.03365940
0.00693530
0.00625170
0.00596190
0.00594520
0.00635980
0.00601840
0.00605510
0.00609900
0.00577980
0.00602780
0.00557280
0.00587370
0.00603140
0.00601830
0.00600280
0.00581630
0.00600330
0.00586150
0.00606090
0.00585230
0.00592830
0.00662350
0.00728770
0.00705710
0.00811370
0.00719410
0.00780510
0.00766160
0.00779920
0.00695440
0.00689010
0.00697340
0.00629180
0.00625680
0.00667300
0.00689130
0.00607320
0.00622610
0.00599010
0.00652950
0.00586470
0.00661080
0.00635750
0.00583020
0.00607720
0.00597610
0.00587280
0.00563620
0.00589420
0.00591010
0.00597670
0.00582040
0.00580410
0.00566900
0.00607600
0.00611600
0.00590550
0.00600560
0.00705170
0.00626660
0.00614670
0.00610310
0.00641580
0.00622220
0.00608140
0.00578410
0.00709670
0.00594740
0.00646550
0.00647330
0.00622380
0.00566250
0.00664300
0.00707740
0.00693960
0.00711060
0.00739880
0.00772560
0.00841430
0.00799220
0.00738680
0.00729300
0.00820240
0.00793560
0.00799210
0.00799480
0.00806430
0.00781300
0.00768900
0.00804080
0.00820190
0.00831020
0.00804970
0.00812970
0.00828840
0.00823380
0.00810770
0.00829850
0.00789710
0.00786570
0.00826230
0.00808000
0.00822610
0.00810190
0.00819600
0.00820250
0.00836240
0.00784330
