0.29234150
0.00905420
0.00606020
0.00553770
0.00694370
0.00554620
0.00574840
0.00551400
0.00493210
0.00537390
0.00492080
0.00532680
0.00552400
0.00508210
0.00546170
0.00551880
0.00556930
0.00440320
0.00487190
0.00577400
0.00482520
0.00472780
0.00461120
0.00493110
0.00506430
0.00490980
0.00487640
0.00493670
0.00495150
0.00462130
0.00501780
0.00449080
0.00495410
0.00436770
0.00432270
0.00471680
0.00458230
0.00493090
0.00471830
0.00450480
0.00490420
0.00495980
0.00457240
0.00475410
0.00482120
0.00475920
0.00459980
0.00512780
0.00475710
0.00420130
0.00438240
0.00454980
0.00476220
0.00445800
0.00479140
0.00500350
0.00436830
0.00469110
0.00459830
0.00462100
0.00479000
0.00529580
0.00473410
0.00474880
0.00449210
0.00508070
0.00608620
0.00494480
0.00434230
0.00422560
0.00476120
0.00646660
0.00769800
0.00629030
0.00477540
0.00448550
0.00506550
0.00847910
0.00522660
0.00490390
0.00507770
0.00502560
0.00470350
0.00518800
0.00516350
0.00461230
0.00512910
0.00509050
0.00525390
0.00503480
0.00589060
0.00522050
0.00504620
0.00485110
0.00515000
0.00460520
0.00532190
0.00474510
0.00550270
0.00506440
0.00529320
0.00513140
0.00498220
0.00510560
0.00494220
0.00512470
0.00514620
0.00474770
0.00473720
0.00526810
0.00464540
0.00584240
0.00569560
0.00530540
0.00491010
0.00534450
0.00584470
0.00549970
0.00544870
0.00473700
0.00502030
0.00500400
0.00522880
0.00494550
0.00477660
0.00512460
0.00499180
0.00511510
0.00512620
0.00507960
0.00498000
0.00539360
0.00486410
0.00538310
0.00537470
0.00464330
0.00542190
0.00573920
0.00506690
0.00554680
0.00484760
0.00513450
0.00544730
0.00482780
0.00518850
0.00519960
0.00604600
0.00506660
0.00462970
0.00520970
0.00528640
0.00540670
0.00523980
0.00516340
0.00539500
0.00527670
0.00562180
0.00544960
0.00544800
0.00470610
0.00507130
0.00503540
0.00526660
0.00507900
0.00540100
0.00543330
0.00532260
0.00515910
0.00670980
0.00483530
0.00481500
0.00533910
0.00521420
0.00478470
0.00543340
0.00519880
0.00526080
0.00488150
0.00515030
0.00513010
0.00513300
0.00593460
0.00513190
0.00478970
0.00571160
0.00522150
0.00488980
0.00465820
0.00522300
0.00582900
0.00516840
0.00519980
0.00498500
0.00510460
0.00510410
0.00509990
0.00480860
0.00556990
0.00531040
0.00531860
0.00592670
0.00548350
0.00517530
0.00529090
0.00516040
0.00546860
0.00784140
0.00564070
0.00555840
0.00564570
0.00671150
0.00532960
0.00544880
0.00519080
0.00569700
0.00617420
0.00505000
0.00580310
0.00557330
0.00497280
0.00589210
0.00574410
0.00569670
0.00585410
0.00572370
0.00661270
0.00532480
0.00483350
0.00553190
0.00515630
0.00564750
0.00531540
0.00541280
0.00549380
0.00665250
0.00540580
0.00530600
0.00481030
0.00566920
0.00486800
0.00541470
0.00661350
0.00484940
0.00547080
0.00594470
0.00555020
0.00536720
0.00578940
0.00544010
0.00545980
0.00556480
0.00564420
0.00581960
0.00565290
0.00561730
0.00567490
0.00533570
0.00506550
0.00527650
0.00558330
0.00569200
0.00519830
0.00552730
0.00527360
0.00493140
0.00547890
0.00518700
0.00544000
0.00543800
0.00545480
0.00563480
0.00579280
0.00531240
0.00570330
0.00576260
0.00493340
0.00557400
0.00538190
0.00546730
0.00555910
0.31069180
0.00567220
0.00548050
0.00589460
0.00567250
0.00563500
0.00516620
0.00547400
0.00618690
0.00620050
0.00573860
0.00621750
0.00577730
0.00581630
0.00565920
0.00556280
0.00604020
0.00548030
0.00553250
0.00559530
0.00550070
0.00552820
0.00536950
0.00581270
0.00547910
0.00559920
0.00573040
0.00570490
0.00625710
0.00628610
0.00539310
0.00742450
0.00557750
0.00573860
0.00593630
0.00569100
0.00569840
0.00555160
0.00586770
0.00513760
0.00561760
0.00653080
0.00581620
0.00597860
0.00562480
0.00612930
0.00614070
0.00641660
0.00548240
0.00549190
0.00575930
0.00518910
0.00595110
0.00600880
0.00651400
0.00566470
0.00525990
0.00583150
0.00717310
0.00580090
0.00601820
0.00570380
0.00522070
0.00632070
0.00582230
0.00610690
0.00629900
0.00553690
0.00613530
0.00634230
0.00602290
0.00724040
0.00613430
0.00600730
0.00582840
0.00561770
0.00590640
0.00633340
0.00598400
0.00580720
0.00538760
0.00609280
0.00627350
0.00617070
0.00592920
0.00583670
0.00569910
0.00616330
0.00580370
0.00626450
0.00605770
0.00593420
0.00601860
0.00614930
0.00537570
0.00587280
0.00556460
0.00601140
0.00617770
0.00643360
0.00598620
0.00588160
0.00582580
0.00656200
0.00668290
0.00630070
0.00564550
0.00586700
0.00600130
0.00576460
0.00613360
0.00600090
0.00600430
0.00584190
0.00592470
0.00598110
0.00537610
0.00621740
0.00588450
0.00604930
0.00582310
0.00556850
