0.32522740
0.00526600
0.00537000
0.00499550
0.00660710
0.00513970
0.00656120
0.00553610
0.00494010
0.00473650
0.00505300
0.00650620
0.00515830
0.00574150
0.00505180
0.00582570
0.00529990
0.00537780
0.00536270
0.00537500
0.00495900
0.00495990
0.00489290
0.00503310
0.00506160
0.00496260
0.00569100
0.00495590
0.00511870
0.00513680
0.00514660
0.00575960
0.00715350
0.00571900
0.00612220
0.00545690
0.00527570
0.00512830
0.00518000
0.00526160
0.00535010
0.00602570
0.00557080
0.00492370
0.00531390
0.00556370
0.00709380
0.00668830
0.00558730
0.00519920
0.00526080
0.00626300
0.00751230
0.00593200
0.00621100
0.00655850
0.00751930
0.00616430
0.00628010
0.00789370
0.00639770
0.00619010
0.00639410
0.00691740
0.00691680
0.00617750
0.00611640
0.00634720
0.00726380
0.00619530
0.00639900
0.00730410
0.00658880
0.00688500
0.00646080
0.00740790
0.00758690
0.00663440
0.00649700
0.00860790
0.00921090
0.00787350
0.00601410
0.00673220
0.00625910
0.00652620
0.00681450
0.00706770
0.00613450
0.00663630
0.00655320
0.00640360
0.00671710
0.00660540
0.00631000
0.00642870
0.00664630
0.00711270
0.00686780
0.00620190
0.00659060
0.00654010
0.00759380
0.00738760
0.00735420
0.00783020
0.00686180
0.00711160
0.00773300
0.00752190
0.00771780
0.00627080
0.00675770
0.00698340
0.00671050
0.00648060
0.00782820
0.00679470
0.00667050
0.00701920
0.00685450
0.00674100
0.00706710
0.00689890
0.00673930
0.00844730
0.00764370
0.00735890
0.00702100
0.00718160
0.00696830
0.00665080
0.00656070
0.00704310
0.00756370
0.00712040
0.00697820
0.00706820
0.00716020
0.00754220
0.00689220
0.00637070
0.00838670
0.00682770
0.00657110
0.00701810
0.00685000
0.00745540
0.00884970
0.00694950
0.00729500
0.00696620
0.00714080
0.00686410
0.00702400
0.00755240
0.00661630
0.00749790
0.00786000
0.00689010
0.00720250
0.00752480
0.00702690
0.00721480
0.00731930
0.00868840
0.00772450
0.00832440
0.00746720
0.00713250
0.00729040
0.00783700
0.00758260
0.00826320
0.00818870
0.00789050
0.00776230
0.00801610
0.00764520
0.00705470
0.00751720
0.00775830
0.00757240
0.00793480
0.00768890
0.00863250
0.00897560
0.00965630
0.01110140
0.00947990
0.00952600
0.00933600
0.01071760
0.01151600
0.01082310
0.01003680
0.01137060
0.00961290
0.01091410
0.01065600
0.01028490
0.00937760
0.00898040
0.01074090
0.00947200
0.00961050
0.00940130
0.00926040
0.00938890
0.00893190
0.00893520
0.00844320
0.00932530
0.00904190
0.00923360
0.00916870
0.01078450
0.00868970
0.00902330
0.00876460
0.00913530
0.00888380
0.00935110
0.27023880
0.30739800
0.29466350
0.27745190
0.31207320
0.35635850
0.36508850
0.36043670
0.34951130
0.02045360
0.02072070
0.36214880
0.33497720
0.01737680
0.01753520
0.01592400
0.01649400
