0.22750550
0.00575930
0.00579400
0.00558800
0.00496290
0.00538000
0.00571510
0.00534400
0.00572710
0.00564540
0.00580610
0.00523680
0.00610000
0.00623460
0.00555710
0.00650480
0.00607730
0.00596030
0.00617580
0.00616370
0.00637550
0.00658310
0.00655440
0.00663430
0.00666800
0.00645070
0.00603360
0.00639830
0.00669770
0.00617920
0.00625440
0.00637150
0.00656980
0.00619170
0.00647850
0.00592030
0.00673040
0.00626700
0.00634830
0.00622920
0.00653860
0.00574100
0.00553860
0.00612780
0.00596030
0.00556310
0.00586040
0.00600880
0.00610860
0.00592140
0.00587670
0.00531930
0.00540220
0.00446700
0.00491450
0.00470410
0.00467220
0.00418450
0.00505360
0.00460980
0.00482200
0.00471540
0.00461060
