0.20851190
0.00503730
0.00506100
0.00534190
0.00529820
0.00520380
0.00485430
0.00521750
0.00532380
0.00564640
0.00550330
0.00572880
0.00514270
0.00503180
0.00494050
0.00490210
0.00484260
0.00513410
0.00514290
0.00512880
0.00514340
0.00505710
0.00532660
0.00518600
0.00599910
0.00589700
0.00544850
0.00621730
0.00595870
0.00531380
0.00552500
0.00562210
0.00545650
0.00544620
0.00535050
0.00610660
0.00598090
0.00571710
0.00566980
0.00546260
0.00574660
0.00535370
0.00543900
0.00564490
0.00551300
0.00523550
0.00523460
0.00521520
0.00520230
0.00561270
0.00484780
0.00539890
0.00538430
0.00519510
0.00517650
0.00499260
0.00546670
0.00501920
0.00491760
0.00491700
0.00518870
0.00531990
0.00484880
0.00528220
0.00534220
0.00601100
0.00513590
0.00468320
0.00505450
0.00492010
0.00573950
0.00482590
0.00466630
0.00544930
0.00552460
0.00488110
0.00531140
0.00523640
0.00520180
0.00494630
0.00462730
0.00493950
0.00508660
0.00509840
0.00487690
0.00486320
0.00457480
0.00451580
0.00454880
0.00505740
0.00521520
0.00522370
0.00519690
0.00498130
0.00493560
0.00502100
0.00494530
0.00488830
0.00449900
0.00448370
0.00446360
0.00444860
0.00442010
0.00483820
0.00576970
0.00535080
0.00515480
0.00541020
0.00555070
0.00537580
0.00576540
0.00524990
0.00492960
0.00512290
0.00496790
0.00461690
0.00458110
0.00510450
0.00481770
0.00557230
0.00547540
0.00515370
0.00506660
0.00525690
0.00517580
0.00518860
0.00523730
0.00552310
0.00563400
0.00518540
0.00516340
0.00537440
0.00560840
0.00584650
0.00529300
0.00540340
0.00512630
0.00539000
0.00538380
0.00576740
0.00615860
0.00619270
0.00588090
0.00581870
0.00566350
0.00587910
0.00586160
0.00560160
0.00569900
0.00593260
0.00584860
0.00582080
0.00584870
0.00552130
0.00560880
0.00542370
0.00603060
0.00587500
0.00586210
0.00570140
0.00564750
0.00532410
0.00560380
0.00555210
0.00575610
0.00564890
0.00509380
0.00575130
0.00552320
0.00567780
0.00587480
0.00586230
0.00596980
0.00571190
0.00559800
0.00617150
0.00552580
0.00587810
0.00569970
0.00556580
0.00540410
0.00569190
0.00569310
0.00598190
0.00584870
0.00561160
0.00553520
0.00566300
0.00558120
0.00558270
0.00564100
0.00572920
0.00585190
0.00545530
0.00538140
0.00512760
0.00532040
0.00580120
0.00537910
0.00561840
0.00588930
0.00647220
0.00585470
0.00571980
0.00576750
0.00586420
0.00571290
0.00604370
0.00546790
0.00597790
0.00564110
0.00574930
0.00552590
0.00599890
0.00566940
0.00515080
0.00511180
0.00540250
0.00551330
0.00515310
0.00513750
0.00599260
0.00596850
0.00585210
0.00556150
0.00594810
0.00586320
0.00595150
0.00588430
0.00571140
0.00573610
0.00527630
0.00553110
0.00549470
0.00580120
0.00577440
0.00626460
0.00631550
0.00530250
0.00570520
0.00546870
0.00635350
0.00568780
0.00572890
0.00555750
0.00550120
0.00589770
0.00588520
0.00627850
0.00496570
0.00506690
0.00536320
0.00514350
0.00487190
0.00482330
0.00512470
0.00507410
0.00498290
0.00531740
0.00482320
0.00484480
0.00509630
0.00487190
0.00512800
0.00524230
0.00516750
0.00491440
0.00512030
0.00496180
0.00494510
0.00522110
0.00515120
0.00511300
0.00499800
0.00478660
0.00466700
0.00482820
0.00474170
0.00484150
0.00475210
0.00495260
0.00517290
0.00488220
0.00443830
0.00436060
0.00497560
0.00479800
0.00446250
0.00448670
0.00463970
0.00448340
0.00462630
0.00508910
0.00486410
0.00471750
0.00466840
0.00472690
0.00468020
0.00490120
0.00478020
0.00460730
0.00477540
0.00467420
0.00480000
0.00502010
0.00503370
0.00491190
0.00493070
0.00486150
0.00433760
0.00500080
0.00483840
0.00460530
0.00454780
0.00435070
0.00438660
0.00481300
0.00454690
0.00483740
0.00488880
0.00487430
0.00476950
0.00473990
0.00488040
0.00467020
0.00438480
0.00431650
0.00433880
0.00426750
0.00501040
0.00502480
0.00469640
0.00526740
0.00486180
0.00468760
0.00494620
0.00506580
0.00489750
0.00475820
0.00465470
0.00441100
0.00437990
0.00437610
0.00439220
0.00459710
0.00501100
0.00502510
0.00521590
0.00518050
0.00508600
0.00481640
0.00518430
0.00529330
0.00494580
0.00501870
0.00553740
0.00544040
0.00521290
0.00531630
0.00559780
0.00555920
0.00506370
0.00528450
0.00512380
0.00549980
0.00551400
0.00578850
0.00555790
0.00541320
0.00534070
0.00532080
0.00529710
0.00527180
0.00526510
0.00582820
0.00543980
0.00552220
0.00566430
0.00510700
0.00540240
0.00553720
0.00552180
0.00554710
0.00561680
0.00554520
0.00557380
0.00569080
0.00594020
0.00542740
0.00502540
0.00528610
0.00501840
