1
295.50,132.00,73.08,87.85
290.23,136.38,74.71,89.17
290.30,140.01,76.24,90.04
291.46,140.16,76.56,91.08
293.94,140.48,77.04,91.71
297.88,136.43,77.95,91.12
298.77,136.65,77.34,90.93
297.62,136.90,77.81,91.16
297.05,139.86,78.40,90.90
299.80,144.91,78.16,92.63
301.00,142.05,79.71,93.04
304.03,136.93,81.28,95.10
314.10,128.91,81.96,96.79
314.90,125.19,83.41,96.45
317.74,121.98,84.04,95.67
322.78,122.11,84.22,96.24
322.64,122.13,83.44,96.39
323.13,120.17,84.21,96.51
324.56,113.81,86.12,96.68
328.97,108.41,87.15,96.44
332.62,104.38,87.90,96.45
336.38,100.06,87.99,96.70
339.57,105.93,89.14,97.86
351.70,111.84,90.49,99.54
360.21,119.18,92.35,102.09
366.30,118.28,93.67,103.55
360.06,109.98,93.69,105.77
347.37,100.39,93.17,106.74
342.41,85.89,93.27,109.15
333.19,78.84,92.83,108.28
327.76,73.34,90.97,107.98
324.30,72.04,90.04,108.17
326.10,73.18,89.59,108.52
329.87,82.11,91.06,109.44
337.35,95.09,91.95,110.86
346.98,109.85,92.36,111.43
358.15,120.09,93.94,110.49
353.39,113.61,94.63,110.16
348.38,102.68,94.85,110.79
354.53,90.72,93.68,110.37
349.04,81.10,93.29,109.78
346.19,74.40,92.58,110.15
346.93,73.17,90.77,109.23
345.96,76.92,90.56,109.29
346.28,83.03,91.13,107.99
353.44,96.83,90.86,108.51
348.90,104.51,90.80,108.56
361.02,122.63,90.32,108.62
367.45,132.96,90.90,110.09
359.49,122.10,90.97,110.87
355.64,109.47,90.84,111.79
353.59,98.04,90.16,112.40
348.30,88.83,89.75,112.32
345.72,94.18,89.76,112.19
344.60,100.38,90.05,111.46
343.96,115.84,86.76,113.77
342.06,130.57,84.65,114.61
324.25,120.61,84.27,114.78
346.58,165.21,84.65,112.90
333.85,154.68,84.73,112.71
328.35,143.23,84.50,112.90
316.30,121.10,84.63,112.33
311.00,111.37,85.07,110.36
297.16,102.06,85.12,109.13
295.61,105.85,85.36,106.90
292.53,109.23,84.92,105.74
289.81,113.98,84.06,105.58
285.88,119.61,84.23,105.65
291.34,147.13,82.18,107.48
296.17,148.87,80.28,108.60
302.88,178.70,80.56,106.45
296.03,178.31,80.75,106.37
286.51,167.87,80.75,106.37
270.80,134.21,80.87,106.18
266.02,123.17,80.97,106.47
262.04,118.04,81.16,105.30
257.82,115.24,80.78,102.33
254.49,113.00,80.48,100.44
250.50,118.81,80.36,98.98
246.94,127.53,77.68,100.05
244.08,134.04,76.11,100.61
244.26,157.38,77.24,101.07
244.53,174.44,77.91,100.82
243.59,176.49,78.42,101.16
241.78,169.31,78.44,101.39
238.64,161.45,78.79,100.29
231.26,156.29,78.77,99.20
231.03,161.47,79.20,98.06
228.47,167.65,79.32,97.44
227.10,174.11,79.34,97.29
224.07,180.22,79.42,97.07
218.38,174.57,79.30,97.10
213.04,168.56,79.29,97.10
207.07,164.65,79.29,97.10
201.68,158.07,79.29,97.10
193.91,152.28,79.25,97.14
175.56,143.56,79.20,97.12
168.88,145.31,79.24,97.20
172.36,145.87,79.27,97.28
168.44,149.79,79.42,97.50
174.87,142.13,79.58,97.28
180.53,136.04,79.79,96.59
175.33,123.39,79.79,96.59
171.85,117.54,79.75,96.63
165.43,107.75,79.75,96.63
161.25,103.96,79.75,96.63
151.92,101.27,79.75,96.63
144.55,94.91,79.75,96.63
138.73,82.67,79.75,96.63
135.48,75.07,79.75,96.63
129.10,61.30,79.75,96.63
124.94,50.08,79.75,96.63
117.34,41.03,79.75,96.63
111.41,33.27,79.75,96.63
105.19,23.72,79.75,96.63
98.29,13.72,79.75,96.63
94.00,3.83,79.75,96.63
88.92,-8.39,79.75,96.63
83.26,-16.42,79.75,96.62
77.11,-15.68,79.76,96.62
71.09,-16.98,79.76,96.62
67.40,-16.45,79.76,96.62
62.59,-16.95,79.76,96.62
50.00,-19.88,79.76,96.62
33.81,-21.33,79.77,96.61
23.34,-16.56,79.80,96.59
23.78,-20.39,81.57,95.19
25.15,-22.43,84.71,92.62
22.88,-23.75,85.30,92.19
17.80,-22.38,85.42,92.08
13.94,-22.18,85.48,92.03
14.90,-21.78,85.49,92.02
8.28,-12.77,85.49,92.02
5.51,-9.61,85.49,92.01
4.25,-14.76,85.49,92.01
1.54,-10.56,85.49,92.01
-0.28,-7.97,85.49,92.01
-3.12,-8.48,85.49,92.01
-4.58,-7.38,85.49,92.01
-4.61,-9.10,85.49,92.00
-3.37,-7.41,85.49,92.00
-2.15,-6.89,85.49,92.00
-4.90,-5.89,85.49,92.00
-3.98,-4.93,85.49,92.00
-4.15,-2.95,85.49,92.00
-5.60,-2.27,85.49,92.00
-5.68,-3.64,85.49,92.00
-7.68,-5.57,85.49,92.00
-4.17,-5.50,85.49,92.00
-4.96,-5.13,85.49,92.00
-3.92,-6.86,85.49,92.00
-4.65,-4.69,85.49,92.00
-5.63,-4.64,85.47,91.99
-6.06,-4.18,85.47,91.99
-6.52,-4.85,85.47,91.99
-4.71,-5.74,85.47,91.99
-4.06,-5.70,85.47,91.99
-4.64,-7.75,85.47,91.99
-4.88,-5.87,85.47,91.99
-2.74,-4.09,85.47,91.98
-1.94,-3.28,85.47,91.98
-1.09,-5.06,85.47,91.98
-1.37,-4.05,85.47,91.98
-1.67,-4.60,85.47,91.98
-1.97,-4.79,85.47,91.98
-2.42,-6.15,85.47,91.97
-2.51,-5.88,85.47,91.97
-2.60,-5.87,85.47,91.96
-1.41,-6.22,85.47,91.96
-0.74,-8.16,85.47,91.96
2.78,-13.05,85.47,91.95
-0.21,-10.46,85.47,91.95
3.48,-13.23,85.48,91.94
5.52,-13.73,85.49,91.92
4.98,-16.20,85.50,91.91
5.89,-15.35,85.50,91.91
4.83,-17.39,85.50,91.90
6.87,-17.41,85.51,91.90
8.78,-17.86,85.51,91.89
11.59,-15.57,85.52,91.88
8.36,-15.04,85.53,91.88
4.97,-12.84,85.53,91.87
5.21,-12.71,85.53,91.87
1.01,-12.28,85.53,91.87
0.87,-14.59,85.53,91.86
-0.60,-14.68,85.54,91.86
-1.48,-8.44,85.54,91.86
-3.85,-8.93,85.54,91.86
-2.47,-6.90,85.54,91.86
-4.35,-8.04,85.53,91.86
-2.68,-8.57,85.53,91.86
-2.27,-6.93,85.53,91.85
-2.28,-4.08,85.53,91.85
-3.90,-4.14,85.53,91.85
-3.18,-2.36,85.53,91.85
-1.57,-0.94,85.53,91.85
-0.83,-4.36,85.53,91.85
-2.52,-6.11,85.53,91.85
-0.73,-3.11,85.53,91.85
-0.95,-4.58,85.53,91.85
-1.46,-3.84,85.53,91.85
-2.32,-4.59,85.52,91.83
-0.85,-3.51,85.53,91.82
-0.02,-3.45,85.53,91.82
-0.83,-3.69,85.53,91.82
0.12,-4.48,85.53,91.81
-1.17,-5.51,85.53,91.80
17.44,-5.89,86.59,91.56
18.48,-12.14,86.63,91.53
18.03,-13.65,86.65,91.52
13.91,-13.81,86.65,91.51
13.76,-13.41,86.65,91.51
11.91,-12.70,86.65,91.51
5.10,-10.47,86.65,91.51
2.76,-10.43,86.65,91.51
6.46,-11.45,86.65,91.51
5.33,-11.73,86.65,91.51
4.38,-12.07,86.65,91.50
3.19,-11.66,86.66,91.50
3.42,-13.98,86.66,91.50
0.98,-15.00,86.66,91.50
0.36,-15.13,86.66,91.50
0.49,-15.67,86.66,91.50
1.16,-15.70,86.66,91.50
2.95,-14.33,86.66,91.50
1.94,-14.24,86.66,91.50
3.22,-13.88,86.66,91.50
0.10,-13.19,86.66,91.50
-2.12,-8.31,86.66,91.50
-2.14,-4.36,86.66,91.50
-3.91,-2.97,86.66,91.50
-1.37,-4.27,86.66,91.49
-2.53,-4.20,86.66,91.49
-2.68,-4.11,86.66,91.49
-4.09,-3.61,86.66,91.49
-5.06,-4.06,86.66,91.49
-2.32,-6.39,86.66,91.49
-2.47,-11.04,86.66,91.49
-0.05,-14.05,86.66,91.49
0.87,-14.24,86.66,91.49
1.53,-15.29,86.66,91.48
1.95,-13.91,86.67,91.48
1.22,-13.65,86.67,91.47
0.60,-12.09,86.67,91.47
1.56,-10.31,86.68,91.46
2.71,-9.92,86.69,91.45
5.60,-11.29,86.70,91.44
0.21,81.13,85.53,91.84
1.25,86.61,85.04,91.65
3.97,79.02,84.77,91.61
73.33,93.48,84.95,89.67
74.08,87.98,84.83,86.87
76.42,91.53,84.66,84.24
76.98,95.97,83.88,81.97
74.75,89.39,83.58,81.29
73.06,89.65,82.76,80.75
81.81,84.17,81.52,80.73
80.83,67.86,80.18,81.20
80.93,70.24,79.63,80.93
82.26,63.46,78.90,80.49
81.75,68.91,78.66,80.42
81.16,73.45,77.79,80.79
78.71,85.50,76.82,81.33
72.06,91.71,77.37,80.44
69.81,91.66,77.02,80.64
72.99,88.60,76.73,80.82
79.33,81.61,75.16,81.75
77.73,76.07,74.68,80.74
76.10,71.51,74.60,80.95
74.81,74.01,74.22,81.46
72.02,76.81,73.96,81.99
78.06,88.63,73.41,82.50
78.63,93.69,72.47,84.39
80.91,99.39,72.67,83.62
81.34,93.24,73.48,82.59
78.49,87.64,73.27,81.92
82.57,81.37,73.32,79.93
92.00,79.41,72.20,78.76
90.59,83.96,71.07,77.76
87.31,87.03,70.56,77.76
85.28,100.20,69.60,77.49
81.67,113.78,68.33,77.99
76.69,111.47,67.87,78.19
80.57,116.65,67.86,77.47
76.65,111.31,67.56,77.02
81.06,95.44,67.59,76.59
76.01,90.43,67.58,76.36
79.00,92.98,67.11,75.80
82.58,93.58,66.53,75.62
81.66,95.87,65.29,75.82
80.12,99.45,64.58,76.29
75.39,93.19,64.59,76.34
70.64,89.79,64.59,76.34
65.65,87.35,64.59,76.34
69.91,118.70,64.61,75.73
66.19,111.99,64.88,75.09
72.38,106.34,64.65,74.91
69.01,111.22,64.58,74.75
73.86,106.62,64.68,74.66
86.66,86.92,63.70,76.37
88.08,93.00,63.42,76.84
81.36,91.65,63.42,76.84
77.31,90.21,63.42,76.84
73.88,87.71,63.42,76.84
68.93,118.69,64.06,76.58
63.74,116.70,64.88,75.93
66.85,113.29,65.48,75.19
70.58,118.20,66.29,73.29
75.80,122.34,66.21,72.32
82.23,126.51,65.64,72.08
79.07,138.07,65.11,72.68
75.29,141.09,65.18,73.00
80.08,136.91,64.83,72.82
83.91,149.91,64.62,73.01
78.64,146.23,64.40,73.09
56.40,141.13,64.20,73.20
54.20,128.68,64.13,73.40
60.48,125.29,64.09,73.46
37.24,86.37,62.27,76.13
38.59,86.04,62.52,76.54
39.70,87.16,62.79,76.58
41.83,87.75,62.94,76.57
47.73,86.95,63.03,76.57
54.13,85.36,63.09,76.58
60.21,83.57,63.15,76.59
65.35,82.51,63.22,76.57
70.68,90.98,63.44,76.55
82.59,88.85,64.13,76.54
85.53,88.04,64.05,76.76
81.54,86.13,63.94,76.94
77.47,85.49,63.96,76.94
73.35,87.49,63.97,76.94
69.60,87.51,63.98,76.94
68.51,85.12,63.98,76.94
67.19,80.96,63.98,76.94
65.49,76.41,63.98,76.94
63.44,71.79,63.98,76.94
60.25,69.33,63.99,76.94
58.50,66.86,63.99,76.93
56.45,63.58,63.99,76.93
54.05,60.16,63.99,76.93
51.22,56.41,63.99,76.93
47.09,51.51,63.99,76.93
42.67,45.16,63.99,76.93
38.48,38.58,63.99,76.93
33.13,32.01,63.99,76.93
27.85,25.62,63.99,76.93
22.35,18.58,63.99,76.93
16.49,11.61,63.99,76.93
9.68,4.34,63.99,76.93
3.03,-2.06,64.00,76.92
-0.02,-6.43,64.00,76.91
-1.27,-7.93,64.00,76.91
-1.74,-8.76,64.01,76.91
-2.20,-9.30,64.01,76.91
-3.32,-10.89,64.01,76.91
-3.41,-11.42,64.01,76.90
-3.02,-11.83,64.01,76.90
-2.59,-11.79,64.01,76.90
-2.80,-10.73,64.01,76.90
-3.27,-9.61,64.01,76.90
-3.28,-9.47,64.00,76.90
-3.47,-10.09,64.00,76.90
-3.74,-9.79,64.00,76.89
-3.37,-9.46,64.00,76.89
-3.54,-8.46,64.00,76.89
-3.55,-8.41,64.00,76.88
-4.02,-8.05,64.00,76.88
-3.77,-8.05,64.00,76.88
-3.39,-9.02,64.00,76.88
-3.19,-9.47,64.00,76.88
-2.52,-8.50,64.00,76.88
-2.54,-7.23,64.00,76.88
-2.81,-6.32,64.00,76.87
-2.77,-6.76,64.00,76.87
-2.79,-7.27,64.00,76.87
-2.77,-7.89,64.00,76.87
-2.91,-8.43,64.00,76.87
-2.72,-8.83,64.00,76.87
-2.58,-9.02,64.00,76.87
-2.92,-8.54,64.00,76.87
-3.78,-9.03,64.00,76.86
-4.29,-9.99,64.00,76.86
-4.32,-10.80,64.00,76.86
-3.53,-10.93,64.00,76.86
-3.16,-11.46,64.00,76.86
-2.33,-11.20,64.00,76.86
-2.30,-10.70,64.00,76.86
-2.84,-10.20,64.00,76.86
-3.32,-10.62,64.00,76.86
-3.17,-10.68,64.00,76.86
