0.19205780
0.00435850
0.00398910
0.00432560
0.00407980
0.00430830
0.00397070
0.00407650
0.00394490
0.00395390
0.00386550
0.00372270
0.00398960
0.00383650
0.00404910
0.00413690
0.00406160
0.00423850
0.00402120
0.00393590
0.00395360
0.00416500
0.00396960
0.00397000
0.00395320
0.00395150
0.00378020
0.00384690
0.00412870
0.00411580
0.00410080
0.00413960
0.00379190
0.00373500
0.00403040
0.00386100
0.00381400
0.00402880
0.00378410
0.00368220
0.00371390
0.00385140
0.00414660
0.00427040
0.00424370
0.00368570
0.00365000
0.00376730
0.00400060
0.00388920
0.00380270
0.00371300
0.00369620
0.00414230
0.00406510
0.00420590
0.00412050
0.00390670
0.00392010
0.00417980
0.00426050
0.00415000
0.00420580
0.00409260
0.00418550
0.00408610
0.00384850
0.00379630
0.00402730
0.00415910
0.00395260
0.00417400
0.00410290
0.00399080
0.00417670
0.00425340
0.00397280
0.00413990
0.00401870
0.00395730
0.00382320
0.00368790
0.00403500
0.00394990
0.00398690
0.00390110
0.00396250
0.00387190
0.00414830
0.00392260
0.00369650
0.00376200
0.00423510
0.00418610
0.00396550
0.00371310
0.00366060
0.00377310
0.00390520
0.00388460
0.00411040
0.00418670
0.00410360
0.00413110
0.00414410
0.00388490
0.00386400
0.00393180
0.00406700
0.00405440
0.00423570
0.00417950
0.00391070
0.00397290
0.00373110
0.00372820
0.00377930
0.00378030
0.00419630
0.00441660
0.00420730
0.00403120
0.00419890
0.00000000
0.00000000
0.00000000
0.00000000
0.21777620
0.00429690
0.00437910
0.00418410
0.00422980
0.00420670
0.00431520
0.00409490
0.00404930
0.00453580
0.00399860
0.00424470
0.00421080
0.00434250
0.00448860
0.00440570
0.00475370
0.00443510
0.00444000
0.00425650
0.00421070
0.00412620
0.00421960
0.00413690
0.00427880
0.00448640
0.00422330
0.00422890
0.00452690
0.00461810
0.00482650
0.00434390
0.00411210
0.00394680
0.00397330
0.00379150
0.00383080
0.00373990
0.00376290
0.00391320
0.00393220
0.00409990
0.00409550
0.00397560
0.00381640
0.00373770
0.00421160
0.00413400
0.00411120
0.00371170
0.00410080
0.00478260
0.00419940
0.00407270
0.00413080
0.00408880
0.00441530
0.00429130
0.00443950
0.00383840
0.00388510
0.00383930
0.00464810
0.00403250
0.00411190
0.00394830
0.00427160
0.00417420
0.00412940
0.00389860
0.00397120
0.00403130
0.00417540
0.00396060
0.00377700
0.00371350
0.00421010
0.00370880
0.00407800
0.00425930
0.00418860
0.00410950
0.00415160
0.00390850
0.00391440
0.00393400
0.00388090
0.00386910
0.00443810
0.00465390
0.00437280
0.00430310
0.00469950
0.00456950
0.00518440
0.00508210
0.00508470
0.00517050
0.00476490
0.00490050
0.00480320
0.00468470
0.00441450
0.00442640
0.00444260
0.00424630
0.00432170
0.00427800
0.00423150
0.00432180
0.00419060
0.00457420
0.00434530
0.00438330
0.00431440
0.00402230
0.00454620
0.00433070
0.00425240
0.00421080
0.00408540
0.00392640
0.00392800
0.00506130
0.00484420
0.00489400
0.00473960
0.00449370
0.00434770
0.00429140
0.00432610
0.00410770
0.00456600
0.00460750
0.00455850
0.00466460
0.00493590
0.00493940
0.00504930
0.00518010
0.00486650
0.00499800
0.00469050
0.00454430
0.00478340
0.00475330
0.00455330
0.00472310
0.00489480
0.00504930
0.00484650
0.00495810
0.00471760
0.00507680
0.00485120
0.00478950
0.00520300
0.00523600
0.00528660
0.00514720
0.00479580
0.00513460
0.00454760
0.00444980
0.00451470
0.00495460
0.00491960
0.00499080
0.00503800
0.00468640
0.00452540
0.00451860
0.00451500
0.00453010
0.00459590
0.00516450
0.00594040
0.00472230
0.00446130
0.00441960
0.00462320
0.00503250
0.00508530
0.00479350
0.00491740
0.00492580
0.00449130
0.00450690
0.00461660
0.00497700
0.00488090
0.00506340
0.00480800
0.00477870
0.00505070
0.00494590
0.00494730
0.00475090
0.00477160
0.00504540
0.00461550
0.00488490
0.00478070
0.00455720
0.00454110
0.00512110
0.00521160
0.00535040
0.00507860
0.00526550
0.00504930
0.00533810
0.00500130
0.00501810
0.00501340
0.00498100
0.00501290
0.00504400
0.00503740
0.00542760
0.00490490
0.00469610
0.00456740
0.00452960
0.00551750
0.00497220
0.00455490
0.00453960
0.00450000
0.00460260
0.00473010
0.00456760
0.00478740
0.00494020
0.00477140
0.00526820
0.00504060
0.00529320
0.00504180
0.00544630
0.00518640
0.00483170
0.00484970
0.00499720
0.00496140
0.00485800
0.00471530
0.00504270
0.00500780
0.00490870
0.00469510
0.00484680
0.00505540
0.00488380
0.00480270
0.00468320
0.00454560
0.00505000
0.00487720
0.00522150
0.00474220
0.00465130
0.00477480
0.00534950
0.01023390
0.00495230
0.00492980
0.00456280
0.00495760
0.00476870
0.00481510
0.00491830
0.00488540
0.00484550
0.00474440
0.00454530
0.00455330
0.00472760
0.00460140
0.00479080
0.00480610
0.00479320
0.00523220
0.00475260
0.00502590
0.00446790
0.00502900
0.00501000
0.00512640
0.00497100
0.00470410
0.00470000
0.00466850
0.00479440
0.00472350
0.00455150
0.00449390
0.00455170
0.00518370
0.00523800
0.00495460
0.00494000
0.00459800
0.00470300
0.00465380
0.00487900
0.00504230
0.00488040
0.00494650
0.00484030
0.00476860
0.00488250
0.00468320
0.00500660
0.00513040
0.00436610
0.00446420
0.00459100
0.00454570
0.00441560
0.00455110
0.00436790
0.00437850
0.00441210
0.00488620
0.00487420
0.00476080
0.00463480
0.00420980
0.00435950
0.00446810
0.00417570
0.00471140
0.00426100
0.00424010
0.00446180
0.00456350
0.00420080
0.00454640
0.00441850
0.00448440
0.00437200
0.00461430
0.00432970
0.00441990
0.00417130
0.00437190
0.00505550
0.00482310
0.00439370
0.00436480
0.00436510
0.00449760
0.00460120
0.00478010
0.00486100
0.00480400
0.00455880
0.00451150
0.00457160
0.00443870
0.00445450
0.00465540
0.00436590
0.00496020
0.00458130
0.00468740
0.00473980
0.00479730
0.00472830
0.00420020
0.00424040
0.00453020
0.00439450
0.00431280
0.00434790
0.00464400
0.00454860
0.00423110
0.00413680
0.00416720
0.00468280
0.00502120
0.00506820
0.00495850
0.00475960
0.00503930
0.00452830
0.00448990
0.00486790
0.00476350
0.00511910
0.00494120
0.00479460
0.00513970
0.00523850
0.00472290
0.00495320
0.00521240
0.00504290
0.00508530
0.00513050
0.00507790
0.00505800
0.00476980
0.00479480
0.00509580
0.00475830
0.00458380
0.00497750
0.00556450
0.00560970
0.00539720
0.00561600
0.00528590
0.00520300
0.00527130
0.00534340
0.00524480
0.00491260
0.00487100
0.00495650
0.00485750
0.00552000
0.00516020
0.00525800
0.00536820
0.00519860
0.00519690
0.00504910
0.00490520
0.00470550
0.00467380
0.00501960
0.00501420
0.00500590
0.00497660
0.00510440
0.00526440
0.00539250
0.00000000
0.00000000
0.00000000
0.00000000
0.22652340
0.00488940
0.00483550
0.00495220
0.00570670
0.00544690
0.00544400
0.00517680
0.00512800
0.00566480
0.00528190
0.00552930
0.00536240
0.00511040
0.00512150
0.00506480
0.00538620
0.00541330
0.00527620
0.00629260
0.00604370
0.00567680
0.00566480
0.00552110
0.00526180
0.00492140
0.00557410
0.00514470
0.00527250
0.00531610
0.00512440
0.00500030
0.00502430
0.00495660
0.00535290
0.00493520
0.00529250
0.00512250
0.00540230
0.00498040
0.00463290
0.00464050
0.00481640
0.00471190
0.00468280
0.00467250
0.00512070
0.00484640
0.00477110
0.00536020
0.00523510
0.00550180
0.00522840
0.00515090
0.00565170
0.00511530
0.00548400
0.00488120
0.00522800
0.00514000
0.00475680
0.00464730
0.00477620
0.00535830
0.00528090
0.00525900
0.00517250
0.00490930
0.00496620
0.00472530
0.00469840
0.00474330
0.00471780
0.00478970
0.00506030
0.00479250
0.00482300
0.00529650
0.00521250
0.00518030
0.00495280
0.00491410
0.00493980
0.00536350
0.00495490
0.00488670
0.00477140
0.00525140
0.00516480
0.00510360
0.00503040
0.00520940
0.00503540
0.00481090
0.00486800
0.00559460
0.00499330
0.00482430
0.00473170
0.00474920
0.00497130
0.00500570
0.00520040
0.00509410
0.00543630
0.00543880
0.00516570
0.00537420
0.00542840
0.00481770
0.00499380
0.00520950
0.00509270
0.00487590
0.00572890
0.00504600
0.00522700
0.00512700
0.00512370
0.00524600
0.00532710
0.00564130
0.00539220
0.00515150
0.00485950
0.00489560
0.00509270
0.00494030
0.00516000
0.00520830
0.00473290
0.00476710
0.00502840
0.00500980
0.00497510
0.00481010
0.00500310
0.00489400
0.00511980
0.00489930
0.00527440
0.00564320
0.00530770
0.00507850
0.00477590
0.00471330
0.00482300
0.00538790
0.00522150
0.00519360
0.00519580
0.00492670
0.00492480
0.00531440
0.00542920
0.00508380
0.00529880
0.00598680
0.00528550
0.00537030
0.00547440
0.00557100
0.00493330
0.00529640
0.00500540
0.00499750
0.00524790
0.00492130
0.00548940
0.00534810
0.00521120
0.00520560
0.00540380
0.00598310
0.00538070
0.00548340
0.00538460
0.00562110
0.00533490
0.00505140
0.00523480
0.00527100
0.00515070
0.00550060
0.00543570
0.00518100
0.00539560
0.00533390
0.00521670
0.00524630
0.00516650
0.00531380
0.00513310
0.00518640
0.00509790
0.00497390
0.00522300
0.00477920
0.00488980
0.00551880
0.00499780
0.00517200
0.00556190
0.00563100
0.00587160
0.00540160
0.00552330
0.00539730
0.00547690
0.00530060
0.00577610
0.00499740
0.00531740
0.00529930
0.00565790
0.00577060
0.00000000
0.00000000
0.00000000
0.00000000
0.20646990
0.00540010
0.00553940
0.00481990
0.00482420
0.00583990
0.00546540
0.00469830
0.00481700
0.00475930
0.00484910
0.00460180
0.00456310
0.00450180
0.00509960
0.00472060
0.00504020
0.00497380
0.00507520
0.00450660
0.00481820
0.00522290
0.00528140
0.00495720
0.00514870
0.00484270
0.00554800
0.00524530
0.00493320
0.00528760
0.00522930
0.00527180
0.00515300
0.00505340
0.00516180
0.00504860
0.00482360
0.00468100
0.00508960
0.00512490
0.00499520
0.00498060
0.00493780
0.00499810
0.00566070
0.00509520
0.00524610
0.00505860
0.00472190
0.00461910
0.00447120
0.00457910
0.00488660
0.00482350
0.00500570
0.00494200
0.00506930
0.00517360
0.00526730
0.00496970
0.00466650
0.00450320
0.00450870
0.00438430
0.00442750
0.00441020
0.00449000
0.00473700
0.00491860
0.00467980
0.00481160
0.00493700
0.00488070
0.00469960
0.00533140
0.00480460
0.00474190
0.00463840
0.00477830
0.00464360
0.00467010
0.00461020
0.00482230
0.00442950
0.00453930
0.00477000
0.00490380
0.00484780
0.00470620
0.00495920
0.00471800
0.00470130
0.00466600
0.00453120
0.00465720
0.00486860
0.00442150
0.00469660
0.00471800
0.00460220
0.00459520
0.00469530
0.00514170
0.00505790
0.00486760
0.00465710
0.00469630
0.00460910
0.00448160
0.00433760
0.00436210
0.00470850
0.00479580
0.00471860
0.00454150
0.00464710
0.00462860
0.00439890
0.00488070
0.00467500
0.00464810
0.00468340
0.00467840
0.00442450
0.00434690
0.00443360
0.00480960
0.00447970
0.00466920
0.00472460
0.00468490
0.00470510
0.00465270
0.00450640
0.00483400
0.00467880
0.00474710
0.00472520
0.00496460
0.00511080
0.00509350
0.00491180
0.00461300
0.00467000
0.00469390
0.00462200
0.00466090
0.00462590
0.00465310
0.00460390
0.00468480
0.00459800
0.00454680
0.00441770
0.00471890
0.00483300
0.00450170
0.00450110
0.00435690
0.00438440
0.00460330
0.00461930
0.00431810
0.00443440
0.00457260
0.00455050
0.00435000
0.00412860
0.00443820
0.00463640
0.00442560
0.00443100
0.00438090
0.00441570
0.00429420
0.00436540
0.00415400
0.00415640
0.00408780
0.00412310
0.00408250
0.00402060
0.00423520
0.00431540
0.00426520
0.00426000
0.00436220
0.00459460
0.00416280
0.00413790
0.00426550
0.00435620
0.00444210
0.00411580
0.00408360
0.00409370
0.00426010
0.00420450
0.00424530
0.00418650
0.00416900
0.00407290
0.00402480
0.00421760
0.00428600
0.00467760
0.00409160
0.00445470
0.00418460
0.00404380
0.00423790
0.00421370
0.00401000
0.00397590
0.00414390
0.00454170
0.00437780
0.00420720
0.00410350
0.00423410
0.00444360
0.00438450
0.00455720
0.00434330
0.00426260
0.00456100
0.00451530
0.00432360
0.00420490
0.00421150
0.00433820
0.00437700
0.00434040
0.00397150
0.00396460
0.00401430
0.00459430
0.00410770
0.00402730
0.00397610
0.00403220
0.00398350
0.00388700
0.00389330
0.00386530
0.00390290
0.00428170
0.00464290
0.00420840
0.00427330
0.00423050
0.00415340
0.00454730
0.00419460
0.00431120
0.00418240
0.00456390
0.00470090
0.00438880
0.00433180
0.00450680
0.00458160
0.00446890
0.00437410
0.00435990
0.00440730
0.00437880
0.00438290
0.00470210
0.00450730
0.00472810
0.00454110
0.00510600
0.00462170
0.00469990
0.00443950
0.00493820
0.00452980
0.00453160
0.00458140
0.00435260
0.00410650
0.00472550
0.00426580
0.00439390
0.00483190
0.00596830
0.00560870
0.00513000
0.00500060
0.00497830
0.00498950
0.00488530
0.00497020
0.00481250
0.00462610
0.00464130
0.00513800
0.00490710
0.00444430
0.00453010
0.00446060
0.00417750
0.00448250
0.00444100
0.00440910
0.00448590
0.00441500
0.00445930
0.00435760
0.00451540
0.00463770
0.00445240
0.00427490
0.00451480
0.00436080
0.00453870
0.00456930
0.00438880
0.00439050
0.00405940
0.00408170
0.00405970
0.00407500
0.00407360
0.00447320
0.00480510
0.00458770
0.00454280
0.00434310
0.00434440
0.00419930
0.00436720
0.00425790
0.00403900
0.00398620
0.00411430
0.00428880
0.00425780
0.00416340
0.00427030
0.00437120
0.00452500
0.00422620
0.00458720
0.00436720
0.00438480
0.00449330
0.00433510
0.00455010
0.00458420
0.00442370
0.00504210
0.00496370
0.00511160
0.00468930
0.00491350
0.00443590
0.00520920
0.00457270
0.00475850
0.00453890
0.00466370
0.00465850
0.00464930
0.00456530
0.00431170
0.00420790
0.00427130
0.00486660
0.00538000
0.00454360
0.00457330
0.00441870
0.00435320
0.00459100
0.00464590
0.00470950
0.00454980
0.00437760
0.00449390
0.00443280
0.00447480
0.00432150
0.00461640
0.00429890
0.00419540
0.00440010
0.00475350
0.00446170
0.00452540
0.00437220
0.00424200
0.00397820
0.00399830
0.00395380
0.00387710
0.00403140
0.00390490
0.00403940
0.00452810
0.00435550
0.00427210
0.00431860
0.00405190
0.00433450
0.00418040
0.00440670
0.00421530
0.00412660
0.00412760
0.00410820
0.00385930
0.00385590
0.00410610
0.00416670
0.00449870
0.00417910
0.00401640
0.00417200
0.00419640
0.00432140
0.00444510
0.00461020
0.00427160
0.00445550
0.00485190
0.00429750
0.00435930
0.00453750
0.00515170
0.00477210
0.00466560
0.00510160
0.00459390
0.00448760
0.00460320
0.00432220
0.00444150
0.00451240
0.00465620
0.00439390
0.00450090
0.00431140
0.00458450
0.00449900
0.00436800
0.00429070
0.00443780
0.00447190
0.00448820
0.00446530
0.00487460
0.00419520
0.00421950
0.00478970
0.00452700
0.00430670
0.00439490
0.00455830
0.00443930
0.00427100
0.00422530
0.00413240
0.00421280
0.00404610
0.00404590
0.00405650
0.00444210
0.00450500
0.00452800
0.00440270
0.00459240
0.00424050
0.00464850
0.00437110
0.00416080
0.00444120
0.00443710
0.00436950
0.00453560
0.00412210
0.00411120
0.00426500
0.00478690
0.00465700
0.00456990
0.00469100
0.00455030
0.00411740
0.00409490
0.00406840
0.00441030
0.00429600
0.00461090
0.00438260
0.00441380
0.00451810
0.00498240
0.00443920
0.00552470
0.00481290
0.00465410
0.00444480
0.00444320
0.00437710
0.00427610
0.00438800
0.00452420
0.00459730
0.00434420
0.00419040
0.00407400
0.00441520
0.00418700
0.00408740
0.00423790
0.00433580
0.00447020
0.00429210
0.00439140
0.00446780
0.00500980
0.00442000
0.00441790
0.00435570
0.00449450
0.00441620
0.00442040
0.00455980
0.00441660
0.00455350
0.00419450
0.00424410
0.00419200
0.00417150
0.00410080
0.00460330
0.00432400
0.00425190
0.00433890
0.00418790
0.00417200
0.00422430
0.00422020
0.00433000
0.00411190
0.00452350
0.00441230
0.00437080
0.00444160
0.00416970
0.00423250
0.00449720
0.00430830
0.00426240
0.00418840
0.00428870
0.00439280
0.00437300
0.00399460
0.00417940
0.00405430
0.00395870
0.00396760
0.00392170
0.00405960
0.00431130
0.00417390
0.00426550
0.00394140
0.00405960
0.00408240
0.00436490
0.00535750
0.00449820
0.00418000
0.00414750
0.00484970
0.00449740
0.00448120
0.00436920
0.00418530
0.00406050
0.00415810
0.00437420
0.00419090
0.00465370
0.00456490
0.00438400
0.00432210
0.00428470
0.00437240
0.00455590
0.00450990
0.00436310
0.00450210
0.00464860
0.00409750
0.00411140
0.00462060
0.00418910
0.00438080
0.00425870
0.00439490
0.00435350
0.00428950
0.00441880
0.00459380
0.00417070
0.00421460
0.00480810
0.00441120
0.00453280
0.00440980
0.00429180
0.00416960
0.00399480
0.00390260
0.00389600
0.00390630
0.00389090
0.00397520
0.00441030
0.00440000
0.00415760
0.00431270
0.00404070
0.00402880
0.00426980
0.00440370
0.00408630
0.00441410
0.00452460
0.00427370
0.00400090
0.00402330
0.00403690
0.00400910
0.00418720
0.00409520
0.00405340
0.00402050
0.00395000
0.00406460
0.00471660
0.00473740
0.00440670
0.00401140
0.00401070
0.00400740
0.00397700
0.00438690
0.00433020
0.00406350
0.00429550
0.00429390
0.00449610
0.00440190
0.00428460
0.00443750
0.00435780
0.00405460
0.00436090
0.00424900
0.00431830
0.00443200
0.00416890
0.00421290
0.00408850
0.00420730
0.00417930
0.00422770
0.00438500
0.00422050
0.00400920
0.00402530
0.00395920
0.00397580
0.00427180
0.00424840
0.00430200
0.00432250
0.00417590
0.00424700
0.00418160
0.00431760
0.00411730
0.00401400
0.00434470
0.00411250
0.00456710
0.00406370
0.00425720
0.00462280
0.00442380
0.00411530
0.00417240
0.00409180
0.00396570
0.00401200
0.00436870
0.00421390
0.00423250
0.00413510
0.00406990
0.00399880
0.00417980
0.00435830
