1
286.29,134.50,50.09,167.08
285.48,136.55,51.37,164.41
285.91,138.35,52.27,162.88
286.11,138.80,52.55,162.19
286.95,138.19,52.90,160.73
287.95,138.53,53.11,159.37
288.24,139.66,52.32,158.39
289.13,141.69,51.72,156.54
289.94,143.34,51.24,155.22
288.74,144.05,50.20,154.09
288.24,143.84,49.27,152.18
286.42,145.26,48.83,150.69
284.50,144.83,48.46,150.73
282.30,144.82,48.12,150.00
280.02,145.34,47.79,148.40
277.47,145.00,47.48,147.43
275.53,146.32,47.58,146.55
274.17,148.16,47.90,145.81
271.82,148.55,48.36,145.02
269.76,150.19,48.89,144.14
268.70,152.51,49.24,143.87
267.53,152.63,49.52,143.91
266.29,153.32,49.68,143.80
265.51,154.81,49.51,143.62
265.74,155.46,49.49,143.11
266.09,155.30,49.24,142.92
264.83,155.69,49.07,143.38
263.90,156.54,48.54,143.47
263.41,157.72,48.14,144.10
262.04,158.01,47.40,143.20
260.43,159.52,47.04,141.80
259.14,160.72,46.40,140.34
258.00,163.20,46.22,138.70
256.42,164.10,46.61,137.40
255.14,164.57,47.03,136.14
252.50,165.38,47.57,134.63
251.61,165.56,47.45,134.88
250.72,164.80,46.95,135.12
248.09,162.94,47.37,135.39
245.92,161.95,47.69,135.93
244.86,160.98,47.57,136.84
243.51,159.25,47.76,136.83
241.07,166.90,48.08,136.63
238.78,164.28,48.11,136.29
244.55,166.88,48.27,135.29
240.45,163.87,48.29,136.09
238.18,167.47,48.07,136.14
245.18,166.65,47.97,136.06
242.01,165.52,47.58,135.94
247.69,162.24,47.67,135.40
242.65,163.39,47.70,135.34
238.04,162.44,48.05,136.32
243.94,159.29,46.97,137.29
239.87,158.87,46.26,138.15
244.92,157.71,45.23,137.36
241.77,158.56,44.93,136.64
238.12,155.86,45.70,138.02
234.23,145.72,46.86,140.49
230.70,138.81,48.05,146.01
230.39,135.80,48.55,149.03
231.68,135.56,48.98,150.24
232.57,136.45,48.39,150.82
233.01,139.20,47.64,150.04
241.29,135.69,47.92,149.12
238.19,135.11,47.98,147.56
234.00,143.29,48.32,146.34
240.32,146.43,48.85,145.13
235.56,141.92,49.14,144.46
243.60,138.02,48.83,144.64
249.19,143.61,50.03,144.79
243.56,138.82,50.17,145.22
236.55,147.36,50.83,142.45
231.49,151.50,52.54,138.15
237.14,152.74,53.38,135.38
232.36,152.34,53.21,133.39
229.01,152.63,52.89,131.81
233.65,151.24,52.88,131.19
229.65,150.84,52.61,132.11
226.72,153.32,52.61,131.49
232.93,146.25,52.59,132.27
228.65,149.23,53.02,132.77
234.92,141.68,52.98,133.16
241.23,139.39,52.49,131.36
237.30,139.92,52.20,130.96
242.86,140.08,51.70,130.70
239.36,142.11,51.53,129.96
244.23,142.50,50.84,129.85
241.29,142.10,50.75,129.18
246.97,141.65,50.08,129.18
244.05,141.34,49.78,129.73
249.10,140.02,49.87,130.33
245.65,140.19,50.02,130.68
249.94,139.76,50.54,130.97
246.39,141.62,51.06,131.24
249.96,141.75,51.55,130.88
252.64,142.00,51.98,131.27
249.36,142.16,52.52,131.85
254.60,141.04,52.34,132.81
252.77,141.89,52.80,133.50
251.89,141.20,53.33,135.16
251.66,136.83,53.73,136.28
259.13,139.06,53.65,137.83
264.29,139.84,52.90,139.78
269.26,137.78,50.49,142.84
262.81,134.28,51.69,143.76
256.83,176.94,53.52,145.07
260.08,183.23,56.24,143.27
263.03,186.27,59.48,142.39
258.44,190.36,63.00,141.30
265.02,198.83,67.76,138.21
272.30,188.74,69.33,139.14
276.28,199.08,74.62,137.08
279.98,204.72,79.66,133.64
285.57,201.30,84.64,132.82
291.56,206.19,87.59,131.09
296.97,202.82,89.85,131.67
303.74,207.95,91.44,130.82
324.82,196.09,88.31,133.85
316.31,205.48,89.63,133.24
324.37,203.90,90.63,133.46
329.49,202.88,92.14,133.35
2
0
0
0
0
1
267.09,131.37,61.82,166.87
266.45,129.22,61.66,167.95
264.28,129.25,62.31,168.28
264.03,129.25,62.67,168.53
263.63,131.02,63.12,170.57
260.51,128.23,64.22,172.09
259.33,129.97,64.35,173.79
261.72,126.93,65.56,175.30
258.58,127.70,65.40,177.12
255.62,124.51,66.16,177.13
253.92,128.91,65.53,177.93
259.37,125.56,65.41,177.98
255.20,125.98,65.19,178.18
252.47,124.50,64.79,178.03
253.25,129.36,64.27,176.10
252.21,126.85,63.70,174.19
251.98,131.81,62.86,173.58
250.68,127.31,63.44,171.76
250.01,131.60,63.37,170.82
259.19,128.75,62.19,171.90
256.78,127.42,62.40,172.75
263.35,127.01,62.41,173.33
259.27,132.63,62.53,174.30
263.36,127.87,62.50,174.49
259.76,126.67,62.74,173.83
266.92,124.46,62.19,174.47
264.05,133.11,62.24,172.58
261.98,130.67,62.02,171.16
262.55,134.46,61.83,170.71
270.03,130.51,61.67,169.03
266.01,128.15,60.75,169.56
264.61,135.05,60.65,169.86
263.27,133.20,60.17,169.63
262.41,137.12,59.70,170.83
261.34,133.53,59.48,169.50
260.27,138.67,59.34,168.80
260.36,143.91,59.00,168.06
260.56,148.82,59.21,165.92
260.13,151.66,59.49,163.61
259.78,155.51,60.14,161.40
258.14,158.13,60.95,159.69
256.22,157.90,61.88,158.37
266.82,153.07,63.44,158.82
263.34,154.57,64.68,159.71
262.42,151.31,65.12,159.26
260.98,155.28,64.86,160.16
259.48,154.41,64.60,160.65
267.38,156.03,66.04,159.65
264.09,157.21,66.79,160.02
269.91,147.27,66.82,160.57
265.94,149.70,67.40,161.75
262.52,149.86,68.15,162.57
271.29,142.18,67.72,163.84
277.16,144.46,68.28,166.08
270.96,146.27,69.07,167.02
277.77,146.39,69.69,166.61
285.85,141.12,68.70,166.76
279.67,144.16,69.23,166.62
274.19,145.38,69.56,166.98
282.57,148.49,68.84,166.32
287.83,151.61,68.44,165.03
283.54,145.36,67.20,163.96
280.52,148.49,66.49,165.29
278.56,149.34,66.12,165.02
285.02,148.43,65.89,164.03
280.36,148.68,65.01,162.25
279.08,154.48,64.92,160.79
277.63,153.17,64.11,159.00
275.85,156.98,63.29,159.06
273.61,158.18,63.10,159.99
279.06,151.09,62.76,162.25
275.03,156.71,62.58,163.92
278.80,154.44,65.10,163.70
273.16,155.01,67.47,164.19
268.69,154.94,67.45,164.90
274.99,151.64,70.23,164.79
279.20,148.30,72.75,166.32
275.01,148.86,73.76,167.82
287.11,139.98,73.87,170.33
284.55,141.33,73.68,173.47
295.07,137.21,74.07,176.88
304.16,137.22,74.97,179.01
299.68,135.70,75.07,180.30
294.26,128.41,75.93,181.67
288.59,132.49,77.22,181.63
295.48,137.33,78.26,179.80
288.88,130.76,78.41,180.80
283.51,132.60,80.38,180.38
278.91,133.16,81.89,179.13
272.92,135.73,83.34,177.93
267.57,135.24,84.28,177.85
276.36,138.15,85.76,178.46
270.10,136.52,85.64,181.31
264.46,134.64,86.00,183.31
276.37,136.78,86.27,184.40
287.00,137.70,85.37,184.66
294.27,137.18,84.01,183.59
288.87,141.23,83.36,181.83
286.51,137.56,81.74,180.76
283.39,144.53,81.02,178.36
293.19,141.93,79.21,177.73
289.78,141.80,78.48,178.51
286.66,141.92,77.45,179.18
297.21,137.14,76.04,179.06
292.52,145.15,75.64,178.50
301.50,140.77,74.45,179.10
297.42,145.83,74.19,179.29
306.04,147.02,74.06,179.14
313.14,143.06,74.20,178.61
308.25,147.66,73.87,178.14
315.80,143.04,74.46,177.66
311.33,147.03,74.73,176.99
318.48,142.87,74.74,175.18
315.24,147.05,74.79,175.57
323.27,144.25,75.10,174.90
319.59,149.76,75.38,174.29
318.34,148.45,74.22,173.46
316.49,152.73,73.82,172.95
327.45,148.31,72.90,173.87
323.88,154.24,72.68,173.67
331.65,150.86,73.03,173.49
329.70,149.04,72.17,173.68
327.49,153.93,72.08,173.35
327.63,151.64,71.22,172.82
337.07,148.06,71.44,174.43
333.96,152.67,72.10,176.11
334.08,148.82,72.63,176.02
345.47,147.22,72.73,177.99
343.59,151.81,73.32,179.87
343.54,150.49,73.75,180.34
352.37,147.69,74.14,182.44
350.87,144.81,74.28,184.02
359.41,144.02,74.26,184.98
358.31,142.96,73.98,185.74
366.80,142.73,73.59,186.35
364.70,141.64,73.39,187.31
372.77,140.45,73.74,187.35
370.41,140.20,74.04,187.19
369.34,138.68,73.85,186.57
368.78,144.45,73.59,186.89
378.74,140.39,73.64,184.96
375.87,145.41,73.41,184.30
383.67,140.95,73.38,183.74
378.00,146.78,72.62,184.67
375.14,152.79,74.19,182.32
383.67,155.04,77.01,180.22
378.97,159.49,78.73,177.94
384.65,162.23,81.94,176.00
378.89,164.58,83.72,174.75
384.09,164.76,86.75,174.64
389.81,159.40,89.79,175.01
392.89,162.23,91.55,176.28
398.59,157.57,92.77,176.30
395.02,153.00,93.03,178.75
402.10,153.84,91.80,182.05
400.93,146.02,90.42,183.63
400.24,147.00,88.26,185.25
399.39,146.91,86.04,186.79
411.62,140.52,84.08,188.65
409.18,142.55,82.78,188.51
408.21,138.39,82.16,187.03
407.54,141.37,81.92,187.68
407.29,136.86,81.07,188.19
405.84,136.89,80.98,188.26
405.26,143.71,80.73,189.38
404.09,138.33,80.66,190.22
402.51,135.93,80.69,190.32
401.09,141.38,80.37,190.59
399.17,137.47,79.35,189.84
398.08,143.11,78.43,189.33
395.80,137.49,77.63,187.55
393.45,144.55,77.14,186.69
391.02,140.00,76.63,185.56
388.08,142.65,76.28,186.94
385.65,144.28,75.87,187.71
384.15,138.77,75.32,186.48
383.29,143.93,75.08,186.87
381.45,140.85,74.82,185.75
380.43,139.08,74.79,185.52
378.85,137.38,75.05,184.42
377.81,136.48,75.22,183.02
376.57,141.80,75.51,182.61
377.26,139.35,74.52,181.56
377.73,137.79,74.01,181.78
377.68,145.74,74.33,182.32
377.11,139.55,74.02,183.99
376.52,135.24,73.17,184.02
375.72,142.02,72.99,184.39
375.54,135.77,72.37,184.72
376.29,143.04,72.18,183.84
377.22,139.15,72.06,183.02
377.41,135.17,71.11,183.38
385.16,142.50,71.46,184.88
382.26,135.79,71.16,187.39
379.27,138.21,71.10,188.41
377.89,133.28,69.09,189.63
384.89,135.57,67.93,193.24
380.96,133.54,66.41,193.97
387.18,132.63,66.25,197.59
382.61,128.47,66.23,197.82
387.58,125.96,65.65,200.89
383.16,127.39,64.99,201.66
389.51,118.25,64.50,205.64
385.30,123.20,63.96,205.63
382.25,121.35,63.66,206.01
391.00,120.23,62.73,207.75
396.87,115.54,62.65,211.29
393.63,119.42,62.88,210.11
400.70,116.41,63.48,211.55
394.43,122.21,64.29,210.46
401.04,118.11,65.68,211.94
393.98,114.94,66.60,213.74
402.57,113.28,66.62,214.55
395.31,113.03,67.03,215.82
403.70,112.43,67.36,216.08
398.24,112.77,67.11,216.50
405.69,107.66,66.81,215.68
402.32,111.37,65.87,214.96
399.36,109.99,64.61,211.14
397.27,112.24,64.43,209.52
394.73,113.92,64.32,208.10
392.34,115.58,64.19,207.46
389.43,115.62,64.47,206.81
385.98,114.86,64.69,207.14
382.84,115.58,64.67,206.99
378.71,115.34,65.11,207.81
384.86,110.46,65.48,208.84
377.75,113.66,66.02,210.44
374.02,109.53,65.14,213.11
371.09,107.67,64.92,214.86
366.88,107.92,65.58,217.69
363.86,105.31,65.96,220.31
362.23,102.22,65.54,220.98
358.96,103.19,66.28,222.71
355.90,99.75,67.10,223.67
353.51,99.10,67.64,223.81
352.00,98.39,67.92,223.92
350.37,98.88,68.35,223.81
348.69,95.66,68.61,222.68
347.13,96.86,68.61,221.45
357.59,94.31,68.52,218.21
352.08,97.06,68.46,216.03
347.80,97.55,68.75,215.79
345.76,98.95,68.70,216.03
345.55,94.00,67.97,214.93
344.16,97.59,68.03,215.57
342.53,96.75,68.38,215.91
341.53,97.34,68.40,215.09
340.81,98.59,68.39,213.65
339.89,95.48,68.37,213.61
339.54,96.86,68.34,212.49
338.74,100.39,68.51,210.40
337.97,99.25,68.33,209.77
336.91,99.22,68.49,209.50
335.75,101.94,68.54,208.20
334.92,100.83,68.65,208.71
342.56,99.68,68.63,208.62
337.54,102.32,68.34,209.37
334.62,101.37,68.20,210.19
332.73,104.56,68.26,209.49
330.75,105.55,68.13,209.68
328.70,109.09,68.15,209.53
326.69,102.11,67.18,211.36
323.48,106.56,67.55,211.27
331.26,99.88,66.46,213.67
325.95,100.74,66.06,214.09
321.26,102.73,66.06,213.23
318.46,96.42,65.38,213.84
315.13,98.02,65.20,213.64
312.20,98.72,64.88,213.71
309.71,92.29,63.90,214.90
306.51,90.60,63.72,215.65
303.88,95.14,64.40,218.91
301.28,98.09,64.81,220.68
298.25,100.59,65.51,221.55
294.58,103.39,66.63,220.27
291.63,100.48,66.53,220.71
288.13,102.15,66.68,222.54
283.06,98.23,66.44,221.94
279.13,96.70,66.37,221.04
275.15,97.58,66.37,220.16
271.60,103.49,68.09,218.20
268.38,103.94,69.20,217.70
264.93,102.20,70.18,216.15
262.30,104.86,70.93,214.34
272.03,100.94,70.56,212.36
267.65,106.87,71.07,209.91
263.25,108.69,71.72,208.92
260.03,111.55,72.24,208.72
257.72,104.34,71.65,207.57
256.47,109.21,71.71,206.82
255.70,114.27,72.35,207.13
254.51,117.30,72.90,206.22
266.41,114.86,73.40,204.90
263.97,115.19,72.74,205.17
260.67,113.94,71.95,206.68
258.72,111.95,71.56,208.49
256.71,114.06,71.29,209.99
264.63,107.39,71.03,209.13
260.33,117.20,70.21,208.35
256.33,114.17,69.01,209.19
253.78,118.34,68.44,211.01
252.72,115.77,67.65,211.22
250.92,119.73,68.37,211.03
249.66,117.18,68.42,210.75
248.01,120.52,69.18,209.59
244.47,121.32,69.84,207.92
241.71,124.33,70.69,205.19
250.39,125.36,70.84,202.01
246.57,128.44,70.00,199.46
241.88,130.99,69.48,197.36
250.59,128.69,68.93,193.33
246.59,135.71,67.85,192.18
243.83,138.82,67.20,190.53
254.03,134.51,66.24,189.85
249.76,139.57,66.82,189.09
256.68,134.93,67.36,188.60
251.88,141.18,67.81,188.30
259.63,137.62,68.41,188.23
255.89,141.88,68.99,189.91
263.22,136.19,69.23,191.16
260.04,131.78,68.73,192.38
257.54,136.36,68.99,193.91
266.57,127.71,68.46,194.76
262.05,130.00,68.00,196.20
268.85,126.06,66.86,192.86
262.73,128.42,66.72,190.71
270.78,124.86,65.53,191.53
264.83,124.28,64.27,192.42
272.02,133.18,64.20,190.92
266.39,128.74,63.80,191.46
271.03,137.06,64.18,190.62
263.73,132.43,63.66,190.61
267.29,138.15,64.24,189.83
259.91,132.11,63.63,191.67
255.59,127.65,63.01,194.90
251.31,126.34,62.68,197.35
258.14,124.42,63.42,197.71
252.75,122.06,63.77,199.12
247.08,121.27,63.76,199.15
242.57,122.00,64.14,199.61
249.17,120.39,65.15,197.55
244.44,121.97,64.99,198.21
239.80,123.08,65.09,196.78
247.45,125.48,65.65,194.57
242.93,129.71,65.20,194.65
238.74,128.39,64.56,194.95
246.75,131.35,64.96,194.69
241.74,131.56,64.22,196.44
248.88,131.81,64.12,196.30
244.20,132.97,63.63,197.66
252.60,133.38,63.37,198.49
248.15,133.23,62.92,201.59
244.95,134.47,63.19,200.93
253.03,136.25,63.50,200.09
247.67,135.68,62.83,199.80
244.00,135.47,63.09,197.84
242.46,135.12,63.12,197.09
240.17,133.43,63.27,196.11
248.09,130.56,62.72,196.68
243.01,130.31,62.22,198.72
239.12,126.42,62.41,199.61
236.06,125.60,62.80,199.71
242.43,124.04,63.50,197.04
235.90,123.56,63.51,195.96
231.60,124.02,63.58,193.94
228.57,124.50,63.43,191.40
235.34,122.15,63.52,188.98
230.47,122.99,62.93,189.04
226.86,120.74,62.51,188.29
233.90,118.76,62.67,187.79
228.85,118.82,62.23,188.41
235.60,116.30,62.50,187.63
230.38,116.08,62.36,188.53
236.55,113.83,62.57,188.15
231.83,112.84,62.51,188.67
238.52,111.59,62.93,188.45
233.72,110.97,62.85,190.87
239.44,108.68,63.44,192.07
234.56,108.40,63.04,196.04
240.17,105.29,63.68,198.45
235.84,105.15,64.05,199.49
239.85,101.71,65.07,201.89
235.60,99.69,65.56,204.12
240.57,95.18,66.43,205.77
235.91,91.41,66.96,207.21
242.13,86.00,67.88,206.90
238.25,85.31,67.26,207.18
244.49,82.55,66.84,205.41
240.76,84.15,66.17,203.53
245.91,82.81,65.83,201.79
241.50,82.87,65.31,198.39
245.30,81.51,65.28,197.42
241.02,83.41,64.64,195.03
239.13,82.32,63.96,195.32
244.64,80.93,64.41,194.04
240.22,79.40,64.25,193.54
245.03,85.38,64.68,193.19
241.10,82.27,63.85,193.40
246.90,81.47,63.75,192.67
242.73,79.97,63.06,193.07
239.54,79.06,61.92,193.60
245.27,79.75,62.16,192.63
239.92,81.28,61.76,193.02
236.77,78.15,61.28,194.11
232.97,76.92,61.33,193.62
240.44,56.61,61.50,191.77
188.68,-22.34,62.93,184.70
183.85,-28.88,62.17,179.86
190.93,-20.47,61.72,175.59
185.91,-21.29,60.54,172.76
183.02,-18.29,60.11,169.92
189.66,-16.79,59.24,167.74
183.84,-16.18,58.37,165.58
180.45,-17.12,57.74,163.83
186.33,-13.96,57.84,162.84
181.71,-14.24,56.53,162.69
178.45,-15.24,56.25,161.62
183.83,-14.69,56.17,160.41
180.44,-14.10,55.63,159.41
177.66,-15.47,54.99,160.29
182.81,-17.68,55.00,160.30
178.73,-16.12,54.76,160.39
176.25,-15.61,54.33,160.82
182.08,-15.98,54.10,161.39
178.80,-17.95,54.21,160.82
176.17,-19.34,54.55,159.69
182.79,-17.83,54.75,157.94
179.11,-18.26,54.50,157.52
176.76,-21.09,54.26,156.59
182.70,-18.55,54.34,155.48
178.80,-18.14,54.22,153.86
175.70,-18.14,54.18,152.53
179.84,-14.73,53.83,151.43
175.74,-17.17,53.91,151.55
173.33,-17.96,53.93,151.24
177.23,-17.82,53.76,151.00
173.06,-18.15,53.47,150.35
2
0
0
0
0
1
202.10,30.65,75.90,171.87
199.87,30.14,75.40,172.27
199.69,27.92,75.12,172.79
199.33,26.52,74.24,173.16
199.44,26.97,73.82,173.93
199.39,26.02,73.12,174.37
199.40,23.44,72.49,173.59
198.38,23.05,71.69,173.41
198.79,20.66,70.99,171.74
199.16,22.57,70.11,170.29
199.54,23.90,69.05,169.20
198.85,23.31,68.32,168.41
197.98,22.55,67.60,167.93
198.04,21.65,66.92,166.99
197.86,22.23,66.37,166.08
204.69,25.26,65.97,164.99
201.34,26.49,65.73,164.24
199.82,25.29,65.90,163.94
199.28,25.41,66.05,163.32
206.75,27.72,66.21,163.46
203.49,29.79,66.50,162.32
201.99,30.63,66.31,162.52
201.86,31.15,66.44,160.94
203.34,33.40,65.87,159.86
202.92,33.93,66.43,159.23
202.71,33.64,66.62,159.51
203.26,34.02,66.57,159.06
202.86,36.15,66.39,158.71
202.23,36.37,66.19,158.67
201.22,37.01,66.00,158.36
200.75,35.19,65.82,157.95
207.08,37.53,65.71,157.25
202.82,35.11,65.54,155.90
207.40,34.52,65.02,154.61
203.40,34.86,64.90,153.54
210.02,37.45,64.64,152.32
205.30,38.00,64.86,150.43
209.99,39.01,64.47,149.25
212.39,38.10,64.10,148.06
205.66,37.22,64.06,149.07
211.11,46.99,64.02,150.71
215.15,46.55,61.54,151.83
209.21,52.55,61.74,153.50
214.60,49.71,62.10,155.83
212.09,55.69,60.25,160.37
218.60,60.66,59.58,163.18
214.94,53.13,59.47,167.06
222.90,58.08,59.20,169.06
227.66,58.04,59.38,169.91
220.46,54.50,60.32,169.74
226.70,53.40,60.22,168.59
220.33,39.75,63.36,165.11
226.84,40.98,65.57,162.42
220.80,40.09,67.31,160.33
215.37,40.44,68.60,158.65
224.44,40.84,68.85,157.05
231.98,42.45,69.97,155.98
239.62,42.77,70.84,155.09
232.25,43.81,72.24,154.40
238.35,52.76,72.90,155.85
231.69,48.35,73.78,155.60
237.79,39.26,73.73,157.89
233.29,40.83,73.40,157.67
241.50,41.86,73.02,156.99
249.22,50.21,72.28,156.39
243.19,36.75,69.82,159.47
239.42,35.65,67.14,162.17
246.81,45.95,65.76,163.12
241.67,32.16,64.48,164.63
248.66,33.00,63.71,165.56
244.50,43.99,62.65,166.94
252.42,42.91,61.80,167.90
246.73,36.62,61.56,170.71
253.18,33.15,62.31,171.95
258.28,31.30,63.81,172.41
251.90,28.49,64.38,172.06
259.04,31.01,65.67,169.86
252.46,30.06,66.09,169.97
259.34,29.86,66.37,169.60
252.72,32.09,66.14,169.87
258.57,32.66,68.58,166.61
248.60,40.51,69.44,164.68
255.16,36.02,69.70,164.64
246.77,37.01,70.10,163.19
241.28,45.45,69.55,162.31
246.32,41.91,70.02,160.34
253.69,41.26,70.66,157.84
260.90,38.65,70.98,156.95
281.38,34.94,70.40,156.82
285.98,40.40,69.85,156.77
282.16,37.29,67.03,160.52
289.43,32.37,65.14,163.25
294.87,30.62,64.92,164.18
288.24,38.73,63.18,165.01
294.01,36.24,62.41,166.39
299.52,33.64,63.14,167.16
293.47,34.27,62.83,166.80
298.77,33.25,63.56,167.47
304.13,29.38,64.46,168.09
299.33,28.15,63.19,168.62
305.26,26.99,65.43,166.79
300.44,27.23,64.00,169.34
293.05,37.57,63.16,167.91
299.14,33.23,62.35,167.82
293.26,34.20,62.35,166.36
301.01,35.35,61.78,166.11
305.45,35.02,61.93,164.99
310.31,33.95,61.50,165.89
304.79,35.09,61.96,165.56
310.28,33.19,61.72,166.70
304.81,33.11,62.61,167.27
310.96,31.65,62.87,167.53
316.40,31.20,62.79,169.79
310.42,30.87,62.50,170.58
316.57,20.54,62.49,171.76
310.08,24.38,62.11,172.70
307.37,26.85,61.62,173.89
312.89,27.21,61.49,174.07
308.41,28.30,61.69,175.03
314.21,27.33,62.06,175.64
308.91,25.87,62.71,177.15
315.95,27.32,62.95,176.62
308.55,35.15,65.55,172.30
317.15,37.36,67.03,170.09
325.37,39.91,68.20,166.24
332.89,40.54,68.93,164.13
327.43,28.94,67.12,166.01
333.18,29.92,66.90,165.72
327.25,29.94,65.89,166.18
332.51,27.96,65.44,165.30
328.59,25.16,64.88,166.25
333.72,22.24,64.88,166.21
328.51,32.26,63.81,167.07
335.69,40.58,62.60,167.17
330.98,24.29,61.72,167.73
336.75,22.59,61.44,167.46
331.88,24.00,60.89,168.98
337.49,25.27,61.31,167.58
332.81,26.10,60.80,167.76
338.92,26.69,60.99,165.18
343.58,28.46,61.09,163.65
337.64,25.15,60.58,164.42
333.74,23.35,60.62,165.52
340.15,18.61,61.05,166.35
334.77,26.01,61.12,164.91
339.88,21.38,60.83,164.05
335.43,18.12,59.83,164.73
341.22,14.28,58.93,165.88
336.73,12.45,58.11,166.59
342.43,10.59,58.00,166.94
336.69,8.18,57.60,167.01
343.11,6.28,57.21,167.59
337.80,1.65,56.42,169.41
342.83,-1.19,56.25,170.49
338.11,7.43,55.03,169.70
345.13,1.99,54.34,170.86
339.51,-1.79,54.27,171.90
344.85,-2.36,54.44,171.62
339.74,-2.27,54.69,170.03
345.94,-2.44,54.53,170.75
340.87,-1.95,54.66,171.01
346.68,-2.49,54.72,171.98
340.89,-3.17,54.93,172.00
346.45,-2.22,54.85,172.71
341.52,-1.17,54.93,172.15
347.78,0.69,54.72,174.04
342.43,-0.20,55.20,174.78
346.50,1.79,55.28,175.15
343.07,3.76,55.60,174.73
346.42,4.31,55.86,175.30
349.66,7.05,55.76,175.04
344.24,7.30,56.63,175.41
347.51,8.71,57.33,174.22
344.07,8.89,57.87,173.37
347.97,9.39,57.56,174.32
344.06,10.19,58.36,173.87
349.01,9.77,58.35,173.98
344.97,12.02,58.64,173.55
343.47,12.93,58.83,173.87
348.39,13.90,58.40,172.94
345.22,14.24,58.54,171.48
351.21,13.95,58.25,169.99
347.57,14.82,58.41,169.66
352.75,17.02,58.32,168.99
349.26,19.39,58.01,168.49
353.61,20.53,57.28,167.13
348.99,22.38,57.33,164.82
353.43,22.72,57.03,163.55
349.16,24.85,56.73,161.13
354.02,25.73,56.79,159.75
349.24,26.37,56.50,158.41
354.03,25.75,56.62,158.89
358.59,25.71,56.93,158.44
353.69,27.65,56.80,158.85
359.04,16.49,58.35,161.28
354.08,18.58,59.53,162.92
359.51,15.50,60.33,164.68
353.65,15.09,61.37,166.92
361.71,10.32,63.35,169.55
355.60,9.18,64.69,170.21
361.18,5.36,65.18,174.52
365.69,0.75,65.33,176.60
359.62,7.56,66.50,177.84
366.89,-2.69,66.83,180.88
360.03,3.02,68.39,180.65
353.11,6.87,71.41,176.69
359.61,5.13,73.20,174.77
352.68,7.92,76.10,172.15
359.92,5.37,77.02,172.09
353.59,8.55,78.78,170.68
360.42,4.65,79.42,169.85
366.59,1.41,79.21,171.98
373.54,0.47,78.59,173.75
367.75,-0.91,78.84,173.54
2
0
0
0
0
1
328.61,31.31,28.55,128.81
327.07,31.80,29.95,126.86
324.05,32.13,31.30,125.02
323.40,32.88,32.35,123.48
322.23,34.18,32.90,122.27
319.85,35.80,33.33,120.86
317.76,37.61,33.63,118.76
316.74,36.32,34.00,116.78
314.56,36.24,34.02,114.70
313.22,36.95,34.20,113.91
311.83,38.16,34.86,112.92
310.27,39.25,34.79,112.65
308.86,38.77,35.08,112.10
307.17,39.80,35.45,111.00
306.12,39.57,35.30,110.63
304.44,39.93,35.68,110.99
302.17,40.12,36.20,111.78
300.67,40.16,36.68,112.67
298.64,38.44,36.90,115.05
296.89,36.88,36.99,116.60
294.95,38.15,37.22,119.01
292.00,39.69,37.60,120.70
290.08,35.14,37.24,122.30
288.15,37.92,37.22,123.67
284.30,34.58,37.67,125.01
281.25,36.14,37.71,127.61
278.26,37.51,38.03,129.04
274.80,33.74,38.53,130.07
272.84,36.98,38.71,131.03
278.46,35.01,38.43,132.00
275.47,32.29,38.22,132.26
274.37,34.63,37.99,132.85
279.06,34.44,38.19,133.95
276.07,35.33,38.52,134.30
275.06,34.67,38.69,134.33
273.99,38.54,38.96,134.37
279.35,39.01,39.23,135.09
277.30,38.09,39.06,135.02
280.87,40.28,39.44,134.09
277.49,39.59,39.67,132.66
276.30,45.33,38.90,131.47
274.68,42.79,38.59,129.70
281.36,43.14,38.25,128.96
278.27,44.05,38.13,128.55
274.95,48.38,37.68,126.54
280.45,48.22,37.43,125.75
276.50,53.01,37.36,123.55
272.92,55.43,36.95,121.49
271.66,50.70,36.15,119.80
276.63,48.00,35.17,120.34
275.40,50.75,34.36,120.74
274.80,52.21,34.23,120.30
274.26,49.11,34.37,119.71
279.13,47.29,34.12,121.51
277.83,45.51,34.36,122.08
276.45,50.30,34.49,121.24
275.62,52.86,34.70,120.79
280.56,48.72,35.33,121.23
279.32,46.55,36.09,121.41
283.51,45.01,36.26,124.09
281.30,45.94,36.96,123.12
285.78,44.72,36.82,124.83
289.40,45.53,36.96,126.02
286.91,45.84,37.10,124.04
291.15,50.97,36.95,122.60
290.70,49.15,36.57,120.94
295.97,47.38,35.87,120.20
294.46,45.10,35.22,118.86
299.12,49.64,34.61,118.63
297.99,45.08,34.01,118.52
303.20,46.74,33.34,119.41
302.04,45.99,32.83,120.00
308.52,43.21,32.59,121.08
306.47,49.74,32.74,121.59
310.52,47.14,32.23,122.99
315.91,42.93,32.24,124.04
312.99,48.73,32.35,124.35
319.04,43.12,32.83,124.41
321.87,46.74,33.25,124.50
319.56,47.17,33.10,124.69
317.50,46.42,33.38,124.67
324.05,44.70,34.25,124.74
328.37,44.14,35.05,125.54
325.59,45.85,36.02,124.99
322.68,49.64,36.67,124.36
328.09,47.79,36.54,124.06
326.48,51.57,36.49,122.99
330.87,48.95,36.70,121.77
329.32,52.12,36.44,120.31
333.14,45.94,36.54,120.62
330.65,48.50,36.40,121.60
329.38,50.33,36.46,121.05
328.25,50.69,36.60,121.45
327.32,54.95,36.55,121.52
325.99,50.78,37.77,119.82
332.32,56.34,38.43,117.13
336.31,51.85,38.88,115.55
340.82,57.40,38.39,115.21
338.15,52.47,38.93,114.46
341.90,56.89,38.76,113.63
340.33,52.83,38.77,112.17
345.13,56.01,37.54,111.98
342.89,53.46,37.49,111.10
348.33,56.83,36.73,111.01
346.19,57.74,36.59,111.65
351.24,57.71,36.54,111.03
353.53,57.02,36.24,111.27
357.58,57.58,36.10,110.99
361.32,58.96,35.48,111.50
364.70,55.11,34.87,110.79
367.93,58.26,34.22,109.44
371.85,59.48,33.73,106.90
374.84,59.16,33.16,104.83
378.96,58.13,32.26,103.89
378.98,57.63,31.69,103.84
382.56,61.72,31.45,102.45
386.37,62.13,31.39,101.53
384.84,64.65,31.34,101.11
389.76,63.82,31.29,100.61
389.56,62.98,31.49,101.24
392.91,61.21,31.64,102.46
391.62,60.79,31.97,103.24
391.56,62.30,32.44,102.78
394.72,60.52,32.38,103.97
392.12,58.71,32.98,104.16
390.58,61.08,33.17,104.08
393.88,60.59,33.19,104.22
392.10,62.34,33.24,104.61
390.35,61.86,33.63,104.97
388.49,62.39,33.69,104.02
386.76,63.04,33.82,104.27
385.45,65.55,33.57,104.84
389.61,63.63,32.93,105.19
386.95,64.07,32.42,104.46
386.13,65.58,32.29,104.01
386.96,68.43,31.87,102.86
386.49,70.14,31.30,102.22
385.67,71.44,30.86,101.44
388.67,71.63,30.59,101.61
387.31,73.88,30.86,100.87
391.66,72.03,31.04,100.36
388.15,77.12,31.56,100.61
386.30,81.65,31.75,99.91
384.03,84.96,31.78,98.94
387.15,79.63,31.32,101.54
385.67,78.85,31.33,101.81
384.25,83.42,31.22,101.42
382.85,80.38,31.64,101.08
385.56,83.02,32.19,102.14
381.52,86.44,32.58,102.94
380.46,88.77,33.06,102.85
380.92,85.81,32.71,103.12
379.75,85.18,32.51,103.01
378.84,85.31,32.21,102.53
383.94,87.23,32.52,102.68
381.83,89.51,32.82,101.84
380.15,90.48,32.69,101.18
378.99,91.42,32.91,100.21
383.19,92.85,33.01,101.17
380.92,94.97,32.86,101.01
380.24,95.15,32.99,100.42
384.81,95.61,33.08,101.32
383.47,99.20,32.95,101.75
387.41,95.69,34.07,102.95
385.99,94.86,33.99,103.83
385.04,96.09,34.21,104.17
384.06,94.83,33.92,103.76
388.39,95.73,33.86,105.23
386.07,95.40,33.68,104.87
389.89,94.88,34.08,105.81
386.56,95.38,33.76,106.12
384.69,94.94,33.42,107.36
382.94,99.64,32.95,107.26
381.50,101.56,32.93,106.58
380.35,105.63,32.54,106.18
379.06,110.39,32.05,105.20
383.28,111.65,32.35,104.65
380.04,113.12,32.27,103.23
377.86,119.11,32.26,101.38
376.52,119.75,32.43,100.17
380.32,126.41,32.27,98.80
377.94,127.02,31.91,98.08
380.79,130.22,32.05,97.43
377.53,134.20,32.05,96.54
375.05,136.99,32.15,95.41
377.39,140.10,32.13,94.52
375.54,136.42,31.97,95.12
372.92,138.75,31.68,95.52
371.54,137.47,31.76,96.09
368.85,140.67,32.08,96.06
367.44,137.38,32.17,96.64
370.87,136.85,32.91,97.35
367.81,136.00,33.46,98.11
364.70,139.79,33.70,98.20
362.27,143.50,33.57,97.02
365.34,139.91,33.65,97.53
365.15,137.94,33.93,97.74
363.87,134.53,33.90,98.49
362.25,133.24,34.09,100.01
360.38,131.16,34.12,101.18
358.43,130.16,34.14,101.72
357.67,131.39,34.10,101.30
356.53,125.54,34.35,101.98
360.24,124.54,34.77,103.30
357.63,124.58,34.70,104.56
355.74,125.55,34.32,106.00
359.31,119.42,35.03,107.89
356.62,121.13,35.20,108.16
361.38,117.07,36.07,109.86
359.30,120.12,36.28,111.41
364.03,119.43,36.68,113.17
361.26,121.77,36.00,114.37
359.97,123.34,35.88,114.20
364.61,121.76,35.46,115.91
368.08,120.35,35.62,118.49
364.74,121.80,35.43,119.52
368.39,120.92,35.41,121.79
365.80,122.28,35.32,122.48
369.35,122.81,35.76,124.20
367.58,125.21,35.54,124.55
371.67,122.61,35.82,126.12
368.29,126.00,36.09,125.88
373.39,123.47,36.53,126.80
371.06,121.55,36.89,126.13
375.22,120.44,37.25,126.25
372.94,121.25,37.65,124.36
377.59,122.37,38.05,124.18
374.80,123.49,38.08,124.42
378.86,122.48,38.15,125.75
376.78,121.21,38.34,126.86
375.92,120.05,38.37,127.45
381.92,117.94,38.60,129.37
386.67,118.84,39.14,130.51
384.04,115.68,39.60,131.47
389.73,115.47,39.71,131.82
387.59,128.77,40.04,130.50
392.05,129.34,40.75,129.56
390.41,130.19,40.81,129.15
395.84,131.64,40.89,129.05
393.51,124.45,40.95,129.16
399.51,126.03,40.87,129.97
396.88,126.09,41.01,130.89
402.38,121.78,41.74,133.47
400.35,118.88,41.93,136.84
398.63,115.52,41.81,139.94
396.96,110.01,41.70,144.30
395.06,105.62,41.74,147.95
393.14,102.10,41.98,150.67
391.14,100.39,42.44,151.35
396.11,100.48,42.94,152.95
391.85,99.88,43.73,154.08
390.15,99.39,44.82,154.08
388.67,99.73,45.91,154.35
388.11,99.49,46.80,155.93
387.12,98.23,47.33,158.10
385.84,97.52,47.82,159.42
384.93,96.28,48.14,160.11
383.98,95.80,48.61,160.17
392.38,91.75,48.43,162.63
390.76,90.08,49.09,162.98
397.41,91.69,49.09,164.67
395.23,97.51,49.49,165.27
401.31,97.45,49.63,166.44
398.61,102.67,50.08,165.66
405.32,98.97,49.91,166.06
401.39,98.27,49.66,166.93
399.10,94.80,49.98,166.62
404.94,92.06,49.95,168.14
401.17,96.64,49.78,167.41
398.65,91.95,49.78,168.50
405.95,90.80,49.84,170.39
402.65,97.46,50.26,170.46
399.66,94.36,50.25,171.44
396.82,92.92,50.53,171.41
404.87,93.50,50.88,171.40
401.95,100.77,51.06,170.83
409.38,103.63,50.80,170.67
404.84,107.44,51.91,169.53
413.23,104.10,51.81,168.59
408.99,106.22,52.02,168.51
415.36,101.66,51.97,169.21
420.85,109.30,52.06,167.88
415.17,105.72,52.43,168.50
411.09,107.11,51.96,168.87
419.12,101.93,51.85,169.55
415.23,98.51,51.87,168.16
421.27,90.89,52.49,168.27
416.30,90.24,52.06,168.83
422.63,86.00,51.72,171.18
417.85,90.44,50.96,170.85
413.81,95.51,50.38,170.52
420.54,92.14,50.01,172.19
415.17,96.32,49.35,173.52
421.42,92.70,49.78,175.17
416.16,95.30,49.38,176.93
411.31,98.89,49.10,175.52
418.86,103.49,49.16,175.60
415.09,105.49,48.55,174.73
412.59,106.73,48.20,174.39
419.29,110.26,47.89,174.16
413.92,103.20,48.01,174.16
419.40,108.82,48.09,174.07
414.68,103.85,48.23,172.91
420.78,107.78,48.03,173.06
416.23,112.77,47.73,170.61
422.04,107.46,48.00,170.23
418.03,113.60,47.77,167.56
414.66,105.90,48.02,165.76
422.22,115.47,47.67,163.63
418.06,108.72,47.96,162.02
424.13,106.61,47.71,161.49
430.81,115.22,46.89,159.95
425.86,109.95,47.01,158.86
421.90,112.84,46.53,158.52
429.34,119.15,45.80,158.01
425.63,111.29,46.02,156.74
431.78,119.55,45.49,157.36
427.90,114.30,46.16,159.11
433.30,120.97,46.07,159.35
429.88,115.55,47.02,159.76
435.31,122.86,46.87,159.52
430.28,116.61,47.21,160.99
428.03,122.58,47.88,159.87
425.99,115.39,48.22,159.18
424.25,119.61,48.98,158.97
431.08,116.39,48.92,160.78
427.42,124.37,48.55,158.68
431.69,134.62,47.69,155.90
427.97,133.08,47.03,153.06
424.98,141.28,46.31,150.97
422.84,141.11,46.60,146.75
421.03,146.01,45.74,146.63
418.75,143.30,44.37,148.31
417.75,139.16,43.75,151.52
421.69,138.42,44.19,153.77
418.31,137.13,43.73,156.95
414.78,134.59,43.42,159.85
412.81,134.22,43.46,162.10
410.77,126.51,43.36,164.39
407.96,126.55,43.01,167.12
405.14,117.51,43.11,168.66
402.17,118.82,43.23,169.19
406.16,107.32,43.34,172.90
401.43,109.10,43.50,173.09
405.41,91.79,43.66,177.29
400.91,97.19,43.40,178.38
405.08,91.39,43.68,179.75
408.54,86.25,44.09,181.15
403.75,92.70,44.42,178.82
408.73,92.07,43.84,179.26
404.31,79.23,43.92,181.24
409.74,72.99,44.70,180.60
414.54,66.53,45.24,180.28
409.73,75.31,45.98,175.30
405.69,82.62,46.59,170.59
412.45,86.60,46.46,167.62
407.64,86.64,47.16,164.71
411.98,91.09,47.10,162.41
407.67,84.52,47.24,160.46
412.05,89.37,46.88,159.89
407.06,88.35,47.28,158.30
411.55,89.23,47.00,157.44
406.45,89.19,46.98,155.72
411.34,89.76,46.18,154.82
407.73,85.80,45.76,153.50
412.75,86.91,44.94,153.62
408.26,87.06,44.90,152.25
413.27,86.31,44.31,151.64
410.12,84.27,44.73,150.38
415.75,87.67,44.53,150.51
412.20,88.15,45.13,149.90
416.36,88.38,45.47,150.89
412.41,88.77,46.22,150.48
416.54,87.51,45.81,151.72
413.81,84.72,46.24,150.70
418.72,87.56,45.47,151.30
415.09,88.12,45.16,150.69
421.31,86.96,44.63,149.18
417.32,92.75,44.46,148.03
415.26,94.38,45.00,147.37
420.76,97.37,44.55,147.51
417.02,98.65,44.57,147.03
421.53,99.70,44.40,146.43
418.53,97.73,44.41,145.76
416.55,101.14,44.65,145.92
422.87,99.35,44.19,146.07
418.96,104.50,44.07,146.34
417.11,105.72,44.84,145.83
422.55,108.68,44.38,147.29
419.47,109.49,44.67,147.31
417.55,113.28,45.18,146.66
416.30,115.00,45.47,146.45
414.38,118.67,45.85,146.07
421.41,117.20,45.48,146.14
417.59,124.55,45.59,145.12
415.03,125.85,45.90,144.92
413.42,128.83,46.28,144.26
411.92,131.89,46.37,143.75
410.58,135.56,46.50,142.46
414.33,139.66,47.23,142.01
410.96,141.22,46.92,142.29
409.44,145.30,47.15,141.62
407.89,143.96,46.95,140.51
412.55,148.41,47.49,139.19
410.20,144.03,46.81,138.72
415.97,143.09,46.32,138.44
413.16,142.41,45.92,138.34
411.57,148.81,45.77,138.04
415.01,152.16,46.41,137.17
412.60,147.67,45.79,137.32
411.05,149.63,45.89,137.22
414.37,149.30,46.76,137.39
412.69,146.08,46.43,137.69
411.43,149.73,46.30,138.13
410.30,149.79,46.57,138.72
408.91,145.16,46.22,139.67
415.66,145.67,45.77,139.99
413.27,144.93,45.33,141.50
412.57,144.72,45.29,143.20
417.18,147.66,45.63,144.92
413.86,147.93,46.18,147.34
418.03,141.99,46.58,151.14
413.73,142.50,46.53,151.89
417.25,140.50,46.59,153.87
420.35,139.01,45.38,158.11
416.12,141.28,44.83,159.62
420.00,136.79,44.58,163.26
416.16,138.43,43.94,164.17
420.44,129.32,43.85,165.29
418.27,135.22,43.43,165.57
421.33,136.43,43.29,166.54
417.68,132.14,43.33,166.19
421.24,133.60,43.19,167.31
417.03,135.43,43.25,167.52
421.11,129.08,43.33,167.42
417.33,134.87,43.38,166.20
415.41,137.55,43.08,167.16
418.92,132.14,43.03,167.59
415.68,128.55,43.54,167.60
411.35,134.77,44.00,166.87
415.45,127.21,44.33,168.44
409.88,130.77,43.72,169.50
413.40,126.84,43.95,171.03
405.98,127.59,45.86,171.66
409.59,122.55,46.97,171.53
404.87,128.21,48.28,169.05
408.86,125.19,48.54,168.51
404.31,131.11,49.62,165.62
407.74,126.42,49.45,165.06
404.95,126.27,50.81,162.63
409.20,125.07,51.06,163.80
404.88,124.77,51.75,162.44
401.79,129.92,52.39,160.01
407.78,127.20,52.80,160.60
403.32,123.64,53.17,161.67
399.33,126.55,53.78,160.76
405.48,127.91,54.36,160.64
402.15,122.27,54.36,161.45
399.97,126.90,54.93,160.69
406.71,127.32,54.71,160.68
404.27,121.71,54.13,160.97
402.77,124.85,54.16,160.18
409.81,121.06,53.58,161.45
405.97,119.03,53.54,160.94
404.72,123.84,53.52,159.50
404.23,125.80,53.26,158.54
403.94,127.12,52.87,157.31
409.62,130.27,52.20,158.72
405.56,125.30,51.87,159.08
411.44,127.49,51.50,161.16
406.71,122.09,51.74,162.49
403.60,125.00,51.73,162.68
410.74,122.37,52.24,164.70
406.63,124.62,52.74,165.77
412.84,124.24,53.27,167.64
407.03,122.44,54.37,169.04
403.35,121.22,54.73,170.14
400.20,119.43,55.62,170.45
399.08,123.04,55.60,169.65
396.76,121.06,55.29,169.04
404.76,120.66,55.01,167.36
400.05,118.91,55.12,166.16
396.26,119.75,55.41,166.26
394.72,119.77,55.49,166.09
400.33,121.21,54.82,165.85
395.85,121.11,54.30,164.37
393.55,122.45,53.73,163.08
398.44,125.04,53.37,162.87
392.41,127.27,53.31,161.88
396.31,130.56,53.16,161.09
393.15,132.93,52.66,159.82
399.83,126.84,51.75,159.95
394.94,127.51,51.18,160.72
392.99,128.32,51.15,159.80
392.31,129.82,50.59,158.50
401.17,122.10,49.46,158.60
398.43,122.75,49.56,158.43
396.69,123.56,48.46,157.63
394.38,123.57,48.08,156.56
392.64,126.11,48.17,155.98
397.93,127.43,48.19,155.52
393.13,122.83,48.13,156.55
390.96,124.79,48.11,157.10
388.19,126.63,47.81,156.65
392.03,122.09,48.28,157.24
389.17,118.85,48.91,156.57
385.04,117.96,50.54,156.16
388.46,116.56,50.90,155.35
383.80,116.29,52.49,153.91
381.03,114.65,54.00,152.50
379.18,114.59,55.36,150.73
376.91,117.13,56.44,149.31
374.95,119.00,56.23,148.83
370.72,116.37,56.66,150.24
366.92,116.94,56.82,150.40
364.21,116.83,56.80,149.81
361.03,116.89,56.23,149.90
357.34,117.28,55.33,150.08
354.13,116.33,54.87,149.92
352.48,112.61,54.78,150.50
351.91,111.25,54.60,149.18
350.12,111.03,54.33,149.14
349.07,115.26,53.67,147.94
348.20,115.62,53.17,146.65
346.64,118.38,52.90,145.18
353.02,117.58,52.85,146.67
357.20,118.44,53.11,146.88
354.11,121.85,53.17,145.44
361.83,121.78,52.96,143.57
360.59,129.30,53.04,143.52
368.30,126.90,52.37,143.66
368.03,129.10,51.74,143.30
367.64,129.28,51.39,143.08
374.63,129.70,51.35,143.30
372.15,133.21,50.55,142.37
371.44,141.54,50.05,141.52
376.04,140.78,50.11,141.03
374.04,143.79,49.62,139.77
374.06,146.24,49.45,138.99
373.99,149.69,49.37,139.27
373.21,150.94,50.14,139.48
373.17,152.69,50.04,139.49
373.27,154.11,50.27,139.10
373.28,154.20,51.12,138.40
374.09,156.58,51.22,137.27
374.82,157.17,51.32,136.51
381.82,159.61,51.83,138.09
380.51,162.24,52.10,137.72
385.77,161.80,52.56,138.31
384.45,165.09,52.77,136.63
389.18,165.79,53.07,138.04
386.99,169.64,53.22,137.02
386.49,169.74,53.55,136.56
390.99,172.38,53.55,136.18
388.91,174.69,52.97,135.03
392.30,176.90,53.20,134.90
389.12,179.34,53.56,133.27
386.26,179.24,54.49,132.82
390.62,178.41,55.05,132.66
387.16,178.50,55.40,132.31
391.38,177.21,55.32,132.83
388.46,176.59,54.95,132.31
385.62,176.18,55.56,131.49
383.83,175.90,55.94,131.08
389.40,177.44,55.31,130.83
387.41,175.60,55.04,132.22
385.82,174.64,54.89,131.87
384.91,174.62,54.30,131.58
383.13,174.40,53.80,131.99
380.01,173.39,54.22,131.74
378.51,174.41,53.77,132.20
376.31,175.19,53.88,132.41
373.99,175.18,54.33,131.50
371.01,175.32,54.87,130.83
375.96,173.18,55.11,131.87
371.06,169.75,55.67,132.38
368.44,166.46,55.50,132.65
373.07,164.21,56.17,133.14
368.36,159.89,56.91,132.51
372.77,158.12,57.02,132.76
368.29,153.60,56.47,132.17
366.03,151.59,56.52,132.15
364.37,149.80,56.13,132.25
369.53,146.87,55.45,133.41
366.39,141.86,54.74,134.39
365.31,138.78,54.01,136.53
365.04,135.15,53.45,137.67
363.87,133.60,53.36,137.25
363.10,131.04,53.58,137.28
369.59,133.43,53.48,137.09
368.14,127.96,53.30,137.65
366.82,123.16,52.68,140.47
372.94,127.99,51.64,140.09
377.95,131.50,50.77,138.68
375.81,126.28,50.11,137.08
381.21,131.85,48.21,136.63
377.05,127.09,47.56,136.61
372.12,121.55,48.01,136.29
367.36,106.23,48.25,136.57
372.76,109.45,48.30,136.68
367.90,114.71,48.39,136.38
364.77,122.33,47.60,134.96
370.89,122.35,47.54,133.43
366.71,120.46,46.85,131.42
371.59,118.40,46.60,129.74
375.01,115.71,45.91,129.72
371.56,115.22,46.35,128.32
369.25,119.75,46.53,126.56
373.72,121.62,46.01,126.75
371.53,123.15,46.51,126.38
375.33,125.43,46.34,126.76
371.56,124.81,46.36,126.43
368.88,123.71,46.80,125.90
366.80,123.70,47.62,124.98
364.13,124.01,48.02,125.34
367.09,125.80,47.69,125.49
362.96,123.70,48.17,125.91
359.43,125.96,48.46,124.63
361.71,127.96,48.47,124.20
357.79,128.54,48.67,123.89
355.49,130.74,49.55,123.33
353.38,130.45,50.35,123.44
351.56,132.07,51.12,123.82
350.15,131.97,51.87,124.95
349.73,133.19,52.43,126.11
348.99,133.80,53.14,127.40
348.22,134.62,53.97,129.46
348.12,136.87,54.88,131.69
347.03,138.28,55.45,134.44
346.33,137.97,56.37,137.13
345.30,138.51,56.89,139.25
344.00,139.03,57.27,139.60
343.22,139.58,57.19,139.16
342.75,140.48,56.82,138.93
342.40,142.83,55.99,138.47
342.71,145.07,56.00,136.80
342.61,147.61,56.15,134.94
342.21,149.37,55.98,133.54
341.38,151.35,56.09,132.29
340.93,152.84,56.03,131.75
340.87,155.51,56.23,130.63
340.83,155.64,55.90,130.86
340.95,156.56,55.90,130.53
341.20,157.59,55.80,130.12
340.27,158.72,55.25,129.96
340.36,159.99,54.56,130.10
339.70,161.23,54.37,129.72
339.41,162.87,53.65,129.08
339.37,162.85,53.47,129.17
339.46,163.29,53.01,128.93
339.06,162.29,53.33,128.64
337.44,160.69,53.74,129.04
336.03,160.15,53.83,130.10
336.20,160.93,53.62,129.81
335.33,162.28,53.58,130.00
333.89,163.94,53.70,130.16
332.57,164.22,54.00,130.26
329.51,165.74,54.23,130.88
328.13,166.87,53.96,130.79
326.35,168.05,54.09,130.89
324.40,170.16,54.13,130.68
322.95,169.88,54.08,130.93
321.56,170.44,54.21,131.21
319.68,170.82,53.90,131.13
319.59,170.68,53.83,130.67
318.10,174.43,53.71,130.70
316.79,175.43,53.63,130.38
315.53,177.14,53.45,130.94
314.61,177.45,53.04,130.72
313.37,178.40,53.05,130.62
311.16,178.48,52.71,131.29
309.77,178.11,52.91,131.51
307.10,178.74,52.98,131.75
304.63,179.86,52.80,131.82
302.43,179.07,52.72,132.08
299.70,181.45,52.78,132.66
296.73,181.94,52.64,133.41
293.80,181.45,52.76,132.93
291.21,179.92,53.42,133.18
287.75,179.98,53.64,133.48
284.34,180.21,54.26,134.19
281.94,180.04,54.71,133.89
279.47,181.31,54.50,135.15
275.74,180.00,54.53,136.21
273.59,178.89,54.69,136.47
271.07,180.14,54.81,136.35
269.52,179.61,54.45,135.95
265.85,180.03,54.37,135.49
263.36,180.57,54.14,133.85
261.45,180.92,53.65,132.14
259.17,183.84,53.12,129.80
256.87,186.91,53.05,127.89
254.92,187.72,52.61,126.59
252.40,188.18,53.05,125.78
249.62,188.17,52.99,126.17
247.00,188.95,52.84,126.22
244.57,189.86,52.79,125.52
242.39,190.65,52.47,125.65
240.24,189.82,52.37,125.86
237.79,191.24,52.21,126.00
235.73,189.84,52.03,126.15
233.67,188.86,51.68,126.37
230.63,188.31,50.95,126.95
229.27,188.25,50.49,126.57
226.84,188.25,50.14,126.39
224.78,189.88,50.17,126.08
222.29,190.77,50.16,126.02
220.65,190.89,49.90,125.74
