0.22891840
0.00461970
0.00471050
0.00491410
0.00422930
0.00432960
0.00518820
0.00541540
0.00559900
0.00491450
0.00593800
0.00586350
0.00555030
0.00532860
0.00522700
0.00609290
0.00572870
0.00537390
0.00578860
0.00509810
0.00586790
0.00578250
0.00613800
0.00541530
0.00644320
0.00614730
0.00725260
0.00640480
0.00582200
0.00669730
0.00638630
0.00727030
0.00676990
0.00630960
0.00609460
0.00773150
0.00739510
0.23340310
0.24497300
0.23266800
0.00726660
0.00646750
0.00700000
0.00725680
0.00731730
0.00596920
0.00657470
0.00685400
0.22923820
0.23860550
0.23106300
0.22258780
0.22959850
0.23272120
0.22941860
0.22039170
0.23674860
0.23040000
0.29565390
0.26858240
0.29168460
0.32761260
0.28472320
0.23950100
0.24594980
0.00779450
0.00785890
0.00836830
0.00765930
0.00759210
0.00755690
0.00797460
0.00780370
0.00841860
0.00802450
0.00849060
