0.28238500
0.01107620
0.01161720
0.01096210
0.01140120
0.01349590
0.01206890
0.01187420
0.01414960
0.00881970
0.00891330
0.00933080
0.00899730
0.00949520
0.00900010
0.00918820
0.00842310
0.01198860
0.00899970
0.00766770
0.00873280
0.00719270
0.00805360
0.00844660
0.00827070
0.00805170
0.00814230
0.00831350
0.00900960
0.00816850
0.00804480
0.00740880
0.00848210
0.00995740
0.00894870
0.00807260
0.00766590
0.00737080
0.00711590
0.00747810
0.00707160
0.00848020
0.00695630
0.00961470
0.00774270
0.00756340
0.00717600
0.00734950
0.00785510
0.01111370
0.00936420
0.01033770
0.00886760
0.01039730
0.00800500
0.00841940
0.00761080
0.00783590
0.00855040
0.00877040
0.00765690
0.00910900
0.00769310
0.00962200
0.00791960
0.00842650
0.00730550
0.00873400
0.00744070
0.00742660
0.00776780
0.00785810
0.00765960
0.00803290
0.00777870
0.00827750
0.00732330
0.00739530
0.00789250
0.00770420
0.00723090
0.00709870
0.00722340
0.00711240
0.00743890
0.00787210
0.00782830
0.00754550
0.00910900
0.00739280
0.00813380
0.00816090
0.00671610
0.00744150
0.00768280
0.00737110
0.00844040
0.00759760
0.00688210
0.00710690
0.00786900
0.00799460
0.00794090
0.00752350
0.00752710
0.00739030
0.00763060
0.01074740
0.00878100
0.00923420
0.00771200
0.00733900
0.00704790
0.00748090
0.00765900
0.00749850
0.00711320
0.00715760
0.00671580
0.00706130
0.00743320
0.00684760
0.00712350
0.00719490
0.00723920
0.00743560
0.00785810
0.00816630
0.00757590
0.00777990
0.00660680
0.00703540
0.00721160
0.01163730
0.01558740
0.00968740
0.01036270
0.00859490
0.00696410
0.00661040
0.00699090
0.00635280
0.00686420
0.00733110
0.00701760
0.00782120
0.00748630
0.00759410
0.01050200
0.01180260
0.01149920
0.00768520
0.00755070
0.00702130
0.00706510
0.00720100
0.00743240
0.00732310
0.00738900
0.00749840
0.00679690
0.00745660
0.00805920
0.00757290
0.00709860
0.00791820
0.00795020
0.00794670
0.00826370
0.00780460
0.00803230
0.00774320
0.00718690
0.00765490
0.00780220
0.00810270
0.00810970
0.00800500
0.00755070
0.00735670
0.00760870
0.00777260
0.00770010
0.00791090
0.00786210
0.00800930
0.00779710
0.00846530
0.00820430
0.00866480
0.00768990
0.00833570
0.00802150
0.00848880
0.00808400
0.00958920
0.00947580
0.00954700
0.00966430
0.00957470
0.00865480
