0.25545830
0.00745010
0.00740350
0.00709540
0.00745090
0.00751710
0.00741270
0.00732780
0.00743050
0.00788990
0.00776650
0.00775040
0.00824790
0.00765460
0.00805520
0.00753900
0.00813870
0.00831350
0.00820520
0.00803490
0.00817020
0.00834430
0.00813500
0.00809800
0.00836610
0.00806970
0.00794460
0.00829660
0.00809850
0.00823130
0.00840830
0.00843900
0.00833980
0.00811280
0.00801010
0.00823860
0.00859300
0.00853100
0.00836080
0.00813060
0.00785370
0.00830210
0.00832420
0.00833180
0.00839160
0.00817340
0.00816270
0.00827340
0.00813640
0.00812350
0.00783760
0.00784090
0.00746660
0.00821640
0.00799750
0.00754210
0.00771970
0.00815840
0.00749370
0.00836580
0.00810990
0.00833030
0.00919740
0.00846920
0.00828070
0.00823350
0.00832500
0.00854250
0.00816810
0.00845440
0.00838110
0.00841070
0.00811540
0.00822920
0.00759500
0.00802350
0.00796810
0.00842400
0.00830790
0.00800260
0.00830280
0.00834920
0.00788410
0.00835620
0.00801320
0.00795430
0.00822350
0.00853650
0.00785460
0.00819400
0.00796740
0.00887410
0.00844360
0.00854440
0.00818670
0.00825570
0.00839430
0.00835260
0.00831910
0.00830510
0.00854170
0.00801990
0.00815900
0.00856060
0.00846010
0.00855420
0.00851260
0.00812740
0.00839200
0.00878670
0.00867760
0.00852210
0.00771000
0.00851340
0.00804690
0.00832890
0.00812540
0.00822360
0.00812730
0.00874350
0.00835990
0.00848880
0.00847500
0.00841870
0.00817700
0.00811890
0.00842080
0.00882110
0.00873440
0.00859330
0.00845350
0.00858160
0.00867880
0.00828120
0.00849510
0.00831840
0.00863120
0.00847120
0.00851230
0.00856980
0.00872980
0.00851640
0.00835270
0.00820780
0.00850890
0.00869420
0.00869410
0.00828870
0.00837370
0.00839620
0.00846530
0.00835100
0.00839560
0.00880470
0.00861070
0.00859540
0.00826910
0.00853800
0.00889500
0.00873130
0.00829610
0.00848980
0.00867990
0.00841890
0.00857330
0.00849270
0.00829580
0.00805710
0.00868740
0.00863670
0.00869880
0.00862060
0.00847400
0.00836570
0.00876620
0.00848890
0.00852570
0.00917260
0.00880000
0.00866310
0.00843800
0.00859710
0.00860170
0.00880500
0.00871370
0.00897590
0.00895170
0.00859170
0.00885920
0.00878430
0.00853600
