0.22231400
0.00472280
0.00440860
0.00469340
0.00438890
0.00484090
0.00553360
0.00550630
0.00538610
0.00543180
0.00566170
0.00534960
0.00549490
0.00569540
0.00526370
0.00515340
0.00538240
0.00546900
0.00532920
0.00565570
0.00523350
0.00528750
0.00616280
0.00583570
0.00687810
0.00594320
0.00646670
0.00573370
0.00592620
0.00669740
0.00675730
0.00580910
0.00682510
0.00667600
0.00746650
0.00634670
0.00633080
0.00635750
0.00631740
0.00745390
0.00747630
0.00748180
0.00735930
0.00644860
0.00648230
0.00746080
0.00768770
0.00704040
0.00646050
0.00595370
0.00653920
0.00587500
0.00626890
0.00660970
0.00681360
0.00651200
0.00659510
0.00653160
0.00592710
0.00593280
0.00651410
0.00669610
0.00673050
0.00646250
0.00672220
0.00667510
0.00628900
0.00572220
0.00566090
0.00584080
0.00630930
0.00635740
0.00638460
0.00571280
0.00577790
0.00556310
