0.21842110
0.00535460
0.00551220
0.00533970
0.00550250
0.00566290
0.00541030
0.00555680
0.00560190
0.00571650
0.00521520
0.00535250
0.00510690
0.00541850
0.00718500
0.00657750
0.00648810
0.00698210
0.00678700
0.00683400
0.00743440
0.00720560
0.00726080
0.00839330
0.00767420
0.00804700
0.00786960
0.00756800
0.00785940
0.00787190
0.00783590
0.00785980
0.00749540
0.00776970
0.00769840
0.00724780
0.00766100
0.00779130
0.00777640
0.00812170
0.00790770
0.00800300
0.00829380
0.00770570
0.00751780
0.00800000
0.00797000
0.00794940
0.00787220
0.00800410
0.00766630
0.00815990
0.00842760
0.00803820
0.00797610
0.00824570
0.00845700
0.00844980
0.00877770
0.00800780
0.00833480
0.00860210
0.00855890
0.00816320
0.00881250
0.00881680
0.00870550
0.00868150
0.00883790
0.00854820
0.00888460
0.00899420
0.00846350
0.00865710
0.00852960
0.00857590
0.00862330
0.00856270
0.00805810
0.00875860
0.00855790
0.00831640
0.00792860
0.00787510
0.00735710
0.00754240
0.00756380
0.00744510
0.00760290
0.00872690
0.00854980
0.00839060
0.00855440
0.00844830
0.00797690
0.00864900
0.00879640
0.00866090
0.00846960
0.00834500
0.00817210
0.00980580
0.00930990
0.00911540
0.00889850
0.00946490
0.00878590
0.00931880
0.00918370
0.00857020
0.00884200
0.00911400
0.00935270
0.00874530
0.00877920
0.00859730
0.00879100
0.00831200
0.00876760
0.00887620
0.00820370
0.00886730
0.00865200
0.00887260
0.00917460
0.00901090
0.00923290
0.00870910
0.00845840
0.00914000
0.00918940
0.00894060
0.00865190
0.00863940
0.00879470
0.00914330
0.00835370
0.00812370
0.00809640
0.00802210
0.00803960
0.00775280
0.00815670
0.00806810
0.00836660
0.00761120
0.00805690
0.00770670
0.00847810
0.00828810
0.00771550
0.00805500
0.00807580
0.00780500
0.00832220
0.00812060
0.00817750
0.00809430
0.00803800
0.00825700
0.00823310
0.00821190
0.00817770
0.00853350
0.00899200
0.00806150
0.00849850
0.00824730
0.00823030
0.00813720
0.00805950
0.00833630
0.00833760
0.00838500
0.00839640
0.00797850
0.00835410
0.00834100
0.00884200
0.00856490
0.00833470
0.00824440
0.00792560
0.00828100
0.00824170
0.00827930
0.00823730
0.00832690
0.00794290
0.00796340
0.00779800
0.00827690
0.00826190
0.00794740
0.00814110
0.00810180
0.00839610
0.00861950
0.00861300
0.00800980
0.00792360
