0.25636450
0.00739020
0.00692690
0.00688670
0.00706970
0.00706450
0.00667450
0.00698790
0.00719690
0.00658870
0.00701120
0.00729990
0.00678630
0.00663150
0.00607610
0.00726350
0.00629680
0.00666990
0.00644110
0.00661770
0.00704090
0.00680800
0.00626930
0.00707430
0.00652420
0.00622190
0.25690320
0.00638300
0.00640310
0.00645750
0.00656120
0.00642620
0.00674600
0.00627210
0.27736840
0.00600740
0.00727140
0.00650990
0.00672430
0.00629250
0.00656200
0.00648710
0.00645360
0.00663770
0.00658560
0.00654750
0.00819120
0.00656740
0.00660960
0.00627890
0.00680470
0.00680570
0.00671100
0.00682900
0.00616250
0.00691600
0.00666990
0.00688290
0.00652770
0.00678940
0.00626460
0.26330040
0.00611100
0.00664440
0.00637860
0.00785630
0.00676330
0.00652860
0.00663400
0.00618250
0.00897940
0.00735330
0.00689190
0.00610360
0.00684480
0.00678740
0.00676230
0.00766010
0.00686990
0.00734860
0.00659910
0.00747340
0.00974620
0.00710180
0.00667940
0.00717950
0.00663890
0.29517770
0.00611640
0.00702650
0.00658190
0.00632800
0.00657210
0.00652840
0.00697420
0.00685290
0.00670440
0.00622020
0.00624590
0.00624460
0.00666670
0.00682000
0.00867990
0.00673320
0.00668480
0.00658740
0.00743710
0.00770000
0.00966210
0.00707610
0.00673680
0.00780960
0.00790070
0.00765250
0.00832380
0.00794890
0.00756100
0.00950360
0.00747200
0.00675870
0.00668570
0.00931650
0.00771900
0.00726460
0.00652750
0.00689180
0.00765390
0.00699620
0.00702810
0.01074240
0.00736280
0.00663610
0.00637080
0.00743780
0.00701320
0.00656880
0.00755600
0.00706710
0.03548110
0.01106330
0.00684870
0.00726980
0.00603770
0.00708960
0.00723180
0.00650130
0.00773440
0.00720230
0.00763670
0.00654350
0.00689960
0.00763280
0.00648320
0.00677930
0.00662210
0.00655400
0.00693080
0.00734120
0.00674500
0.00672780
0.00692300
0.00723850
0.00682140
0.00760350
0.00686570
0.00669540
0.00680350
0.00656340
0.00705850
0.00735200
0.00897000
0.00705460
0.00655850
0.00675520
0.00774420
0.00830590
0.00746970
0.00802980
0.00904960
0.00839130
0.00953600
0.00725710
0.00826320
0.00676740
0.00689350
0.00656560
0.00758790
0.00629330
0.00706090
0.00681990
0.00799070
0.00716530
0.00724070
0.00706770
0.00628220
0.00677000
0.00748320
0.00614020
0.00701870
0.00598350
0.00630060
0.00652020
0.00623120
0.00661290
0.00641580
0.00662150
0.00712920
0.00759140
0.00685420
0.23827390
0.00827850
0.01108300
0.00865180
0.00691260
0.00769100
0.00711690
0.00807380
0.00712030
0.00723070
0.00932430
0.00767000
0.00707630
0.00707440
0.00691430
0.00684520
0.00740980
0.00785300
0.00739940
0.00762090
0.00600030
0.00697740
0.00718370
0.00643970
0.00628380
0.00654390
0.00597930
0.00626330
0.00636840
0.00810740
0.00587580
0.00621740
0.00580870
0.00665280
0.00730610
0.00637210
0.00683100
0.00682910
0.00648340
0.00597180
0.00628320
0.00682200
0.00613580
0.00632740
0.00616410
0.00590720
0.00604980
0.00635610
0.00604620
0.00622090
0.00565980
0.00554420
0.00636650
0.00577450
0.00581180
0.00584730
0.00602890
0.00590520
0.00603590
0.00613160
0.00588360
0.00600180
0.00601370
0.00682120
0.00543140
0.00579130
0.00593590
0.00665030
0.00599110
0.00598120
0.00609420
0.00606420
0.00609860
0.00608120
0.00546540
0.00663470
0.00599390
0.00548270
0.00805770
0.28258780
0.00575340
0.00772850
0.00771020
0.00731210
0.00616040
0.00593850
0.00627650
0.00604300
0.00557190
0.00593390
0.00604000
0.00582940
0.00522190
0.00649570
0.00570080
0.00591560
0.00534720
0.00591910
0.00551080
0.00567080
0.00623370
