0.21875170
0.00669870
0.00612060
0.00632890
0.00645310
0.00638730
0.00642860
0.00650210
0.00636240
0.00653160
0.00642760
0.00650790
0.00648850
0.00652730
0.00646460
0.00645690
0.00635280
0.00661740
0.00669900
0.00640700
0.00635410
0.00646970
0.00654720
0.00677500
0.00635570
0.00645130
0.00653130
0.00635230
0.00636970
0.00660780
0.00638330
0.00637730
0.00649330
0.00647680
0.00689080
0.00631050
0.00670910
0.00686730
0.00665170
0.00509740
0.00482600
0.00474320
0.00473750
0.00470200
0.00468090
0.00471860
0.00473650
0.00487440
0.00495350
0.00521070
0.00562500
0.00535140
0.00545980
0.00495170
0.00485630
0.00497670
0.00534490
0.00522220
0.00516100
0.00511520
0.00507470
0.00514880
0.00491470
0.00520720
0.00497100
0.00495600
0.00504880
0.00525460
0.00524980
0.00467320
0.00444620
0.00446750
0.00441240
0.00443400
0.00423490
0.00417290
0.00418650
0.00415770
0.00408870
0.00422270
0.00420650
0.00417310
0.00410810
0.00412820
0.00467340
0.00459180
0.00463600
0.00458080
0.00451740
0.00464040
0.00450250
0.00453200
0.00466430
0.00458770
0.00449720
0.00437620
0.00447130
0.00470140
0.00447080
0.00448800
0.00461520
0.00464860
0.00450970
0.00410840
0.00398500
0.00408510
0.00393730
0.00401890
0.00415780
0.00424880
0.00429670
0.00392540
0.00408590
0.00463140
0.00463300
0.00464040
0.00464730
0.00459200
0.00464290
0.00476580
0.00437800
0.00450120
0.00432740
0.00463010
0.00418030
0.00420620
0.00435240
0.00532230
0.00418610
0.00410200
0.00403180
0.00400630
0.00397270
0.00421030
0.00391360
0.00400270
0.00435720
0.00411720
0.00394680
0.00386190
0.00444110
0.00388080
0.00380140
0.00386130
0.00388210
0.00381390
0.00396680
0.00393540
0.00390460
0.00384750
0.00386330
0.00387390
0.00391230
0.00386300
0.00424500
0.00430000
0.00451310
0.00420770
0.00416670
0.00433350
0.00395790
0.00418580
0.00403270
0.00404660
0.00414620
0.00395740
0.00404350
0.00393190
0.00386680
0.00399340
0.00397390
0.00400800
0.00425650
0.00415660
0.00420780
0.00447270
0.00450740
0.00517930
0.00398740
0.00444640
0.00418200
0.00404550
0.00405250
0.00411890
0.00417060
0.00417000
0.00427570
0.00377330
0.00376400
0.00390610
0.00435480
0.00433820
0.00410750
0.00391750
0.00393880
0.00403000
0.00386380
0.00410050
0.00416300
0.00392760
0.00387680
0.00384980
0.00397470
0.00402080
0.00385850
0.00379220
0.00389300
0.00380380
0.00391970
0.00409710
0.00420140
0.00385170
0.00401290
0.00386790
0.00391240
0.00391600
0.00407680
0.00458850
0.00426780
0.00388910
0.00388150
0.00385600
0.00382130
0.00386340
0.00379350
0.00380340
0.00404850
0.00402770
0.00391020
0.00436750
0.00429300
0.00405630
0.00406890
0.00407640
0.00415310
0.00436690
0.00423820
0.00413260
0.00404970
0.00417780
0.00404560
0.00392520
0.00370710
0.00369250
0.00374230
0.00371030
0.00391970
0.00440890
0.00423860
0.00407650
0.00405860
0.00400900
0.00410870
0.00414420
0.00418450
0.00416380
0.00402350
0.00390970
0.00408860
0.00436110
0.00416230
0.00372770
0.00370970
0.00371890
0.00378720
0.00435810
0.00431850
0.00444910
0.00400960
0.00422980
0.00419230
0.00409600
0.00384590
0.00374600
0.00396080
0.00414800
0.00417020
0.00433290
0.00405540
0.00403120
0.00378370
0.00375940
0.00379720
0.00410660
0.00395670
0.00403460
0.00392820
0.00415530
0.00402340
0.00432770
0.00385740
0.00381560
0.00371330
0.00369170
0.00367320
0.00390390
0.00409290
0.00402820
0.00401680
0.00421030
0.00424670
0.00426220
0.00465900
0.00421940
0.00405490
0.00383980
0.00401240
0.00395450
0.00393750
0.00387160
0.00385670
0.00392060
