0.22117180
0.00579010
0.00618480
0.00517800
0.00524480
0.00503810
0.00537990
0.00536860
0.00503770
0.00571830
0.00549450
0.00550510
0.00602580
0.00597920
0.00553940
0.00590100
0.00584900
0.00550550
0.00545440
0.00554070
0.00538320
0.00621050
0.00555770
0.00564510
0.00591120
0.00593060
0.00613970
0.00579400
0.00593150
0.00658810
0.00638260
0.00561390
0.00575640
0.00621630
0.00619240
0.00564080
0.00553170
0.00599830
0.00583990
0.00543840
0.00582850
0.00543180
0.00573280
0.00534360
0.00599860
0.00569770
0.00552380
0.00571490
0.00608820
0.00566110
0.00554620
0.00513950
0.00499980
0.00409100
0.00462430
0.00442140
0.00432720
0.00421730
0.00435790
0.00421990
0.00436590
0.00426150
0.00425060
