0.23252970
0.00884020
0.00903940
0.00902070
0.00878020
0.00896170
0.00834660
0.00903130
0.00912520
0.00904170
0.00906580
0.00884110
0.00816870
0.00857230
0.00831450
0.00896620
0.00860790
0.00821790
0.00814200
0.00805910
0.00811810
0.00805550
0.00818140
0.00846730
0.00803300
0.00701290
0.00727880
0.00785060
0.00718250
0.00661000
0.00715840
0.00701010
0.00774610
0.00751770
0.00720460
0.00709750
0.00708220
0.00725290
0.00738770
0.00671320
0.00682510
0.00725960
0.00689060
0.00757990
0.00719420
0.00742860
0.00718260
0.00730300
0.00758220
0.00733340
0.00764270
0.00715940
0.00734200
0.00774300
0.00745830
0.24916350
0.00841300
0.00869340
0.00877700
0.00923020
0.00896340
