0.22672200
0.00566470
0.00560890
0.00599630
0.00580060
0.00522320
0.00553400
0.00537970
0.00616460
0.00527890
0.00523420
0.00535790
0.00538030
0.00537840
0.00619910
0.00543970
0.00550730
0.00580880
0.00593210
0.00587440
0.00588030
0.00653970
0.00650360
0.00661870
0.00629700
0.00611230
0.00653950
0.00680220
0.00579180
0.00672320
0.00635630
0.00627290
0.00572930
0.00569840
0.00560920
0.00573170
0.00599000
0.00636000
0.00562090
0.00565110
0.00658970
0.00724640
0.00720070
0.00659910
0.00643240
0.00694750
0.00682470
0.00656010
0.00628270
0.00665140
0.00695780
0.00611420
0.00681430
0.00666090
0.00667170
0.00704610
0.00638570
0.00592300
0.00705050
0.00633160
0.00624570
0.00632270
0.00676430
0.00649270
0.00618760
0.00629890
0.00682380
0.00636070
0.00618410
0.00615910
0.00657050
0.00697770
0.00672770
0.00606580
0.00604110
0.00583780
0.00651470
0.00635800
0.00592340
0.00590360
0.00639900
0.00604420
0.00605570
0.00608590
0.00604160
0.00640190
0.00596280
0.00597180
0.00593560
0.00580750
0.00591000
0.00672720
0.00619250
0.00624760
0.00638930
0.00666080
0.00636670
0.00648310
0.00627590
0.00600050
0.00635580
0.00623940
0.00630490
0.00619400
0.00615780
0.00588180
0.00622370
0.00619610
0.00625770
0.00589720
0.00700250
0.00607500
0.00642970
0.00669040
0.00587400
0.00635340
0.00636610
0.00649670
0.00600750
0.00646410
0.00681010
0.00662450
0.00688970
0.00700570
0.00597390
0.00594960
0.00616310
0.00640620
0.00637780
0.00600450
0.00652800
0.00648270
0.00648490
0.00633630
0.00648350
0.00633030
0.00638290
0.00630580
0.00649820
0.00646170
0.00633560
0.00657670
0.00665810
0.00606010
0.00590520
0.00656270
0.00632350
0.00607910
0.00601690
0.00617880
0.00621930
0.00649310
0.00615090
0.00641490
0.00602160
0.00595550
0.00595040
0.00602740
0.00674600
0.00641920
0.00672570
0.00675110
0.00642440
0.00675580
0.00669530
0.00651090
0.00663890
0.00685460
0.00691020
0.00653480
0.00661290
0.00631900
0.00600540
0.00592250
0.00599290
0.00606580
0.00661010
0.00655720
0.00623200
0.00670490
0.00602320
0.00663870
0.00661030
0.00622520
0.00661940
0.00606300
0.00641250
0.00644430
0.00613490
0.00639630
0.00657490
0.00647730
0.00628770
0.00658500
0.00612610
0.00624880
0.00644450
0.00610770
0.00615680
0.00617840
0.00663940
0.00647820
0.00689120
0.00636130
0.00765160
0.00678400
0.00666870
0.00634130
0.00646420
0.00637300
0.00682460
0.00697670
0.00751510
0.00779020
0.00836440
0.00725560
0.00698060
0.00710560
0.00725430
0.00733030
0.00801210
0.00815010
0.00756020
0.00808580
0.00783060
0.00746620
0.00740180
0.00753430
0.00777790
0.00744910
0.00763680
0.00762710
0.00798010
0.00813770
0.00799110
0.00801730
0.00800540
0.00792140
0.00713240
0.00795790
0.00829480
0.00764600
0.00733330
0.00749700
0.00798500
0.00000000
0.00000000
0.00000000
0.00000000
0.21404440
0.00720290
0.00679130
0.00709720
0.00719160
0.00739110
0.00692250
0.00692080
0.00666710
0.00683350
0.00670940
0.00703260
0.00692810
0.00657970
0.00641330
0.00638960
0.00629980
0.00628870
0.00627590
0.00683120
0.00671480
0.00666950
0.00663030
0.00721220
0.00655990
0.00723420
0.00637160
0.00628250
0.00631380
0.00632150
0.00677490
0.00658950
0.00662740
0.00617110
0.00620700
0.00651960
0.00609760
0.00635980
0.00649860
0.00652160
0.00675950
0.00630950
0.00651290
0.00654250
0.00653970
0.00633770
0.00639230
0.00571850
0.00573630
0.00579670
0.00601450
0.00634980
0.00653810
0.00626770
0.00618050
0.00605670
0.00605200
0.00585420
0.00622020
0.00639980
0.00645030
0.00623870
0.00623600
0.00608620
0.00623510
0.00621960
0.00590820
0.00577620
0.00605190
0.00612370
0.00635480
0.00672780
0.00664050
0.00635760
0.00610700
0.00580840
0.00577660
0.00577570
0.00588620
0.00616290
0.00607510
0.00601720
0.00596280
0.00577270
0.00573800
0.00588110
0.00595150
0.00612030
0.00639940
0.00673660
0.00639940
0.00635600
0.00639530
0.00642240
0.00621250
0.00597990
0.00621540
0.00612910
0.00665510
0.00639170
0.00638300
0.00603110
0.00626080
0.00650630
0.00635260
0.00639910
0.00617320
0.00685960
0.00654240
0.00724350
0.00644420
0.00697170
0.00700850
0.00710920
0.00642280
0.00744110
0.00642370
0.00648980
0.00649530
0.00635030
0.00643200
0.00637670
0.00635240
0.00621960
0.00628630
0.00648510
0.00636710
0.00629460
0.00626580
0.00627640
0.00617300
0.00592420
0.00592760
0.00613290
0.00615580
0.00619690
0.00621680
0.00628010
0.00644280
0.00624900
0.00586550
0.00605790
0.00605870
0.00623370
0.00649490
0.00627400
0.00628760
0.00622840
0.00630010
0.00644900
0.00642750
0.00607320
0.00588410
0.00635110
0.00616470
0.00603380
0.00600270
0.00643440
0.00653430
0.00697540
0.00608050
0.00590870
0.00624550
0.00623680
0.00610980
0.00641560
0.00628720
0.00597490
0.00611520
0.00597400
0.00579830
0.00590510
0.00611200
0.00624430
0.00600260
0.00598910
0.00663280
0.00635380
0.00625980
0.00620670
0.00646010
0.00650660
0.00640620
0.00670490
0.00625440
0.00645930
0.00620980
0.00615560
0.00602070
0.00620240
0.00605020
0.00648440
0.00650470
0.00623520
0.00612610
0.00655360
0.00626980
0.00617030
0.00635040
0.00621270
0.00630990
0.00638830
0.00635870
0.00686010
0.00636010
0.00608450
0.00591400
0.00609050
0.00631280
0.00638120
0.00650370
0.00629940
0.00594420
0.00000000
0.00000000
0.00000000
0.00000000
0.22952710
0.00749490
0.00724230
0.00784130
0.00803690
0.00821540
0.00736780
0.00867730
0.00771740
0.00760620
0.00760230
0.00729030
0.00768990
0.00872720
0.00765240
0.00746150
0.00750480
0.00743510
0.00806510
0.00751000
0.00785350
0.00759760
0.00736010
0.00729100
0.00748120
0.00818530
0.00775500
0.00851670
0.00809240
0.00821940
0.00824540
0.00795390
0.00808520
0.00808630
0.00809160
0.00805480
0.00806020
0.00805330
0.00793380
0.00745240
0.00819840
0.00799630
0.00795200
0.00818310
0.00794320
0.00786410
0.00774370
0.00723540
0.00775450
0.00745060
0.00783200
0.00791500
0.00777980
0.00851260
0.00819130
0.00775990
0.00733880
0.00785170
0.00732760
0.00732330
0.00743150
0.00729740
0.00807460
0.00843280
0.00758210
0.00844030
0.00828850
0.00842960
0.00802360
0.00834770
0.00860370
0.00768030
0.00864980
0.00840860
0.00801120
0.00886960
0.00881370
0.00900510
0.00831840
0.00788030
0.00804130
0.00757670
0.00810000
0.00804650
0.00848210
0.00806180
0.00790270
0.00869640
0.00804290
0.00850800
0.00849150
0.00805700
0.00864590
0.00843740
0.00807490
0.00828160
0.00845270
0.00823810
0.00756960
0.00731810
0.00774390
0.00754950
0.00779860
0.00763730
0.00798340
0.00763000
0.00741820
0.00765490
0.00788960
0.00771690
0.00778970
0.00740680
0.00789140
0.00711250
0.00705770
0.00757550
0.00737930
0.00727810
0.00767320
0.00759500
0.00726350
0.00774160
0.00787580
0.00716430
0.00712500
0.00707010
0.00709200
0.00734830
0.00752160
0.00760260
0.00808480
0.00796680
0.00809390
0.00805810
0.00740360
0.00743750
0.00818240
0.00797820
0.00784000
0.00752090
0.00804990
0.00801580
0.00815440
0.00800720
0.00764310
0.00820970
0.00806100
0.00820060
0.00763390
0.00738950
0.00744680
0.00761410
0.00770020
0.00815510
0.00809720
0.00785890
0.00762630
0.00823480
0.00813140
0.00823180
0.00833580
0.00801830
0.00820320
0.00794160
0.00763770
0.00832070
0.00827600
0.00816370
0.00786150
0.00826710
0.00811130
0.00764030
0.00824320
0.00771320
0.00769680
0.00820590
0.00826090
0.00816780
0.00832840
0.00775590
0.00851710
0.00831260
0.00823720
0.00763430
0.00799840
0.00789710
0.00838070
0.00771020
0.00745260
0.00748790
0.00779170
0.00818340
0.00783770
0.00824150
0.00853950
0.00847510
0.00852980
0.00811370
0.00847240
0.00815050
0.00832960
0.00811770
0.00799980
0.00887340
0.00781460
0.00826880
0.00907070
0.00780230
0.00773150
0.00797390
0.00885260
0.00877580
0.00944560
0.00837450
0.00828860
0.00779580
0.00836840
0.00841190
0.00837950
0.00850910
0.00838800
0.00814510
0.00847370
0.00852740
0.00841850
0.00823920
0.00843820
0.00789700
0.00852720
0.00794090
0.00790750
0.00799150
0.00832820
0.00814540
0.00858550
0.00823610
0.00758420
0.00844180
0.00773500
0.00742300
0.00760860
0.00784440
0.00819460
0.00788530
0.00797030
0.00852920
0.00821010
0.00795870
0.00765160
0.00757530
0.00807850
0.00782320
0.00832480
0.00780090
0.00791780
0.00824220
0.00829250
0.00815300
0.00792640
0.00838120
0.00835380
0.00815980
0.00833590
0.00829260
0.00808960
0.00802400
0.00771630
0.00819710
0.00859490
0.00824290
0.00818420
0.00772360
0.00766380
0.00812080
0.00776950
0.00841900
0.00817600
0.00797340
0.00862590
0.00819850
0.00809320
0.00867020
0.00831980
0.00810510
0.00852380
0.00806490
0.00881200
0.00784700
0.00781380
0.00815080
0.00889920
0.00804410
0.00845510
0.00830500
0.00856510
0.00869430
0.00870510
0.00874290
0.00812930
0.00888090
0.00895650
0.00862790
0.00833930
0.00805680
0.00828480
0.00913090
0.00831690
0.00894590
0.00846800
0.00823640
0.00866270
0.00831680
0.00844500
0.00882790
0.00889130
0.00914420
0.00835650
0.00807320
0.00827960
0.00849620
0.00877860
0.00857070
0.00895270
0.00901330
0.00891620
0.00942040
0.00837650
0.00819310
0.00886730
0.00866390
0.00889860
0.00884200
0.00853500
0.00898590
0.00849280
0.00831840
0.00852720
0.00859510
0.00877280
0.00951830
0.00897670
0.00956670
0.00931810
0.00946940
0.00946540
0.00897530
0.00855250
0.00882240
0.00890890
0.00958270
0.00920900
0.00859260
0.00939130
0.00854560
0.00892250
0.00881190
0.00900870
0.00905720
0.00918400
0.00908160
0.00901870
0.00916890
0.00925850
0.00953350
0.00881830
0.00841590
0.00821430
0.00849990
0.00824820
0.00874160
0.00931400
0.00909970
0.00876920
0.00844870
0.00854870
0.00841280
0.00851480
0.00860510
0.00855620
0.00895190
0.00921270
0.00876410
0.00887110
0.00920360
0.00844860
0.00875490
0.00920060
0.00884620
0.00992430
0.00864810
0.00919580
0.00927130
0.00848710
0.00953370
0.00864960
0.00845060
0.00898430
0.00837800
0.00893120
0.00856230
0.00880000
0.00879640
0.00920040
0.00913160
0.00899550
0.00906110
0.00833550
0.00822600
0.00827340
0.00921480
0.00924550
0.00872450
0.00859960
0.00912350
0.00890350
0.00884980
0.00869990
0.00838480
0.00866130
0.00918850
0.00921010
0.00866140
0.00858800
0.00833380
0.00904150
0.00917780
0.00921520
0.00904380
0.00923730
0.00924390
0.00929800
0.00909270
0.00846300
0.00829290
0.00931800
0.00922960
0.00939720
0.00911290
0.00916700
0.00915150
0.00889980
0.00866760
0.00896870
0.00915140
0.00910320
0.00910780
0.00877300
0.00915550
0.00905070
0.00912340
0.00958900
0.00955070
0.00969850
0.00906490
0.00890250
0.00880760
0.00844650
0.00974970
0.00905970
0.00872060
0.00919020
0.00926140
0.00959220
0.00987220
0.00945620
0.00934180
0.00938130
0.00863910
0.00879220
0.00848200
0.00821400
0.00933440
0.00896870
0.00902860
0.00894750
0.00866620
0.00845480
0.00841630
0.00837770
0.00891770
0.00900340
0.00866400
0.00913440
0.00850290
0.00845890
0.00852790
0.00870130
0.00907690
0.00940980
0.00902490
0.00829860
0.00833320
0.00815230
0.00804630
0.00862820
0.00851490
0.00921010
0.00910030
0.02364610
0.00949940
0.00880990
0.00879760
0.00963900
0.00929230
0.00969030
0.00893180
0.00903270
0.01013860
0.00911360
0.00949450
0.01033070
0.00984240
0.00949390
0.01009160
0.01015950
0.00937650
0.01036160
0.01061110
0.01081130
0.01083410
0.01089170
0.00952680
0.00930470
0.00943920
0.01006960
0.01131900
0.01037740
0.00964370
0.00983310
0.01004900
0.01029820
0.00974850
0.00994540
