0.21747870
0.00928320
0.00926910
0.00928270
0.00913600
0.00922350
0.00907590
0.00903160
0.00906470
0.00883240
0.00894460
0.00878160
0.00894030
0.00896310
0.00898900
0.00736380
0.00690210
0.00700260
0.00700880
0.00666310
0.00650280
0.00725120
0.00711490
0.00692060
0.00697260
0.00707530
0.00738680
0.00717920
0.00719680
0.00751140
0.00741980
0.00709910
0.00694330
0.00729010
0.00712230
0.00723770
0.00730310
0.00721950
0.00622680
0.00575550
0.00590770
0.00577990
0.00591070
0.00547660
0.00589700
0.00560920
0.00601510
0.00589890
0.00560830
0.00559930
0.00522940
0.00532230
0.00556870
0.00583500
0.00588320
0.00555890
0.00570380
0.00562460
0.00556080
0.00600020
0.00576630
0.00576010
0.00573080
0.00559080
0.00571840
0.00504340
0.00516400
0.00535590
0.00518540
0.00495290
0.00525680
0.00513630
0.00529580
0.00500510
0.00545140
0.00493830
0.00528760
0.00534640
0.00574250
0.00532820
0.00533000
0.00541870
0.00536590
0.00528220
0.00498710
0.00522640
0.00528300
0.00525390
0.00488600
0.00511650
0.00540980
0.00516150
0.00546130
0.00559850
0.00523380
0.00548110
0.00526320
0.00510310
0.00492700
0.00478250
0.00498510
0.00522770
0.00484810
0.00502440
0.00522020
0.00505250
0.00503740
0.00494890
0.00528110
0.00492920
0.00525600
0.00507010
0.00498780
0.00494290
0.00503730
0.00485780
0.00492760
0.00519590
0.00461840
0.00495710
0.00519260
0.00510290
0.00494570
0.00495770
0.00467120
0.00493520
0.00553610
0.00509040
0.00495710
0.00456180
0.00481920
0.00495330
0.00508570
0.00495720
0.00514550
0.00492720
0.00501450
0.00513590
0.00522940
0.00473150
0.00481540
0.00498060
0.00494790
0.00503370
0.00489970
0.00488790
0.00510060
0.00500450
0.00509120
0.00524170
0.00513280
0.00494500
0.00507770
0.00496370
0.00499910
0.00473930
0.00477910
0.00487770
0.00483540
0.00518710
0.00511170
0.00498990
0.00484190
0.00490480
0.00499970
0.00533080
0.00504030
0.00518560
0.00511100
0.00491120
0.00454080
0.00483410
0.00478800
0.00531260
0.00473470
0.00466870
0.00477270
0.00470750
0.00489660
0.00500090
0.00465270
0.00493610
0.00516990
0.00476680
0.00496650
0.00512330
0.00460880
0.00465940
0.00480500
0.00468310
0.00495130
0.00453460
0.00488470
0.00465080
0.00465630
0.00522300
0.00526480
0.00489700
0.00514800
0.00533880
0.00517410
0.00552830
0.00522990
0.00466670
0.00453610
0.00468170
0.00498370
0.00509120
0.00506880
0.00504670
0.00531130
0.00485620
0.00501470
0.00522460
0.00513570
0.00501810
0.00503280
0.00483000
0.00479330
0.00447100
0.00459010
0.00527340
0.00492860
0.00493500
0.00478320
0.00503850
0.00471040
0.00492280
0.00509200
0.00498630
0.00453940
0.00512780
0.00513230
0.00485010
0.00533110
0.00496820
0.00507830
0.00514020
0.00489540
0.00473960
0.00510320
0.00522290
0.00462320
0.00526660
0.00523670
0.00491970
0.00524170
0.00518090
0.00517190
0.00499530
0.00519570
0.00509320
0.00530800
0.00505630
0.00501600
0.00518450
0.00505160
0.00490250
0.00485470
0.00467210
0.00503280
0.00503700
0.00513840
0.00467010
0.00452120
0.00478150
0.00443710
0.00471440
0.00464840
0.00445650
0.00492280
0.00505050
0.00512260
0.00491380
0.00465140
0.00516530
0.00513290
0.00459370
0.00488590
0.00492800
0.00490130
0.00500810
0.00494620
0.00475990
0.00459930
0.00461320
0.00488660
0.00484520
0.00483660
0.00450650
0.00491420
0.00464090
0.00477570
0.00493900
0.00471870
0.00461080
0.00466530
0.00489150
0.00476660
0.00467630
0.00458580
0.00505780
0.00480960
0.00466840
0.00493020
0.00487080
0.00509590
0.00486160
0.00484940
0.00452310
0.00447270
0.00425390
