0.22611670
0.01130100
0.00964640
0.01128600
0.00976220
0.00980630
0.00996160
0.01034570
0.00949110
0.01007950
0.00945040
0.00891270
0.00876090
0.00927830
0.00835690
0.00874590
0.00804120
0.00842840
0.00908030
0.00876510
0.00818350
0.00992290
0.00838240
0.01009320
0.00836670
0.00953820
0.00876570
0.00993810
0.00820060
0.00988220
0.00819810
0.00996470
0.00812040
0.00961280
0.00850950
0.00793850
0.00876370
0.00827860
0.00844230
0.00835490
0.00867500
0.00818760
0.00861360
0.00830220
0.00827930
0.00837550
0.00949730
0.00801260
0.00945470
0.00801200
0.00915930
0.00843520
0.00895290
0.00745620
0.00738340
0.00800070
0.00747260
0.00756870
0.00708400
0.00745080
0.00716580
0.00905450
0.00742570
0.00918310
0.00772010
0.00725950
0.00752880
0.00713760
0.00738010
0.00716410
0.00853050
0.00711080
0.00870460
0.00729770
0.00878120
0.00750630
0.00716050
0.00802110
0.00766720
0.00787030
0.00734440
0.00876960
0.00712270
0.00839650
0.00733890
0.00758030
0.00742360
0.00750570
0.00770780
0.00663720
0.00774230
0.00748860
0.00877570
0.00764790
0.00764040
0.00770860
0.00704940
0.00736050
0.00682440
0.00869440
0.00695870
0.00883200
0.00738260
0.00686570
0.00746020
0.00720530
0.00773990
0.00670620
0.00849510
0.00747390
0.00708650
0.00726600
0.00734860
0.00809240
0.00744000
0.00885860
0.00735130
0.00911450
0.00765680
0.00754000
0.00768780
0.00777270
0.00766480
0.00767050
0.00801830
0.00712600
0.00889180
0.00769290
0.00908160
0.00784850
0.00931450
0.00770040
0.00852500
0.00781610
0.00739720
0.00759510
0.00755810
0.00850610
0.00756700
0.00905140
0.00712050
0.00841190
0.00786640
0.00743860
0.00761030
0.00703290
0.00782210
0.00712920
0.00872870
0.00708600
0.00689070
0.00734950
0.00729460
0.00741280
0.00694100
0.00757260
0.00674610
0.00662420
0.00753330
0.00682930
0.00827940
0.00727410
0.00887120
0.00790560
0.00929940
0.00806050
0.00737120
0.00790030
0.00745250
0.00828620
0.00720760
0.00877760
0.00818470
0.00922490
0.00774280
0.00911870
0.00800820
0.00912670
0.00800920
0.00817020
0.00764930
0.00704890
0.00815610
0.00746020
0.00798660
0.00765150
0.00932630
0.00770250
0.00889750
0.00727460
0.00774120
0.00814420
0.00766680
0.00798950
0.00745330
0.00904110
0.00761630
0.00909130
0.00777100
0.00748000
0.00783490
0.00749100
0.00786570
0.00738360
0.00797100
0.00765970
0.00933950
0.00828670
0.00939270
0.00808800
0.00808310
0.00843240
0.00784390
0.00817940
0.00787540
0.00833210
0.00794340
0.00794510
0.00807910
0.00915810
0.00816880
0.00939290
0.00769340
0.00840940
0.00814210
0.00751810
0.00828600
0.00756860
0.00826630
0.00739530
0.00767550
0.00807650
0.00919610
0.00800060
0.00925140
0.00815020
0.00755580
0.00786040
0.00754770
0.00826250
0.00754700
0.00847740
0.00739330
0.00909650
0.00764700
0.00946990
0.00835160
0.00926310
0.00746560
0.00956790
0.00802500
0.00835230
0.00766170
0.00798860
0.00795040
0.00747890
0.00834130
0.00815390
0.00829640
0.00785010
0.00932830
0.00820290
0.00927590
0.00818760
0.00943950
0.00828750
0.00910680
0.00825590
0.00846860
0.00812150
0.00762540
0.00843680
0.00776640
0.00789050
0.00715410
0.00836590
0.00775580
0.00914870
0.00732770
0.01012560
0.00793220
0.00927640
0.00810990
0.00941340
0.00827610
0.00917920
0.00803980
0.00787700
0.00828380
0.00804940
0.00787860
0.00767310
0.00825780
0.00765050
0.00878470
0.00827750
0.00923070
0.00742200
0.00782740
0.00841900
0.00756740
0.00789420
0.00752630
0.00796390
0.00757660
0.00928950
0.00746000
0.00919160
0.00731140
0.00698750
0.00821510
0.00729430
0.00793210
0.00750370
0.00890260
0.00733840
0.00890500
0.00778150
0.00707720
0.00809850
0.00782060
0.00836570
0.00755800
0.00789360
0.00756890
0.00885010
0.00764480
0.00919290
0.00798570
0.00914380
0.00778420
0.00741270
0.00746690
0.00725550
0.00788580
0.00787200
0.00854710
0.00757650
0.00889130
0.00785720
0.00899900
0.00729320
0.00755000
0.00777360
0.00736810
0.00833570
0.00773420
0.00776470
0.00750350
0.00960280
0.00799130
0.00920060
0.00819260
0.00769280
0.00756250
0.00806080
0.00808190
0.00788200
0.00998640
0.00824650
0.00956030
0.00861270
0.00958840
0.00823310
0.00945730
0.00877270
0.00749990
0.00855580
0.00842720
0.00903070
0.00837310
0.00908380
0.00849460
0.00886330
0.00780220
0.00984690
0.00862750
0.00836180
0.00829380
0.00996620
0.00839600
0.00979120
0.00848560
0.00975220
0.00877780
0.00987990
0.00881130
0.00994020
0.00859270
0.00985460
0.00871310
0.00987660
0.00866870
0.01002640
0.00845700
0.00912280
0.00880430
0.00984300
0.00856710
0.00994730
0.00851700
0.00903570
0.00821320
0.00814280
0.00890010
0.00819570
0.00894620
0.00835920
0.00860270
0.00836360
0.00839230
0.00901530
0.00972040
0.00779000
0.00965190
0.00826020
0.00974720
0.00851660
0.00850980
0.00803600
0.00810390
0.00816350
0.00801610
0.00860740
0.00856080
0.00842530
0.00835500
0.00932490
0.00843190
0.00933810
0.00873210
0.01034640
0.00856920
0.01001440
0.00862400
0.00979760
0.00859600
0.00836460
0.00913790
0.00868910
0.00807300
0.00809740
0.00892820
0.00817140
0.00907590
0.00790440
0.00880870
0.00835290
0.00860470
0.00855880
0.00992520
0.00804720
0.00982460
0.00811640
0.00916380
0.00875190
0.00955510
0.00847850
0.00987470
0.00829640
0.00899500
0.00842660
0.00780990
0.00861100
0.00856380
0.00846470
0.00837960
0.00862950
0.00815770
0.00880410
0.00852260
0.00874390
0.00748530
0.00831280
0.00768980
0.00931790
0.00874160
0.00979790
0.00859950
0.00963010
0.00833310
0.00970470
0.00864550
0.00984660
0.00823360
0.01022950
0.00864460
0.00935210
0.00876070
0.00978040
0.00861420
0.00906560
0.00847650
0.01011380
0.00812970
0.00992230
0.00872600
0.00983100
0.00856410
0.00919990
0.00831650
0.00974740
0.00876500
0.00975670
0.00853390
0.00981340
0.00801550
0.00991750
0.00812990
0.00976730
0.00873240
0.00948930
0.00791130
0.00858530
0.00831710
0.00806390
0.00790480
0.00855790
0.00856040
0.00867870
0.00900630
0.00815150
0.00859520
0.00830390
0.00973670
0.00835450
0.01026630
0.00790020
0.00868800
0.00820670
0.00856250
0.00873800
0.00850350
0.00866860
0.00838670
0.00845510
0.00863300
0.00834710
0.00799640
