0.21352760
0.00398400
0.00408090
0.00414570
0.00403020
0.00394290
0.00396320
0.00398760
0.00384570
0.00417210
0.00398200
0.00403450
0.00387320
0.00382710
0.00372620
0.00418210
0.00392980
0.00402640
0.00417930
0.00395110
0.00407910
0.00392220
0.00425410
0.00420450
0.00422020
0.00414610
0.00392280
0.00406810
0.00396100
0.00388400
0.00411750
0.00408370
0.00429070
0.00415580
0.00419780
0.00401010
0.00434680
0.00443730
0.00427680
0.00432860
0.00407730
0.00375360
0.00378270
0.00388660
0.00387230
0.00383320
0.00384000
0.00394890
0.00391300
0.00381030
0.00388780
0.00392410
0.00390200
0.00376310
0.00380890
0.00392370
0.00391170
0.00389900
0.00383420
0.00407690
0.00394910
0.00384890
0.00366830
0.00373250
0.00369430
0.00368240
0.00366790
0.00396550
0.00390850
0.00382500
0.00361390
0.00385450
0.00375200
0.00389760
0.00395310
0.00401510
0.00396620
0.00401570
0.00373770
0.00363600
0.00346640
0.00349920
0.00348500
0.00357000
0.00348690
0.00353400
0.00379600
0.00378610
0.00371750
0.00356000
0.00373640
0.00364590
0.00359690
0.00360310
0.00359340
0.00386490
0.00378530
0.00384960
0.00418920
0.00387350
0.00389570
0.00356000
0.00349660
0.00350430
0.00363820
0.00356380
0.00358190
0.00369780
0.00374770
0.00370180
0.00411730
0.00367470
0.00365450
0.00391900
0.00381050
0.00388630
0.00394180
0.00376160
0.00393420
0.00406330
0.00409840
0.00385010
0.00406940
0.00354190
0.00356650
0.00359750
0.00351480
0.00353800
0.00355130
0.00354530
0.00357990
0.00374770
0.00396330
0.00404380
0.00382480
0.00377750
0.00378310
0.00395230
0.00401290
0.00383780
0.00376470
0.00377250
0.00377800
0.00373940
0.00370480
0.00371820
0.00369840
0.00374680
0.00359290
0.00359770
0.00356850
0.00364460
0.00372940
0.00368410
0.00359280
0.00367490
0.00373110
0.00371370
0.00386860
0.00379480
0.00375440
0.00376890
0.00384100
0.00386160
0.00390020
0.00381130
0.00384580
0.00415540
0.00405350
0.00372910
0.00353350
0.00353360
0.00361900
0.00360970
0.00355370
0.00363530
0.00372350
0.00378630
0.00383040
0.00380940
0.00369010
0.00378380
0.00411860
0.00403630
0.00405520
0.00399990
0.00407090
0.00387000
0.00389950
0.00396370
0.00417630
0.00434720
0.00406910
0.00403520
0.00396190
0.00391750
0.00390730
0.00382440
0.00364500
0.00403250
0.00390330
0.00444910
0.00371590
0.00374770
0.00397730
0.00390290
0.00385250
0.00380490
0.00377420
0.00376000
0.00383180
0.00387660
0.00377380
0.00357040
0.00350480
0.00354450
0.00330810
0.00352960
0.00355580
0.00423900
0.00397410
0.00369070
0.00420570
0.00409560
0.00396880
0.00396310
0.00410550
0.00456460
0.00376720
0.00394770
0.00389960
0.00385410
0.00412390
0.00391920
0.00374480
0.00374990
0.00385630
0.00392980
0.00395890
0.00403130
0.00405840
0.00403280
0.00400450
0.00408600
0.00372300
0.00366850
0.00392330
0.00402600
0.00395430
0.00405180
0.00386760
0.00411900
0.00394560
0.00401600
0.00394270
0.00354780
0.00351870
0.00396010
0.00364560
0.00370290
0.00372230
0.00397160
0.00364600
0.00389360
0.00397240
0.00389950
0.00416590
0.00409750
0.00397020
0.00405200
0.00393530
0.00397550
0.00392440
0.00392220
0.00397380
0.00372450
0.00373450
0.00381720
0.00377070
0.00379290
0.00386450
0.00416880
0.00405000
0.00406300
0.00405560
0.00376090
0.00381260
0.00379000
0.00369100
0.00373490
0.00382840
0.00377340
0.00374080
0.00360190
0.00355790
0.00361600
0.00360820
0.00363370
0.00371210
0.00402850
0.00412920
0.00400810
0.00411060
0.00402630
0.00379400
0.00381930
0.00382310
0.00389230
0.00396390
0.00385540
0.00415900
0.00399170
0.00382440
0.00354210
0.00350390
0.00355080
0.00351920
0.00349410
0.00352140
0.00414600
0.00401960
0.00404910
0.00389590
0.00376110
0.00375710
0.00382790
0.00380760
0.00390910
0.00391350
0.00399520
0.00393040
0.00385290
0.00390370
0.00361560
0.00351880
0.00380370
0.00372670
0.00387840
0.00386620
0.00392940
0.00371340
0.00442060
0.00400070
0.00396270
0.00395270
0.00379340
0.00399530
0.00393850
0.00391040
0.00395630
0.00389420
0.00351370
0.00355850
0.00380990
0.00382500
0.00389390
0.00372560
0.00401270
0.00358400
0.00394810
0.00402950
0.00359760
0.00408920
0.00375340
0.00396230
0.00404210
0.00394270
0.00381580
0.00380560
0.00374640
0.00384510
0.00384160
0.00381090
0.00383200
0.00382810
0.00383430
0.00396020
0.00376590
0.00397430
0.00421030
0.00438040
0.00391620
0.00379150
0.00371880
0.00380830
0.00400140
0.00390090
0.00357370
0.00355420
0.00354750
0.00356370
0.00402680
0.00390730
0.00381610
0.00382690
0.00361210
0.00357830
0.00416010
0.00404070
0.00395790
0.00385020
0.00388750
0.00377350
0.00375570
0.00392100
0.00384440
0.00382540
0.00359680
0.00362590
0.00361960
0.00354250
0.00363320
0.00406800
0.00364630
0.00427650
0.00402560
0.00367850
0.00359760
0.00401710
0.00391270
0.00386080
0.00391480
0.00386870
0.00393160
0.00384740
0.00391890
0.00394210
0.00403990
0.00397690
0.00370350
0.00380930
0.00396050
0.00393090
0.00393590
0.00375450
0.00355340
0.00364710
0.00407230
0.00397200
0.00415940
0.00408670
0.00391880
0.00397890
0.00355750
0.00349640
0.00375830
0.00376600
0.00397240
0.00363160
0.00378400
0.00378430
0.00398870
0.00389220
0.00377620
0.00349560
0.00348010
0.00358470
0.00374220
0.00413540
0.00363620
0.00355760
0.00352110
0.00374950
0.00380470
0.00389410
0.00389190
0.00386250
0.00374760
0.00395870
0.00434600
0.00393770
0.00369130
0.00371610
0.00370760
0.00380590
0.00350950
0.00353810
0.00354150
0.00370880
0.00388790
0.00404400
0.00395270
0.00385910
0.00401400
0.00385930
0.00401940
0.00400350
0.00359990
0.00373740
0.00393530
0.00384270
0.00378550
0.00373520
0.00378870
0.00384050
0.00401120
0.00377570
0.00393890
0.00393260
0.00365820
0.00363460
0.00368530
0.00360470
0.00370370
0.00405320
0.00384570
0.00400070
0.00499090
0.00382150
0.00365630
0.00356660
0.00354280
0.00360180
0.00358010
0.00360830
0.00407560
0.00401200
0.00385560
0.00418800
0.00375610
0.00378180
0.00398130
0.00418940
0.00401740
0.00401760
0.00390260
0.00405510
0.00404160
0.00409370
0.00412710
0.00399140
0.00408710
0.00403190
0.00384900
0.00393700
0.00396650
0.00388370
0.00388180
0.00399780
0.00405700
0.00427300
0.00413970
0.00412180
0.00405080
0.00409960
0.00407350
0.00409130
0.00403540
0.00388430
0.00383890
0.00383460
0.00371620
0.00397870
0.00403910
0.00397680
0.00414340
0.00374060
0.00379480
0.00398650
0.00369700
0.00394600
0.00393900
0.00391860
0.00399770
0.00394170
0.00397000
0.00397330
0.00398530
0.00406210
0.00437250
0.00482310
0.00417280
0.00405430
0.00396340
0.00382830
0.00384000
0.00403200
0.00377720
0.00381610
0.00394350
0.00426300
0.00421660
0.00392680
0.00410750
0.00384940
0.00363950
0.00364500
0.00371720
0.00364670
0.00358250
0.00365220
0.00364470
0.00365510
0.00413020
0.00425450
0.00411000
0.00420150
0.00408360
0.00389830
0.00497170
0.00434810
0.00433010
0.00395710
0.00404780
0.00405490
0.00399360
0.00395290
0.00394370
0.00390880
0.00374540
0.00385510
0.00378460
0.00378260
0.00367590
0.00397670
0.00398800
0.00394370
0.00375860
0.00390790
0.00391720
0.00387990
0.00408630
0.00409810
0.00394490
0.00390320
0.00376630
0.00380360
0.00384630
0.00384810
0.00376480
0.00385200
0.00456200
0.00405430
0.00402650
0.00374970
0.00399070
0.00409440
0.00409110
0.00398560
0.00422630
0.00413680
0.00405220
0.00414240
0.00433150
0.00404540
0.00413660
0.00408770
0.00398760
0.00413460
0.00429590
0.00417210
0.00406800
0.00401650
0.00430690
0.00414810
0.00418380
0.00394800
0.00408060
0.00393000
0.00422920
0.00405850
0.00377650
0.00375040
0.00380110
0.00382260
0.00374950
0.00397880
0.00386960
0.00388220
0.00383930
0.00388250
0.00425650
0.00379550
0.00376990
0.00371660
0.00390400
0.00404120
0.00426480
0.00430680
0.00402910
0.00384270
0.00383070
