1
329.76,30.45,40.89,41.04
331.88,22.40,39.66,41.56
333.61,15.71,38.72,42.22
334.64,10.40,38.62,42.78
340.17,11.13,38.34,43.15
344.31,16.21,38.86,43.59
349.86,25.58,39.10,43.60
355.68,31.66,38.77,44.06
357.96,39.43,38.68,44.08
349.75,47.71,38.79,44.00
363.53,54.07,38.78,44.18
360.71,55.35,38.67,44.43
362.52,54.04,38.24,44.24
350.09,47.70,38.38,44.56
346.70,37.40,38.22,43.82
334.71,32.78,37.96,43.89
327.50,24.81,38.34,43.38
325.31,21.12,38.06,43.48
317.97,17.15,38.27,43.87
320.59,12.00,38.77,43.01
320.97,15.36,38.45,42.62
319.41,21.43,37.88,42.65
323.61,26.31,37.54,42.28
326.20,25.92,37.66,41.92
326.01,24.67,37.68,40.96
331.20,27.85,37.80,40.87
335.03,26.95,38.05,41.14
333.87,21.05,38.09,41.15
337.86,17.92,38.31,41.59
343.69,16.30,38.10,41.48
353.86,19.83,37.92,41.53
365.30,28.28,37.65,42.01
376.49,40.51,37.14,42.95
368.15,31.39,36.92,43.17
2
0
0
0
0
1
391.91,109.09,45.16,42.54
395.50,103.03,44.91,42.74
387.14,87.83,45.04,43.78
376.00,66.65,44.15,44.09
362.07,41.24,44.32,45.07
351.67,17.46,44.49,45.24
330.77,5.14,44.92,45.34
315.86,3.55,45.73,45.47
307.73,3.20,46.02,46.17
297.25,7.48,46.69,46.19
296.22,12.94,46.58,45.95
300.83,18.79,46.66,46.37
305.58,19.49,46.56,45.94
305.59,19.96,46.47,45.98
306.99,16.81,47.57,46.42
302.89,10.05,48.28,46.61
299.19,3.77,48.90,47.10
295.87,3.22,49.88,47.39
292.27,-2.09,51.78,45.38
290.17,1.97,52.54,46.35
295.24,2.19,52.82,46.38
302.60,-0.47,52.83,47.76
313.30,-6.38,54.73,45.59
324.28,-5.82,56.68,43.71
326.00,-2.91,56.97,44.25
318.41,1.30,55.88,46.62
317.53,0.82,56.54,45.55
318.34,1.08,58.95,44.18
316.05,-1.87,60.76,43.78
311.28,-3.62,61.13,43.36
307.30,-0.24,61.22,43.19
318.05,-1.72,59.27,44.48
301.84,2.12,58.97,44.94
298.42,-0.89,56.83,46.20
280.61,11.09,59.43,44.74
2
0
0
0
0
1
291.49,148.45,103.97,111.18
280.29,140.70,103.66,110.45
269.23,135.34,102.83,109.27
250.17,116.82,101.77,108.27
239.38,97.58,100.15,109.55
222.10,78.34,99.31,109.76
215.24,58.76,94.56,114.72
199.80,23.46,94.04,115.75
182.13,12.64,95.07,116.35
150.13,13.47,95.96,115.40
128.39,9.32,96.02,115.08
130.84,-4.67,97.02,113.46
130.18,4.72,98.74,112.63
125.69,20.28,97.08,112.21
133.83,31.64,99.47,113.86
127.34,55.70,100.20,114.66
132.78,51.87,102.14,116.22
148.83,9.10,103.79,115.09
