0.21397550
0.00688030
0.00720880
0.00719090
0.00680250
0.00718110
0.00724020
0.00723280
0.00795240
0.00711500
0.00703270
0.00682140
0.00689850
0.00694170
0.00674340
0.00665560
0.00706010
0.00709820
0.00732870
0.00720910
0.00738190
0.00734910
0.00563300
0.00567950
0.00557570
0.00560730
0.00562690
0.00570140
0.00581330
0.00560590
0.00570760
0.00562700
0.00547310
0.00535020
0.00550170
0.00551960
0.00000000
0.00000000
0.00000000
0.00000000
0.21409840
0.00536360
0.00529530
0.00548140
0.00562120
0.00557670
0.00555210
0.00575950
0.00558800
0.00557090
0.00560090
0.00596090
0.00578830
0.00573080
0.00579200
0.00566860
0.00559320
0.00548330
0.00549370
0.00574430
0.00624120
0.00599660
0.00630200
0.00617760
0.00623380
0.00613060
0.00606440
0.00604920
0.00596620
0.00600290
0.00579040
0.00650430
0.00614320
0.00602270
0.00612820
0.00519430
0.00581940
0.00000000
0.00000000
0.00000000
0.00000000
0.19603880
0.00582730
0.00585770
0.00595230
0.00589060
0.00576080
0.00646360
0.00645290
0.00558140
0.00617480
0.00642270
0.00619260
0.00636160
0.00635870
0.00621360
0.00587700
0.00577730
0.00585160
0.00665070
