0.26312470
0.00684570
0.00668990
0.00652020
0.00608430
0.00650470
0.00674720
0.00630570
0.00676410
0.00642310
0.00718990
0.00634850
0.00759370
0.00789240
0.00633080
0.00605440
0.00621000
0.00675920
0.00659180
0.00592100
0.00665330
0.00598820
0.00678720
0.00786590
0.00808020
0.00623230
0.00756990
0.00618950
0.00585450
0.00582020
0.00598480
0.00581010
0.00597950
0.00591280
0.00538570
0.00559000
0.00632500
0.00605050
0.00588940
0.00624600
0.00561560
0.00537560
0.00559330
0.00560040
0.00572130
0.00580890
0.00595710
0.00564780
0.00565760
0.00693250
0.00479360
0.00724860
0.00538690
0.00532080
0.00525760
0.00529190
0.00546420
0.00555090
0.00512340
0.00577410
0.00550560
0.00493680
0.00584070
0.00553840
0.00548690
0.00486260
0.00519710
0.00522310
0.00539220
0.00540770
0.00684810
0.00479680
0.00522950
0.00803620
0.00529560
0.00548880
0.00522430
0.00530620
0.00594360
0.00562160
0.00537040
0.00538700
0.00559420
0.00539170
0.00557190
0.00543840
0.00547390
0.00508970
0.00537640
0.00550160
0.00578210
0.00543730
0.00630040
0.00564830
0.00600240
0.00626710
0.00807860
0.00741140
0.00605490
0.00640100
0.01015520
0.00620170
0.00547050
0.00617210
0.00573510
0.00631880
0.00684240
0.00721170
0.00527050
0.00531750
0.00570570
0.00518200
0.00481290
0.00496480
0.00500320
0.00559860
0.00563940
0.00516820
0.00542150
0.00544010
0.00530910
0.00531860
0.00537710
0.00502110
0.00561830
0.00515370
0.00528540
0.00519440
0.00506830
0.00504290
0.00506220
0.00524390
0.00546510
0.00535060
0.00518920
0.00463690
0.00520140
0.00556140
0.00526330
0.00505430
0.00528060
0.00530450
0.00530040
0.00497310
0.00479800
0.00517100
0.00526080
0.00466860
0.00498160
0.00524190
0.00497720
0.00486670
0.00510700
0.00511680
0.00514420
0.00490280
0.00529760
0.00491760
0.00500480
0.00497910
0.00520540
0.00485370
0.00496800
0.00523780
0.00461690
0.00499100
0.00503460
0.00497490
0.00504660
0.00454300
0.00496800
0.00490790
0.00491250
0.00496340
0.00469800
0.00500010
0.00504030
0.00526920
0.00524870
0.00516700
0.00477870
0.00498680
0.00508370
0.00498310
0.00521750
0.00538020
0.00494850
0.00487380
0.00551270
0.00498720
0.00532020
0.00516980
0.00450380
0.00495870
0.00464330
0.00479040
0.00511670
0.00490470
0.00484850
0.00629140
0.00657790
0.00464970
0.00514340
0.00594490
0.00507460
0.00527010
0.00507910
0.00553380
0.00535970
0.00542650
0.00787710
0.00652320
0.00659810
0.00507230
0.00501650
0.00495860
0.00487150
0.00569740
0.00524580
0.00529990
0.00513640
0.00531120
0.00652130
0.00514910
0.00522720
0.00469650
0.00483250
0.00524210
0.00511750
0.00524870
0.00472950
0.00443210
0.00505860
0.00529670
0.00471990
0.00482060
0.00501560
0.00488180
0.00500470
0.00644140
0.00481950
0.00539460
0.00525000
0.00473890
0.00506620
0.00501960
0.00485420
0.00435590
0.00467150
0.00438490
0.00496660
0.00547420
0.00487870
0.00488340
0.00479900
0.00470480
0.00517990
0.00630850
0.00488930
0.00493260
0.00523570
0.00658170
0.00562840
0.00511720
0.00486740
0.00454810
0.00465290
0.00559850
0.00509160
0.00466590
0.00551350
0.00543990
0.00556620
0.00523690
0.00477020
0.00525280
0.00510010
0.00567220
0.00480420
0.00501660
0.00487220
0.00492130
0.00486420
0.00705640
0.00936990
0.00577970
0.00513900
0.00525930
0.00510830
0.00512670
0.00518970
0.00502670
0.00489810
0.00558620
0.00502050
0.00534680
0.00518070
0.00524390
0.00533110
0.00492990
0.00485500
0.00487270
0.00522150
0.00519030
0.00516520
0.00557130
0.00556090
0.00514050
0.00480980
0.00468390
0.00465890
0.00482730
0.00444750
0.00472630
0.00480400
0.00464730
0.00474310
0.00457980
0.00491500
0.00466630
0.00469570
0.00466220
0.00455890
0.00445130
0.00476830
0.00457790
0.00464770
0.00480870
0.00485060
0.00445210
0.00469590
0.00475310
0.00459060
0.00453670
0.00418930
0.00470480
0.00482530
0.00482840
0.00487550
0.00462640
0.00470230
0.00429730
0.00443300
0.00470640
0.00509850
0.00420540
0.00460390
0.00503600
0.00477000
0.00414750
0.00457240
0.00444110
0.00466240
0.00464410
0.00494540
0.00534020
0.00506200
0.00484400
0.00517830
0.00410560
0.00460050
0.00467820
0.00459770
0.00413440
0.00475370
0.00442080
0.00440400
0.00451140
0.00452640
0.00407230
0.00405130
0.00423220
0.00510460
0.00529970
0.00515260
0.00478830
0.00511060
0.00506240
0.00502310
0.00484270
0.00524810
0.00644080
0.00489210
0.00502560
0.00516750
0.00723230
0.00534680
0.00503200
0.00481680
0.00497630
0.00481740
0.00503530
0.00511580
0.00538520
0.00475400
0.00481560
0.00454420
0.00462380
0.00483400
0.00478420
0.00494280
0.00452330
0.00477340
0.00459790
0.00474710
0.00501090
0.00487560
0.00499140
0.00488160
0.00466490
0.00489740
0.00521410
0.00548420
0.00465240
0.00545450
0.00493750
0.00518730
0.00510870
0.00429630
0.00491350
0.00477770
0.00435870
0.00434340
0.00430820
0.00461050
0.00444850
0.00518940
0.00511260
0.00481450
0.00489120
0.00502710
0.00458840
0.00458020
0.00484650
0.00448840
0.00476640
0.00480480
0.00446740
0.00445490
0.00464220
0.00430240
0.00442320
0.00482740
0.00564070
0.00455220
0.00455820
0.00449520
0.00410050
0.00409930
0.00424010
0.00431370
0.00443920
0.00459430
0.00460780
0.00424740
0.00469660
0.00424140
0.00434850
0.00445460
0.00427150
0.00436030
0.00438580
0.00448090
0.00444070
0.00457570
0.00450120
0.00432630
0.00429420
0.00449970
0.00456930
0.00455130
0.00410630
0.00456990
0.00452490
0.00408510
0.00492240
0.00439730
0.00470130
0.00403030
0.00415100
0.00420570
0.00435100
0.00433910
0.00425640
0.00474460
0.00453840
0.00456840
0.00446290
0.00433520
0.00448400
0.00465190
0.00452180
0.00434480
0.00441880
0.00430680
0.00429110
0.00430960
0.00408720
0.00439160
0.00433280
0.00447840
0.00454220
0.00412990
0.00421680
0.00433240
0.00442120
0.00436360
0.00400490
0.00435700
0.00423710
0.00412300
0.00413860
0.00420490
0.00417900
0.00396570
0.00470950
0.00444550
0.00432780
0.00450060
0.00439260
0.00409330
0.00433800
0.00442090
0.00422960
0.00482210
0.00443090
0.00447280
0.00392540
0.00441190
0.00423540
0.00441100
0.00465510
0.00435510
0.00448520
0.00464540
0.00451420
0.00454860
0.00447320
0.00412520
0.00455050
0.00418880
0.00456250
0.00405240
0.00432810
0.00458820
0.00448510
0.00479030
0.00457670
0.00432640
0.00441390
0.00442530
0.00427630
0.00467090
0.00414600
0.00415410
0.00448650
0.00425070
0.00445610
0.00431760
0.00430760
0.00423200
0.00461250
0.00400570
0.00457300
0.00465830
0.00466470
0.00447700
0.00502280
0.00444030
0.00463790
0.00443210
0.00469560
0.00443100
0.00495310
0.00442120
0.00483400
0.00478510
0.00452780
0.00475170
0.00463070
0.00486240
0.00490500
0.00444480
0.00512140
0.00479460
0.00499420
0.00506790
0.00543680
0.00463190
0.00466880
0.00533910
0.00512500
0.00535280
0.00558330
0.00519100
0.00557800
0.00558370
0.00534620
0.00465940
0.00507790
0.00519270
0.00456320
0.00523920
0.00519830
0.00533340
0.00539530
0.00507350
0.00487130
0.00518410
0.00465390
0.00446560
0.00485190
0.00494230
0.00445180
0.00472200
0.00502750
0.00450720
0.00459560
0.00477400
0.00475410
0.00455920
0.00488580
0.00465260
0.00485850
0.00451230
0.00510360
0.00516810
0.00504510
0.00435470
0.00486670
0.00446260
0.00454450
0.00480990
0.00451800
0.00449610
0.00468690
0.00476360
0.00473310
0.00437540
0.00448110
0.00500170
0.00463000
0.00449680
0.00450580
0.00459070
0.00473270
0.00448640
0.00436500
0.00465950
0.00410170
0.00434730
0.00490170
0.00457390
0.00467080
0.00468310
0.00431640
0.00464830
0.00435650
0.00443370
0.00452580
0.00454070
