0.22715290
0.00811890
0.00763500
0.00743900
0.00726690
0.00813790
0.00758780
0.00787610
0.00775370
0.00767260
0.00777800
0.00747990
0.00785880
0.00762100
0.00783610
0.00759010
0.00754780
0.00748330
0.00836290
0.00793590
0.00762960
0.00823600
0.00798330
0.00751070
0.00745290
0.00775220
0.00789910
0.00812640
0.00792320
0.00801770
0.00742500
0.00784240
0.00743020
0.00747410
0.00755880
0.00799220
0.00793520
0.00805630
0.00798570
0.00774100
0.00772530
0.00772460
0.00812440
0.00788240
0.00785420
0.00747090
0.00777270
0.00767100
0.00785860
0.00775840
0.00784330
0.00842240
0.00752090
0.00752860
0.00759590
0.00758460
0.00768060
0.00809570
0.00791920
0.00749820
0.00747490
0.00745080
0.00756470
0.00794230
0.00775760
0.00796610
0.00786550
0.00803700
0.00744710
0.00753700
0.00771460
0.00760840
0.00755300
0.00749630
0.00794030
0.00847040
0.00854690
0.00879990
0.00883760
0.00848850
0.00822070
0.00917240
0.00859140
0.00923290
0.00904290
0.00876640
0.00846040
0.00894940
0.00893120
0.00893390
0.00921310
0.00869680
0.00909200
0.00875270
0.00883050
0.00873520
0.00907550
0.00939760
0.00926660
0.00915610
0.00930890
0.00909700
0.00988860
0.00967360
0.00874300
0.00923080
0.00899880
0.00929000
0.00958390
0.01011700
0.00973220
0.00984410
0.00987810
0.00967580
0.00993670
0.00946030
0.00986520
0.00957490
0.00934000
0.00958480
0.00985040
0.00940840
0.01003390
0.01018180
0.01006170
0.01043300
0.00995100
0.01028460
0.00946690
0.00960720
0.00945320
0.00977920
0.00977080
0.01026960
0.01026410
0.00987570
0.01009290
0.00974200
0.00977490
0.01058060
0.01036230
0.01047910
0.01137220
0.01044030
0.00983050
0.01031180
0.00976000
0.01073970
0.01051580
0.01000970
0.01058560
0.01013160
0.01075340
0.00994550
0.00993230
0.00985450
0.00961570
0.01044680
0.01015870
0.01030410
0.01095400
0.00973580
0.01060090
0.00936850
0.00968640
0.01005200
0.01031410
0.00996670
0.01037520
0.00974420
0.00970270
0.00943590
0.01004490
0.00939240
0.00963980
0.00895390
0.00936210
0.00981290
0.00939820
0.00897000
0.00948230
0.00943980
0.00999430
0.00926880
0.00945150
0.00938620
0.00948920
0.00945130
0.00960220
0.00972980
0.00986840
0.00931430
0.00986890
0.00938360
0.00988730
0.00958370
0.00955150
0.00964240
0.00950250
0.01010910
0.01009910
0.00937660
0.00965890
0.00939990
0.00917190
0.00936130
0.00929370
0.00832110
0.00870920
0.00945180
0.00924740
0.00912470
0.00891160
0.00890580
0.00904760
0.00969210
0.00988840
0.00979470
0.00991870
0.00900040
0.00959110
0.00960180
0.00981470
0.00957040
0.00964100
0.00919030
0.00930070
0.00918280
0.00952990
0.00966180
0.00936630
0.00962210
0.00914850
0.00944770
0.00975320
0.00945300
0.00969550
0.00944890
0.00931840
0.00991790
0.00972010
0.00942330
0.00971850
0.00982280
0.00969640
0.01019960
0.00989670
0.00979870
0.01001560
0.00947570
0.00994340
0.01007570
0.01012860
0.00950940
0.01054760
0.01062220
0.00995340
0.01075490
0.01136190
0.01022660
0.01108280
0.01099120
0.01085800
0.01063370
0.01096710
0.01108110
0.01042200
0.01048340
0.01076190
0.01071210
0.01115650
0.01099260
0.01079850
0.01055190
0.01063030
0.01156750
0.01139620
0.01141300
0.01135600
0.01153450
0.01183760
0.01209020
0.01245710
0.01064870
0.01189830
0.01209640
0.01098210
0.01177720
0.01081040
0.01077940
0.01092770
