0.22383120
0.00552040
0.00559970
0.00547280
0.00568920
0.00506940
0.00597000
0.00517630
0.00539440
0.00515970
0.00504120
0.00502690
0.00512420
0.00531110
0.00524770
0.00502880
0.00502540
0.00500020
0.00503720
0.00493780
0.00503000
0.00448940
0.00450300
0.00439110
0.00517520
0.00489580
0.00512530
0.00496240
0.00498080
0.00531590
0.00519690
0.00502020
0.00494340
0.00467470
0.00512360
0.00492410
0.00493190
0.00456050
0.00447840
0.00440110
0.00458700
0.00446530
0.00461290
0.00455470
0.00459510
0.00478200
0.00476600
0.00554470
0.00517910
0.00529270
0.00517480
0.00498680
0.00535820
0.00516090
0.00522210
0.00481100
0.00572900
0.00494600
0.00484770
0.00485300
0.00495040
0.00509390
0.00547750
0.00507140
0.00556000
0.00534790
0.00532970
0.00506580
0.00514230
0.00470640
0.00475430
0.00542020
0.00521710
0.00496830
0.00513220
0.00498480
0.00531870
0.00540150
0.00532310
0.00526040
0.00480270
0.00471360
0.00475480
0.00472360
0.00501670
0.00469610
0.00464200
0.00464160
0.00473600
0.00476320
0.00542410
0.00551640
0.00501080
0.00545330
0.00491780
0.00518900
0.00524470
0.00505150
0.00919500
0.00530700
0.00506180
0.00500830
0.00517460
0.00600600
0.00550090
0.00577520
0.00579360
0.00520320
0.00512850
0.00482400
0.00538370
0.00588040
0.00608610
0.00549250
0.00575570
0.00505710
0.00513240
0.00518160
0.00490760
0.00508870
0.00638760
0.00519030
0.00478000
0.00478940
0.00580410
0.00537280
0.00503090
0.00474530
0.00462290
0.00481610
0.00516000
0.00505400
0.00523110
0.00499220
0.00494480
0.00505580
0.00518640
0.00507470
0.00526940
0.00495550
0.00497830
0.00493500
0.00495940
0.00531020
0.00495090
0.00475120
0.00483900
0.00472540
0.00490730
0.00476090
0.00474270
