0.21517180
0.00887490
0.00856990
0.00855100
0.00879470
0.00886330
0.00866330
0.00854220
0.00852720
0.00894610
0.00890860
0.00875430
0.00911280
0.00911380
0.00854190
0.00890750
0.00937610
0.00834190
0.00721410
0.00707430
0.00727020
0.00697040
0.00671210
0.00668980
0.00686970
0.00705050
0.00712320
0.00697910
0.00692460
0.00707160
0.00666230
0.00663730
0.00680410
0.00684070
0.00699330
0.00716350
0.00725120
0.00708920
0.00718390
0.00708000
0.00562270
0.00597610
0.00614200
0.00582790
0.00591450
0.00589780
0.00580440
0.00573060
0.00576890
0.00565620
0.00586140
0.00552840
0.00540510
0.00531700
0.00564580
0.00560890
0.00554410
0.00618280
0.00586220
0.00565420
0.00571530
0.00615930
0.00578740
0.00587780
0.00595290
0.00496390
0.00518830
0.00537750
0.00521950
0.00503410
0.00505380
0.00515670
0.00510420
0.00500770
0.00518870
0.00524630
0.00501740
0.00522250
0.00501380
0.00548480
0.00527030
0.00539680
0.00547020
0.00502510
0.00498680
0.00539260
0.00535450
0.00539760
0.00536300
0.00577520
0.00562130
0.00581150
0.00520910
0.00592200
0.00530440
0.00547430
0.00519280
0.00508570
0.00486570
0.00513830
0.00509980
0.00494470
0.00496780
0.00520850
0.00521700
0.00529010
0.00526560
0.00537040
0.00520210
0.00539700
0.00542750
0.00477160
0.00497020
0.00481290
0.00479050
0.00518180
0.00526940
0.00536130
0.00509020
0.00533050
0.00515720
0.00534840
0.00503010
0.00494200
0.00520130
0.00522330
0.00482350
0.00506740
0.00512450
0.00520280
0.00517780
0.00496060
0.00503490
0.00566760
0.00560220
0.00500670
0.23383400
0.00517440
0.00507270
0.00532260
0.00564890
0.00549210
0.00512960
0.00552470
0.00525840
0.00527720
0.00529520
0.00530370
0.00510730
0.00523830
0.00548000
0.00535700
0.00562350
0.00565530
0.00561880
0.00537290
0.00569950
0.00572880
0.00592450
0.00557850
0.00526460
0.00552830
0.00545710
0.00534820
0.00529910
0.00559240
0.00531050
0.00522130
0.00518370
0.00544540
0.00532950
0.00499000
0.00555470
0.00561370
0.00538000
0.00546990
0.00541810
0.00489730
0.00500590
0.00511610
0.00533140
0.00521330
0.00525410
0.00517920
0.00541990
0.00508180
0.00541830
0.00530750
0.00545040
0.00588060
0.00519250
0.00491410
0.00494560
0.00520430
0.00524470
0.00559570
0.00557590
0.00542770
0.00506730
0.00555660
0.00485210
0.00537410
0.00553290
0.00571810
0.00556410
0.00551720
0.00544810
0.00490360
0.00477040
0.00517610
0.00504780
0.00532410
0.00522980
0.00529020
0.00528430
0.00540250
0.00516400
0.00541210
0.00486370
0.00486350
0.00529890
0.00553430
0.00541910
0.00513020
0.00505170
0.00500100
0.00520080
0.00542630
0.00526220
0.00513090
0.00503740
0.00509360
0.00535430
0.00541410
0.00526530
0.00526250
0.00535010
0.00531280
0.00535280
0.00525910
0.00538040
0.00540360
0.00516180
0.00516050
0.00570800
0.00561170
0.00554140
0.00532260
0.00539650
0.00514860
0.00527090
0.00484580
0.00513680
0.00505730
0.00524980
0.00527110
0.00514280
0.00499700
0.00532340
0.00521600
0.00491810
0.00519310
0.00499450
0.00516740
0.00531300
0.00516430
0.00521930
0.00485750
0.00489830
0.00522050
0.00493040
0.00495270
0.00543630
0.00570580
0.00559390
0.00551340
0.00545280
0.00532730
0.00538720
0.00499980
0.00508690
0.00554170
0.00530520
0.00537270
0.00531960
0.00493310
0.00575040
0.00543370
0.00572780
0.00565140
0.00532010
0.00536440
0.00534480
0.00520810
0.00528880
0.00536460
0.00553140
0.00566730
0.00576880
0.00554740
0.00534810
0.00514190
0.00552440
0.00530720
0.00542430
0.00547420
0.00520180
0.00535730
0.00537080
0.00536110
0.00546330
0.00542700
0.00508010
0.00512640
0.00480130
0.00511720
0.00498000
0.00491690
0.00535180
0.00507590
0.00532020
0.00519810
0.00544430
0.00531090
0.00545740
0.00550830
0.00547300
0.00498690
0.00490470
0.00557050
0.00527600
0.00531020
0.00519570
0.00474490
0.00478340
0.00468540
0.00507360
0.00527580
0.00542820
0.00523440
0.00505630
0.00489510
0.00485970
0.00547470
0.00535710
0.00520700
0.00518980
0.00511490
0.00497840
0.00499990
0.00494490
0.00514970
0.00550440
0.00495570
0.00538250
0.00537260
0.00475540
0.00522140
0.00528480
0.00510710
0.00502060
0.00499070
0.00484520
0.00493600
0.00519080
