0.21174960
0.00428720
0.00454770
0.00446720
0.00450310
0.00448640
0.00442060
0.00449550
0.00435370
0.00449560
0.00456290
0.00472990
0.00451830
0.00459720
0.00466660
0.00468420
0.00482360
0.00448540
0.00456440
0.00451170
0.00456520
0.00442390
0.00444690
0.00441910
0.00444690
0.00440180
0.00438330
0.00429600
0.00459070
0.00454710
0.00462110
0.00454320
0.00424850
0.00465600
0.00444490
0.00443210
0.00437880
0.00453770
0.00438470
0.00435800
0.00434510
0.00437300
0.00449020
0.00490260
0.00457540
0.00447960
0.00441880
0.00478490
0.00457240
0.00447540
0.00465540
0.00474290
0.00467780
0.00442520
0.00461610
0.00447440
0.00470760
0.00473350
0.00445530
0.00465560
0.00459140
0.00451790
0.00465040
0.00439270
0.00436050
0.00443790
0.00447380
0.00469150
0.00468250
0.00466900
0.00463950
0.00441940
0.00442960
0.00451570
0.00474310
0.00444240
0.00457510
0.00491080
0.00452810
0.00429070
0.00459710
0.00494240
0.00469520
0.00466320
0.00440740
0.00475510
0.00509050
0.00433290
0.00456880
0.00449310
0.00488690
0.00447020
0.00458440
0.00416430
0.00449910
0.00458120
0.00442700
0.00461690
0.00479710
0.00454860
0.00442570
0.00463870
0.00463830
0.00445870
0.00433130
0.00479700
0.00465120
0.00448410
0.00440100
0.00485270
0.00450390
0.00494430
0.00473900
0.00487170
0.00472410
0.00459010
0.00463640
0.00457960
0.00470970
0.00495660
0.00449750
0.00480820
0.00469380
0.00478530
0.00444090
0.00426780
0.00450570
0.00448020
0.00454410
0.00450910
0.00440260
0.00456160
0.00518060
0.00493200
0.00487780
0.00462320
0.00455820
0.00420400
0.00459400
0.00467320
0.00449120
0.00462590
0.00466560
0.00440970
0.00428480
0.00482150
0.00435870
0.00434570
0.00468960
0.00479840
0.00442830
0.00445480
0.00462290
0.00469600
0.00447620
0.00483110
0.00449700
0.00439200
0.00443840
0.00439730
0.00469580
0.00448390
0.00459830
0.00469660
0.00424490
0.00434080
0.00458730
0.00437860
0.00470150
0.00449250
0.00471550
0.00454260
0.00462280
0.00490210
0.00462510
0.00472740
0.00459870
0.00470780
0.00444800
0.00453790
0.00457580
0.00493150
0.00492550
0.00474120
0.00494320
0.00485620
0.00473580
0.00477090
0.00468680
0.00455970
0.00473270
0.00450990
0.00474500
0.00498300
0.00441550
0.00459800
0.00481160
0.00493630
0.00459800
0.00489210
0.00479280
0.00462840
0.00454260
0.00455870
0.00475100
0.00481070
0.00482020
0.00450040
0.00441560
0.00455210
0.00485080
0.00467820
0.00465440
0.00465930
0.00476600
0.00464750
0.00485000
0.00502460
0.00486650
0.00452530
0.00498590
0.00487980
0.00490220
0.00473900
0.00474420
0.00501230
0.00454680
0.00444520
0.00469480
0.00430240
0.00482340
0.00462440
0.00500750
0.00452940
0.00479430
0.00499470
0.00477620
0.00484200
0.00484160
0.00473200
0.00492430
0.00470410
0.00486310
0.00471920
0.00455980
0.00522690
0.00530640
0.00478740
0.00476250
0.00434850
0.00444800
0.00507190
0.00484560
0.00500980
0.00519920
0.00517690
0.00480340
0.00478180
0.00467520
0.00499130
0.00477920
0.00481590
0.00500130
0.00443480
0.00485600
0.00475500
0.00484640
0.00484220
0.00483980
0.00558350
0.00467690
0.00472730
0.00480920
0.00484870
0.00484720
0.00482490
0.00491220
0.00509050
0.00500970
0.00462010
0.00458140
0.00507970
0.00501780
0.00482350
0.00489110
0.00494290
0.00464120
0.00496630
0.00486800
0.00484140
0.00498950
0.00457870
0.00446460
0.00464130
0.00467850
0.00507240
0.00492060
0.00471060
0.00489120
0.00491450
0.00491260
0.00493120
0.00500400
0.00499470
0.00483630
0.00466430
0.00514490
0.00496810
0.00499730
0.00470290
0.00447780
0.00453630
0.00447690
0.00447590
0.00504770
0.00492820
0.00519910
0.00497700
0.00490360
0.00506360
0.00497380
0.00503780
0.00542500
0.00497220
0.00463260
0.00466700
0.00504450
0.00491570
0.00542230
0.00501600
0.00513970
0.00508090
0.00559170
0.00513640
0.00518740
0.00504390
0.00533700
0.00502440
0.00472210
0.00496720
0.00519510
0.00530270
0.00530290
0.00541430
0.00530800
0.00520120
0.00564760
0.00533410
0.00526260
0.00474380
0.00496660
0.00526410
0.00523880
0.00521160
0.00491430
0.00521760
0.00527660
0.00531130
0.00520730
0.00524200
0.00564030
0.00526390
0.00522230
0.00493140
0.00537060
0.00516940
0.00497910
0.00519070
0.00500050
0.00505800
0.00473750
0.00531540
0.00576980
0.00551470
0.00529810
0.00506590
0.00520570
0.00543620
0.00532730
0.00526090
0.00511420
0.00576100
0.00563700
0.00537250
0.00598380
0.00529430
0.00529380
0.00540480
0.00528580
0.00545470
0.00512490
0.00564730
0.00528080
0.00526530
0.00547190
0.00546090
0.00544510
0.00538380
0.00549210
0.00573720
0.00592190
0.00563630
0.00521920
0.00506470
0.00511130
0.00516920
0.00546270
0.00555890
0.00571600
0.00513840
0.00580590
0.00569890
0.00560270
0.00543170
0.00526380
0.00514700
0.00561420
0.00517070
0.00499620
0.00576020
0.00532750
0.00565240
0.00574430
0.00586050
0.00528400
0.00571140
0.00579960
0.00575610
0.00555290
0.00511830
0.00547550
0.00538200
0.00539820
0.00534910
0.00611700
0.00575040
0.00583120
0.00572920
0.00580820
0.00590920
0.00562810
0.00596360
0.00581920
0.00583580
0.00600500
0.00593640
0.00596060
0.00656020
0.00542390
0.00546140
0.00593500
0.00583030
0.00542950
0.00549530
0.00569390
0.00561350
0.00589570
0.00575470
0.00622020
0.21894940
0.00649940
0.00633110
0.00585400
0.00648850
0.00656260
0.00677540
0.00654730
0.00598010
0.00606350
0.00679810
0.00656050
0.00676360
0.00662690
0.00596520
0.00696030
0.00643020
0.00616170
0.00672720
0.00674280
0.00634000
0.00624280
0.00600000
0.00599930
0.00618300
0.00681370
0.00618000
0.00691260
0.00647350
0.00619940
0.00641150
0.00676330
0.00664960
0.00652880
0.00593290
0.00586530
0.00709480
0.00679650
0.00669670
0.00661030
0.00625900
0.00638360
0.00606580
0.00628210
0.00674790
0.00694440
0.00680090
0.00683320
0.00670980
0.00672660
0.00650270
0.00611170
0.00630890
0.00703250
0.00679000
0.00713550
0.00686030
0.00635320
0.00644470
0.00631900
0.00647190
0.00585550
0.00598100
0.00645050
0.00598020
0.00602370
0.00638810
0.00627190
0.00642350
0.00664650
0.00552140
0.00627110
0.00616420
0.00602340
0.00600010
0.00601820
0.00542100
0.00588290
0.00578910
0.00526600
0.00518730
0.00570950
0.00563360
0.00531710
0.00564530
0.00559740
0.00519170
0.00577520
0.00556240
0.00528460
0.00555800
0.00559290
0.00580220
0.00527740
0.00567110
0.00537520
0.00550420
0.00568480
0.00526300
0.00525610
0.00536160
0.00550770
0.00545290
0.00540360
0.00546720
0.00543020
0.00525380
0.00536800
0.00512640
0.00501190
0.00491450
0.00492520
0.00574470
0.00525160
0.00546050
0.00527080
0.00532610
0.00538780
0.00520600
0.00485150
0.00489010
0.00497330
0.00511490
0.00527210
0.00505280
0.00523380
0.00493910
0.00529560
0.00524660
0.00523850
0.00530830
0.00506820
0.00508760
0.00511310
0.00488900
0.00498730
0.00514170
0.00505080
0.00485330
0.00517590
0.00517590
0.00498350
0.00487810
0.00540460
0.00500670
0.00479440
0.00507910
0.00502610
0.00486900
0.00465860
0.00529590
0.00516000
0.00501840
0.00479250
0.00514200
0.00488370
0.00473950
0.00523360
0.00513040
0.00496170
0.00471270
0.00458080
0.00488680
0.00491280
0.00512070
0.00575490
0.00516800
0.00501020
0.00461350
0.00465190
0.00479780
0.00496470
0.00464490
0.00486270
0.21794090
0.00518150
0.00483460
0.00506290
0.00499370
0.00488820
0.00495520
0.00484420
0.00481250
0.00470070
0.00479910
0.00489790
0.00449370
0.00488540
0.00504410
0.00499120
0.00468380
0.00487440
0.00500000
0.00503040
0.00490770
0.00486450
0.00494200
0.00489560
0.00482430
0.00483110
0.00459180
0.00468640
0.00465450
0.00478450
0.00469970
0.00463370
0.00467070
0.00459730
0.00489850
0.00475420
0.00511160
0.00478830
0.00472590
0.00491920
0.00463280
0.00474890
0.00509370
0.00540820
0.00479500
0.00493850
0.00488580
0.00486350
0.00482180
0.00470860
0.00479770
0.00472700
0.00487820
0.00492690
0.00465560
0.00484190
0.00476770
0.00474930
0.00469830
0.00465600
0.00451440
0.00459400
0.00484800
0.00479490
0.00477300
0.00488620
0.00467100
0.00446830
0.00467030
0.00474360
0.00480460
0.00490970
0.00483250
0.00477710
0.00474320
0.00474370
0.00486780
0.00466060
0.00473960
0.00453130
0.00450770
0.00485560
0.00489120
0.00489510
0.00477350
0.00472060
0.00471510
0.00477440
0.00472690
0.00495110
0.00473250
0.00468940
0.00484090
0.00457900
0.00489950
0.00465800
0.00456240
0.00448010
0.00501400
0.00462420
0.00447930
0.00446450
0.00464200
0.00486350
0.00504920
0.00497520
0.00481590
0.00465390
0.00453810
0.00456050
0.00433410
0.00442050
0.00450220
0.00450360
0.00458100
0.00465270
0.00428400
0.00449230
0.00474810
0.00446350
0.00461220
0.00460220
0.00480840
0.00450080
0.00444460
0.00468410
0.00446370
0.00453480
0.00453090
0.00453000
0.00463390
0.00460080
0.00456670
0.00464570
0.00443470
0.00460600
0.00478530
0.00496100
0.00433000
0.00451340
0.00476220
0.00471370
0.00472390
0.00455780
0.00468040
0.00492500
0.00470490
0.00474770
0.00476760
0.00459100
0.00435330
0.00482030
0.00492980
0.00470400
0.00503810
0.00477470
0.00452350
0.00473960
0.00464140
0.00485940
0.00471010
0.00498970
0.00464250
0.00487090
0.00480090
0.00460880
0.00440120
0.00440170
0.00421350
0.00440150
0.00456260
0.00458930
0.00476770
0.00518130
0.00508990
0.00480670
0.00472980
0.00490490
0.00496170
0.00487970
0.00464420
0.00435470
0.00485680
0.00464120
0.00439980
0.00444420
0.00459640
0.00459890
0.00487670
0.00437650
0.00465640
0.00483550
0.00469460
0.00510750
0.21225820
0.20581500
0.22165300
0.20522890
0.21804920
0.20585210
0.21407230
0.20681290
0.19913590
0.22534660
0.21478560
0.21004750
0.22196250
0.27136630
0.27045540
0.27188140
0.26767820
