0.21544870
0.00488180
0.00480410
0.00506200
0.00541290
0.00537840
0.00500370
0.00482360
0.00494380
0.00599920
0.00570780
0.00515180
0.00502960
0.00455790
0.00465460
0.00538480
0.00541530
0.00553590
0.00500110
0.00489080
0.00502120
0.00524790
0.00577420
0.00594510
0.00527700
0.00530690
0.00539880
0.00538690
0.00534220
0.00536940
0.00458360
0.00526030
0.00497560
0.00484880
0.00459870
0.00510880
0.00511160
0.00556280
0.00545830
0.00548840
0.00529920
0.00509370
0.00507660
0.00514670
0.00463630
0.00484220
0.00459550
0.00464060
0.00500980
0.00445160
0.00537390
0.00553220
0.00514770
0.00572310
0.00523860
0.00542990
0.00568810
0.00620470
0.00668750
0.00640850
0.00571080
0.00512190
0.00632240
0.00550240
0.00685220
0.00715360
0.00573340
0.00635690
0.00583110
0.00720700
0.00519730
0.00485610
0.00465470
0.00478090
0.00519070
0.00562890
0.00567230
0.00550470
0.00554330
0.00594070
0.00560040
0.00484920
0.00511270
0.00511340
0.00494150
0.00513590
0.00516600
0.00515780
0.00544280
0.00536140
0.00525000
0.00478450
0.00473240
0.00512970
0.00516960
0.00504570
0.00534680
0.00549390
0.00545560
0.00519880
0.00553830
0.00495930
0.00483740
0.00504450
0.00561920
0.00541780
0.00503660
0.00495730
0.00509760
0.00611240
0.00780690
0.00603800
0.00662580
0.00621440
0.00684420
0.00596090
0.00704440
0.00558930
0.00630970
0.00611190
0.00550890
0.00612170
0.00546680
0.00670100
0.00697550
0.00589680
0.00584010
0.00682050
0.00595830
0.00654740
0.00590570
0.00654760
0.00593410
0.00641110
0.00621080
0.00678960
0.00616740
0.00685270
0.00579940
0.00662660
0.00546750
0.00637940
0.00567570
0.00555850
0.00660770
0.00572600
0.00666740
0.00659240
0.00619420
0.00702510
0.00576180
0.00650440
0.00610460
0.00661430
0.00571140
0.00561710
0.00611570
0.00532740
0.00695620
0.00624940
0.00655260
0.00613890
0.00635860
0.00527150
0.00571230
0.00571650
0.00593990
0.00575630
0.00525840
0.00581320
0.00602600
0.00682380
0.00543550
0.00595040
0.00632660
0.00683390
0.00584570
0.00668480
0.00595880
0.00712890
0.00576720
0.00668840
0.00600130
0.00628850
0.00563970
0.00674400
0.00572930
0.00679100
0.00580760
0.00580530
0.00583610
0.00578160
0.00567230
0.00522330
0.00531020
0.00496770
0.00495410
0.00492290
0.00482290
0.00526820
0.00552350
0.00560580
0.00584190
0.00579140
0.00591330
0.00572250
0.00532870
0.00546750
0.00558530
0.00519750
0.00510400
0.00487340
0.00528320
0.00518620
0.00638520
0.00581670
0.00570220
0.00532680
0.00518590
0.00549480
0.00544120
0.00541260
0.00506640
0.00495300
0.00514730
0.00520090
0.00530860
0.00571240
0.00507950
0.00550120
0.00504930
0.00531220
0.00516990
0.00553270
0.00527410
0.00516850
0.00529210
0.00514730
0.00544730
0.00545290
0.00544650
0.00541440
0.00531280
0.00578900
0.00547790
0.00511500
0.00518480
0.00511120
0.00530280
0.00489080
0.00536600
0.00543360
0.00527530
0.00514550
0.00569810
0.00552340
0.00535630
0.00514400
0.00545720
0.00556670
0.00544630
0.00547700
0.00538860
0.00543960
0.00578050
0.00537210
0.00557040
0.00532450
0.00525870
0.00510260
0.00549350
0.00511580
0.00543480
0.00548120
0.00543290
0.00531080
0.00519590
0.00548060
0.00527160
0.00556860
0.00522110
0.00537560
0.00562940
0.00544580
0.00557340
0.00565930
0.00542350
0.00567890
0.00555680
0.00536800
0.00519310
0.00527020
0.00520240
0.00548600
0.00540300
0.00534590
0.00545220
0.00533580
0.00517430
0.00563710
0.00550470
0.00520570
0.00531500
0.00496510
0.00488510
0.00493640
0.00496550
0.00492920
0.00514410
0.00536930
0.00555930
0.00547220
0.00498980
0.00503050
0.00549170
0.00521710
0.00511790
0.00534940
0.00506590
0.00516410
0.00526000
0.00534940
0.00487440
0.00498770
0.00636830
0.00511660
0.00489670
0.00510290
0.00547410
0.00496750
0.00546510
0.00501720
0.00519360
0.00527540
0.00517000
0.00536580
0.00551490
0.00539080
0.00484750
0.00522910
0.00558210
0.00549230
0.00536230
0.00525120
0.00527950
0.00526820
0.00543300
0.00547720
0.00556610
0.00592500
0.00501050
0.00541190
0.00557260
0.00555710
0.00538400
0.00541760
0.00546180
0.00575890
0.00528320
0.00530340
0.00506970
0.00508480
0.00530290
0.00553070
0.00543320
0.00525120
0.00542030
0.00528260
0.00526540
0.00541150
0.00525610
0.00524420
0.00510760
0.00490270
0.00498120
0.00500470
0.00571400
0.00576520
0.00546810
0.00627010
0.00520080
0.00507070
0.00527840
0.00517190
0.00521570
0.00509680
0.00483590
0.00486820
0.00535460
0.00544040
0.00525190
0.00510360
0.00513860
0.00563600
0.00564820
0.00538730
0.00542380
0.00538780
0.00584710
0.00568710
0.00571740
0.00536580
0.00525440
0.00520420
0.00519680
0.00521500
0.00528360
0.00528860
0.00537980
0.00526340
0.00639950
0.00594830
0.00537120
0.00531690
0.00536890
0.00545530
0.00532840
0.00552600
0.00527460
0.00521180
0.00534620
0.00569680
0.00640060
0.00586350
0.00604910
0.00587700
0.00655390
0.00748730
0.00737820
0.00630270
0.00728040
0.00682460
0.00601130
0.00704170
0.00697240
0.00594190
0.00666100
0.00652350
0.00613000
0.00494170
0.00481100
0.00500150
0.00498080
0.00522600
0.00571300
0.00629290
0.00537470
0.00566990
0.00564450
0.00553870
0.00596200
0.00528790
0.00517070
0.00525380
0.00506700
0.00513280
0.00523690
0.00541760
0.00550440
0.00558510
0.00591630
0.00584490
0.00523130
0.00504310
0.00503570
0.00523030
0.00540910
0.00561810
0.00528300
0.00549800
0.00514960
0.00544850
0.00519270
0.00503100
0.00514090
0.00509450
0.00527210
0.00612080
0.00586420
0.00623020
0.00722220
0.00714040
0.00579560
0.00709610
0.00573290
0.00566360
0.00696600
0.00744550
0.00689100
0.00661150
0.00718010
0.00662640
0.00657910
0.00728350
0.00752110
0.00640950
0.00635020
0.00711940
0.00613100
0.00665380
0.00556550
0.00570320
0.00686370
0.00560710
0.00669220
0.00589340
0.00683340
0.00577440
0.00689830
0.00563620
0.00615720
0.00581360
0.00562050
0.00704750
0.00609950
0.00678510
0.00713770
0.00610160
0.00584530
0.00650520
0.00561780
0.00671170
0.00655380
0.00709680
0.00577990
0.00709550
0.00735230
0.00640340
0.00709820
0.00614620
0.00709360
0.00621320
0.00715730
0.00780880
0.00623810
0.00722100
0.00742350
0.00727820
0.00620570
0.00689220
0.00561340
0.00703320
0.00609800
0.00694820
0.00601020
0.00715310
0.00581750
0.00684650
0.00603970
0.00697650
0.00584570
0.00689150
0.00573110
0.00704760
0.00732360
0.00600450
0.00695000
0.00690100
0.00601530
0.00709300
0.00610730
0.00673430
0.00631250
0.00643030
0.00688680
0.00619230
0.00689240
0.00595410
0.00589080
0.00555520
0.00545320
0.00549660
0.00565400
0.00568610
0.00571260
0.00606450
0.00607120
0.00583780
0.00612300
0.00547090
0.00559570
0.00594590
0.00566150
0.00566260
0.00580810
0.00608600
0.00611230
0.00553950
0.00580840
0.00543450
0.00542090
0.00518180
0.00551370
0.00553810
0.00535730
0.00548160
0.00548550
0.00558480
0.00635670
0.00623300
0.00590430
0.00546340
0.00548280
0.00586430
0.00568750
0.00562430
0.00605460
0.00598990
0.00538530
0.00593360
0.00596990
0.00573010
0.00547310
0.00601430
0.00596580
0.00567120
0.00557970
0.00570690
0.00535120
0.00581110
0.00569780
0.00578870
0.00535600
0.00553600
0.00540570
0.00564020
0.00545820
0.00533610
0.00610400
0.00560740
0.00568810
0.00596100
0.00584050
0.00575330
0.00571710
0.00556730
0.00547680
0.00569780
0.00521680
0.00575860
0.00597370
0.00584030
0.00560850
0.00570090
0.00581410
0.00554770
0.00561280
0.00550500
0.00550400
0.00584790
0.00568780
0.00583370
0.00569700
0.00568880
0.00531900
0.00601840
0.00568140
0.00558760
0.00541050
0.00549820
0.00584320
0.00610640
0.00588870
0.00605880
0.00559010
0.00532500
0.00517590
0.00568740
0.00540830
0.00587090
0.00554480
0.00542460
0.00588950
0.00544970
0.00558330
0.00674170
0.00566140
0.00546000
0.00544030
0.00549620
0.00592390
0.00594300
0.00596590
0.00585830
0.00565670
0.00553110
0.00590170
0.00552080
0.00533680
0.00555380
0.00571090
0.00585680
0.00599130
0.00578030
0.00551820
0.00562260
0.00542210
0.00550420
0.00553270
0.00522400
0.00537440
0.00572000
0.00560140
0.00582940
0.00626830
0.00676880
0.00579410
0.00558580
0.00587690
0.00580540
0.00551470
0.00560160
0.00565410
0.00525410
0.00562000
0.00574700
0.00558560
0.00559960
0.00549310
0.00591000
0.00558750
0.00540910
0.00558940
0.00521520
0.00529620
0.00550260
0.00611030
0.00588670
0.00520410
0.00532400
0.00544710
0.00535090
0.00496600
0.00554850
0.00542820
0.00543000
0.00563500
0.00560560
0.00569320
0.00538410
0.00535770
0.00535810
