0.20602190
0.00537520
0.00540780
0.00548180
0.00518730
0.00538620
0.00516260
0.00509610
0.00519210
0.00508330
0.00510370
0.00525240
0.00526040
0.00544870
0.00529420
0.00556300
0.00539240
0.00535100
0.00551680
0.00541850
0.00510330
0.00507160
0.00499530
0.00462390
0.00461700
0.00494020
0.00505640
0.00504660
0.00522480
0.00513030
0.00517610
0.00503720
0.00518990
0.00528330
0.00508610
0.00523230
0.00535190
0.00527670
0.00514920
0.00509610
0.00539890
0.00532570
0.00531480
0.00516050
0.00541410
0.00538540
0.00509730
0.00488630
0.00530210
0.00528270
0.00494820
0.00506320
0.00487860
0.00512890
0.00518700
0.00488510
0.00491240
0.00512300
0.00489300
0.00494680
0.00457670
0.00467620
0.00507040
0.00447900
0.00467450
0.00438890
0.00458710
0.00453380
0.00469050
0.00485410
0.00462010
0.00457180
0.00507930
0.00530150
0.00539950
0.00525760
0.00482070
0.00467750
0.00448120
0.00449590
0.00434130
0.00434610
0.00435620
0.00446870
0.00467860
0.00468620
0.00467560
0.00488130
0.00479690
0.00485620
0.00489470
0.00542490
0.00487430
0.00457240
0.00461380
0.00485520
0.00438630
0.00465970
0.00452120
0.00441660
0.00501910
0.00500070
0.00494690
0.00468330
0.00481930
0.00489460
0.00496500
0.00470580
0.00456230
0.00464160
0.00486700
0.00475230
0.00486680
0.00470810
0.00472790
0.00489660
0.00512920
0.00483510
0.00491200
0.00469090
0.00495380
0.00498180
0.00491970
0.00467570
0.00481760
0.00498960
0.00474510
0.00467130
0.00441170
0.00422030
0.00473030
0.00440520
0.00476830
0.00479060
0.00493580
0.00489050
0.00462680
0.00443690
0.00421920
0.00424390
0.00424570
0.00437410
0.00460180
0.00452670
0.00472610
0.00450910
0.00441460
0.00459490
0.00467740
0.00468960
0.00489130
0.00466720
0.00440560
0.00436240
0.00426940
0.00438710
0.00460580
0.00453130
0.00487620
0.00467000
0.00446600
0.00425910
0.00491950
0.00466070
0.00483770
0.00449940
0.00467610
0.00504390
0.00463690
0.00448790
0.00479580
0.00468260
0.00480150
0.00471100
0.00452100
0.00462630
0.00459450
0.00458080
0.00487020
0.00450640
0.00456190
0.00468480
0.00438160
0.00497180
0.00481930
0.00457200
0.00456730
0.00457390
0.00455190
0.00450720
0.00455000
0.00447490
0.00460290
0.00465600
0.00483120
0.00470040
0.00450670
0.00449740
0.00488590
0.00457750
0.00435310
0.00422290
0.00432180
0.00445760
0.00442550
0.00459920
0.00450630
0.00448930
0.00458110
0.00456790
0.00478850
0.00455420
0.00517970
0.00465350
0.00502600
0.00446610
0.00469900
0.00472120
0.00469040
0.00487390
0.00469960
0.00467910
0.00428360
0.00420500
0.00436030
0.00498250
0.00521060
0.00496630
0.00450360
0.00465460
0.00451790
0.00480730
0.00444780
0.00446910
0.00429730
0.00424000
0.00451840
0.00422820
0.00461230
0.00532110
0.00474910
0.00446600
0.00470560
0.00477100
0.00453780
0.00468550
0.00483900
0.00474460
0.00493140
0.00462370
0.00458540
0.00467980
0.00456510
0.00450830
0.00437450
0.00459450
0.00502850
0.00451790
0.00440560
0.00440150
0.00455610
0.00490490
0.00468340
0.00459010
0.00457710
0.00445690
0.00458820
0.00445150
0.00429900
0.00455710
0.00459150
0.00472120
0.00474950
0.00463500
0.00477480
0.00465180
0.00437860
0.00465490
0.00453760
0.00485300
0.00480600
0.00489020
0.00437880
0.00469470
0.00460120
0.00487360
0.00487540
0.00474560
0.00483870
0.00451590
0.00473760
0.00503370
0.00446940
0.00450390
0.00439980
0.00474750
0.00453730
0.00470470
0.00462610
0.00471010
0.00443690
0.00444590
0.00439560
0.00468520
0.00468970
0.00447940
0.00479550
0.00457090
0.00467410
0.00469480
0.00481620
0.00468020
0.00451440
0.00464930
0.00442460
0.00455500
0.00420370
0.00461170
0.00460420
0.00464010
0.00478890
0.00467360
0.00469330
0.00462610
0.00433750
0.00424100
0.00427140
0.00453550
0.00416620
0.00429760
0.00424420
0.00425870
0.00424740
0.00484630
0.00445380
0.00466830
0.00483720
0.00469670
0.00444030
0.00424190
0.00420170
0.00455150
0.00432980
0.00464400
0.00448530
0.00433170
0.00414380
0.00448070
0.00461630
0.00483160
0.00430750
0.00462620
0.00492130
0.00442740
0.00437450
0.00430950
0.00439080
0.00461470
0.00441230
0.00419510
0.00408800
0.00454110
0.00449330
0.00438340
0.00446380
0.00455010
