0.21450610
0.00791930
0.00817200
0.00760030
0.00751360
0.00748870
0.00726680
0.00722850
0.00735900
0.00737760
0.00731160
0.00728500
0.00730120
0.00755310
0.00687370
0.00677340
0.00717650
0.00701960
0.00684150
0.00710260
0.00704170
0.00693740
0.00723460
0.00725160
0.00702710
0.00683110
0.00661350
0.00650740
0.00675400
0.00689920
0.00679770
0.00685150
0.00654650
0.00669570
0.00667160
0.00666940
0.00687810
0.00675790
0.00659270
0.00665900
0.00683760
0.00677460
0.00693670
0.00688060
0.00676040
0.00661350
0.00664610
0.00646000
0.00652770
0.00682400
0.00645570
0.00667360
0.00674530
0.00652580
0.00625650
0.00619980
0.00621720
0.00648400
0.00675430
0.00716520
0.00634170
0.00631720
0.00638090
0.00631700
0.00663590
0.00645730
0.00699210
0.00726230
0.00696480
0.00621530
0.00638090
0.00663510
0.00641210
0.00647930
0.00658000
0.00645370
0.00609820
0.00607920
0.00630870
0.00647170
0.00637810
0.00614180
0.00603910
0.00621310
0.00607290
0.00615000
0.00650830
0.00717370
0.00650950
0.00632140
0.00623530
0.00630650
0.00621100
0.00599350
0.00636970
0.00643740
0.00624350
0.00659650
0.00662130
0.00636350
0.00621780
0.00667690
0.00656580
0.00635980
0.00615980
0.00630770
0.00639580
0.00644240
0.00640240
0.00647500
0.00653220
0.00641660
0.00687670
0.00625120
0.00634550
0.00621970
0.00615200
0.00633420
0.00640310
0.00641840
0.00658440
0.00650320
0.00657990
0.00641490
0.00619960
0.00627230
0.00610190
0.00640860
0.00631320
0.00594450
0.00654350
0.00665310
0.00659470
0.00606300
0.00618280
0.00686700
0.00665000
0.00638830
0.00638290
0.00635860
0.00638550
0.00624180
0.00616610
0.00595240
0.00614010
0.00654890
0.00648320
0.00680840
0.00685480
0.00654520
0.00629750
0.00603940
0.00600720
0.00610730
0.00666090
0.00637110
0.00642030
0.00663450
0.00693740
0.00627760
0.00646650
0.00643810
0.00625200
0.00632570
0.00632180
0.00624610
0.00620860
0.00660720
0.00640350
0.00624920
0.00630960
0.00629600
0.00625610
0.00634910
0.00634440
0.00662310
0.00634970
0.00619120
0.00625990
0.00618050
0.00660940
0.00648000
0.00617120
0.00620240
0.00616040
0.00628680
0.00612410
0.00621370
0.00617600
0.00634950
0.00671420
0.00652470
0.00596480
0.00613170
0.00644010
0.00630320
0.00650280
0.00632340
0.00658020
0.00626370
0.00619330
0.00642510
0.00648610
0.00629520
0.00631480
0.00638580
0.00609660
0.00614660
0.00635150
0.00615740
0.00633580
0.00619930
0.00605580
0.00703980
0.00626910
0.00601420
0.00621580
0.00617310
0.00615870
0.00697940
0.00639890
0.00584510
0.00617140
0.00635820
0.00609620
0.00606030
0.00631900
0.00624670
0.00632250
0.00600130
0.00648890
0.00649470
0.00617110
0.00638330
0.00634630
0.00595500
0.00611040
0.00672290
0.00613490
0.00607430
0.00599510
0.00634100
0.00627570
0.00621760
0.00618310
0.00601170
0.00605810
0.00609050
0.00606490
0.00597890
0.00593680
0.00644510
0.00633930
0.00636910
0.00611760
0.00598540
0.00606100
0.00591800
0.00596960
0.00644900
0.00613530
0.00619310
0.00608480
0.00611230
0.00619130
0.00630630
0.00629350
0.00615350
0.00618080
0.00595180
0.00616080
0.00620890
0.00616700
0.00613960
0.00606400
0.00579730
0.00579080
0.00596690
0.00588310
0.00606590
0.00638120
0.00613280
0.00593590
0.00622760
0.00619000
0.00619110
0.00583510
0.00592790
0.00615100
0.00618320
0.00606110
0.00623980
0.00614110
0.00635790
0.00628880
0.00621100
0.00624190
0.00623450
0.00620320
0.00633220
0.00607590
0.00612120
0.00636140
0.00598540
0.00589570
0.00614620
0.00603790
0.00589190
0.00637560
0.00641070
0.00665100
0.00661360
0.00622880
0.00616750
0.00631200
0.00614490
0.00577000
0.00590810
0.00636600
0.00621240
0.00593260
0.00606310
0.00623770
0.00623120
0.00609630
0.00612140
0.00579340
0.00589980
0.00635360
0.00627650
0.00624130
0.00620620
0.00624250
0.00611350
0.00623330
0.00624940
0.00704350
0.00687330
0.00692110
0.00684210
0.00710490
0.00661870
0.00744520
0.00714360
0.00656510
0.00666720
0.00690090
0.00720820
0.00704060
0.00706530
0.00718190
0.00735290
0.00665330
0.00726240
0.00661150
0.00655670
0.00695730
0.00662700
0.00728820
0.00702960
0.00685060
0.00674520
0.00665460
0.00651060
0.00655330
0.00701910
0.00663290
0.00658740
0.00685320
0.00649640
0.00650190
0.00649050
0.00711880
0.00666560
0.00673390
0.00678570
0.00680380
0.00688230
0.00688120
0.00683420
0.00708220
0.00690780
0.00685310
0.00711510
0.00683640
0.00707200
0.00707200
0.00696480
0.00672170
0.00644690
0.00674060
0.00657350
0.00630940
0.00662110
0.00650660
0.00777460
0.00655420
0.00666990
0.00632780
0.00630930
0.00695250
0.00708930
0.00702050
0.00660570
0.00707210
0.00701020
0.00684230
0.00683600
0.00682500
0.00747910
0.00722310
0.00685700
0.00710500
0.00688630
0.00780710
0.00722830
0.00719050
0.00718680
0.00724060
0.00698270
0.00696470
0.00676580
0.00735130
0.00750380
0.00701580
0.00693930
0.00717940
0.00728420
0.00716940
0.00712510
0.00731370
0.00737750
0.00752500
0.00718410
0.00733510
0.00701580
0.00699010
0.00699240
0.00735540
0.00760050
0.00741760
0.00714030
0.00706350
0.00719200
0.00721880
0.00729820
0.00680670
0.00751410
0.00706810
0.00726280
0.00727530
0.00737630
0.00735440
0.00682920
0.00705350
0.00735960
0.00706730
0.00729840
0.00716700
0.00702870
0.00689130
0.00728860
0.00703910
0.00744170
0.00713680
