0.27147420
0.00935050
0.00877010
0.01360710
0.00798180
0.00794900
0.01155800
0.00789370
0.01601240
0.00974430
0.00999150
0.01047650
0.00778140
0.00751970
0.00781200
0.00733800
0.00717550
0.00693140
0.00681930
0.00689110
0.00733430
0.00628040
0.00643260
0.00671500
0.00670160
0.00771070
0.00726640
0.00668160
0.00736010
0.00672890
0.00717650
0.00702510
0.00656430
0.00624220
0.00603150
0.00675460
0.00655940
0.00609990
0.00613000
0.00606840
0.00600330
0.00607410
0.00577280
0.00589480
0.00565420
0.00554890
0.00551210
0.24839340
0.00561220
0.00509850
0.00550770
0.00527350
0.00553150
0.00567090
0.00592800
0.00579170
0.00622670
0.00514940
0.00524680
0.00560280
0.00645330
0.00600480
0.00579460
0.00627310
0.00593250
0.00602370
0.00655080
0.00588460
0.00581740
0.00637480
0.00570000
0.00586430
0.00536810
0.00538180
0.00533630
0.00522210
0.00534590
0.00536950
0.00574360
0.00517720
0.00513420
0.00556600
0.00493100
0.00621450
0.00525280
0.00533840
0.00524410
0.00600360
0.00596180
0.00726710
0.00692260
0.00609820
0.00574270
0.00560130
0.00548580
0.00700250
0.00575630
0.00530150
0.00528790
0.00474740
0.00497570
0.00511740
0.00521280
0.00587310
0.00512060
0.00524530
0.00506430
0.00506280
0.00564770
0.00531500
0.00537330
0.00633620
0.00621040
0.00692300
0.00626580
0.00554370
0.00567110
0.00483050
0.00545050
0.00509750
0.00549160
0.00549620
0.00509140
0.00509730
0.00518030
0.00491390
0.00476260
0.00466550
0.00473080
0.01367050
0.00530910
0.00573100
0.00544100
0.00567130
0.00688510
0.00641490
0.00543140
0.00571810
0.00572280
0.00544380
0.00496580
0.00497550
0.00514400
0.00511570
0.00760250
0.00505930
0.00520770
0.00528080
0.00535610
0.00507750
0.00751210
0.00527500
0.00529490
0.00531060
0.00527690
0.00560460
0.00524640
0.00528820
0.00543670
0.00576150
0.00668480
0.00602490
0.00619730
0.00555410
0.00540590
0.00549270
0.00546080
0.00537960
0.00540590
0.00597890
0.00511880
0.00555000
0.00571550
0.00543410
0.00569910
0.00546460
0.00534880
0.00513880
0.00559920
0.00549810
0.00543820
0.00511000
0.00520980
0.00486140
0.00534040
0.00518180
0.00609420
0.00538160
0.00564130
0.00544130
0.00642460
0.00592580
0.00584940
0.00519940
0.00605570
0.00519790
0.00495410
0.00513060
0.00448330
0.00513050
0.00520820
0.00579630
0.00522270
0.00535590
0.00472150
0.00512260
0.00570920
0.00530280
0.00528890
0.00513630
0.00519800
0.00551610
0.00576010
0.00603810
0.00603710
0.00597470
0.00631140
0.00549930
0.00502360
0.00459450
0.00476610
0.00500450
0.00653250
0.00637030
0.00492450
0.00615240
0.00551850
0.00704240
0.00609460
0.00626670
0.00603520
0.00516960
0.00571230
0.00748790
0.00626260
0.00588940
0.00553830
0.00613670
0.01636860
0.00548150
0.00505380
0.00494590
0.00499670
0.00458000
0.00497110
0.00498690
0.00478690
0.00486430
0.00501420
0.00500010
0.00528670
0.00483020
0.00523460
0.00664670
0.00645910
0.00469380
0.00614640
0.00660660
0.00509040
0.00666860
0.00532010
0.00528580
0.00567780
0.00473240
0.00512900
0.00490620
0.00506690
0.00502300
0.00698050
0.00508550
0.00495950
0.00627140
0.00520010
0.00648270
0.00486700
0.00525390
0.00561670
0.00532470
0.00563320
0.00516950
0.00554200
0.00480770
0.00519330
0.00486250
0.00503540
0.00495370
0.00489740
0.00709850
0.00599560
0.00539520
0.00548010
0.00503870
0.00530030
0.00546350
0.00532150
0.00545070
0.00504820
0.00635810
0.00554630
0.00511680
0.00521260
0.00636170
0.00561610
0.00581110
0.00557760
0.00523000
0.00543000
0.00516400
0.00529120
0.00559760
0.00548060
0.00542100
0.00499080
0.00459930
0.00470800
0.00548580
0.00533940
0.00537940
0.00546020
0.00540570
0.00539620
0.00567160
0.00542530
0.00506810
0.00525420
0.00604090
