1
416.78,195.79,67.27,116.22
415.64,195.79,66.81,118.23
416.43,193.77,66.20,120.12
415.49,192.58,66.11,121.59
415.56,193.43,66.05,121.79
416.82,192.44,65.75,122.37
417.76,192.04,65.56,122.89
418.06,191.44,65.37,123.74
418.88,191.74,65.19,124.06
420.14,190.34,65.04,124.56
419.83,190.08,65.16,125.43
419.85,189.85,65.05,126.27
420.17,190.15,65.40,126.14
420.81,190.65,65.49,126.23
420.45,191.45,65.60,126.63
420.36,191.90,65.62,126.85
419.96,193.19,65.63,127.22
419.99,193.87,65.50,127.28
420.35,194.10,65.60,127.11
420.47,195.05,65.67,126.49
421.28,195.66,66.20,125.09
422.16,195.58,66.19,124.56
421.80,196.14,66.40,124.65
422.24,196.19,66.16,124.53
422.05,196.04,66.29,124.26
422.08,195.43,66.28,123.91
421.74,196.89,66.30,123.95
421.88,195.50,66.37,123.48
421.74,196.64,66.24,123.14
422.91,195.86,65.93,122.84
423.33,195.60,65.72,122.93
423.48,195.13,65.76,122.88
423.42,195.47,65.78,123.02
423.81,194.97,65.70,123.23
424.38,194.86,65.87,123.30
425.02,194.47,65.67,122.93
425.00,195.42,65.87,122.70
425.73,195.16,65.81,122.52
426.11,194.77,65.92,122.73
426.29,193.37,66.06,122.66
426.09,194.81,66.41,122.26
426.54,194.21,66.37,122.69
427.18,192.80,66.30,122.90
426.67,194.20,66.76,122.67
427.38,193.43,66.62,122.83
427.16,194.34,66.52,122.88
428.16,193.60,66.10,122.73
428.22,194.48,66.08,122.72
429.20,193.63,66.06,122.16
430.69,193.47,65.97,122.07
431.26,192.80,66.12,121.62
431.59,193.38,66.33,121.37
432.60,192.99,66.41,120.97
433.52,192.08,66.40,121.25
434.79,191.16,66.55,121.46
435.85,190.25,66.24,122.20
437.28,189.04,65.60,123.41
438.06,188.22,65.14,124.23
438.52,186.86,64.19,125.44
439.18,183.85,63.22,126.36
439.57,181.22,62.21,127.20
440.53,178.37,61.26,129.22
441.33,177.73,60.11,131.01
443.51,176.84,59.30,129.75
445.99,177.32,58.34,128.02
448.96,178.73,57.31,127.17
451.80,182.68,56.76,125.39
454.70,186.19,56.95,123.65
456.38,190.95,57.19,121.53
465.83,194.75,56.00,121.07
463.64,199.23,55.59,120.00
470.54,201.97,55.63,118.35
477.15,201.95,54.93,118.55
473.82,203.47,54.82,118.53
481.14,201.60,55.28,118.03
488.99,200.23,55.59,117.39
485.23,201.24,54.73,117.06
480.76,204.98,53.69,116.42
475.56,209.24,54.56,114.08
473.38,213.91,54.22,112.40
474.41,213.56,53.92,111.97
475.85,212.80,53.88,112.01
476.86,211.26,53.37,112.19
477.82,209.92,52.51,112.18
477.70,209.58,51.77,112.14
483.42,208.37,51.54,112.25
487.40,207.12,52.07,112.24
483.25,205.51,50.93,114.49
487.58,205.93,51.66,115.06
482.04,207.94,51.82,116.71
479.58,207.74,52.36,118.59
476.93,209.69,51.73,120.36
475.11,211.41,51.05,121.67
474.11,213.37,50.66,121.61
481.58,213.57,51.35,120.83
477.87,216.53,51.38,119.79
476.95,216.78,52.90,117.92
476.75,218.90,53.81,116.39
476.68,219.89,54.38,114.80
476.86,221.04,54.80,113.51
477.39,222.11,55.16,111.94
478.60,221.93,55.44,111.27
479.67,221.25,55.95,110.43
487.97,219.66,58.12,109.47
488.21,217.69,59.35,109.77
489.77,214.00,60.62,111.74
491.70,210.68,60.88,114.31
501.40,212.53,60.80,116.07
507.88,214.61,60.32,117.74
511.07,217.93,59.37,117.74
514.05,216.92,58.19,117.66
511.29,215.59,60.45,116.38
511.04,215.42,62.67,115.68
512.14,220.83,64.23,113.51
517.10,218.87,62.01,113.18
520.53,215.67,60.95,113.32
523.95,215.20,60.18,112.35
517.53,218.46,58.48,112.77
521.10,218.48,57.78,112.54
524.32,218.03,57.83,111.89
519.08,220.59,56.09,111.94
522.30,220.05,56.17,110.75
525.83,220.44,56.59,109.54
522.29,222.95,55.63,109.65
521.56,224.26,54.34,110.60
523.17,223.60,53.86,112.06
524.41,221.91,54.23,112.80
524.58,221.64,55.13,112.50
522.82,220.73,55.77,111.99
521.53,220.36,55.70,112.04
521.12,218.24,55.12,113.35
520.26,215.76,54.40,115.29
518.86,213.94,53.92,118.03
517.51,217.38,53.72,120.11
516.22,215.16,53.46,123.08
515.41,219.10,53.46,123.70
514.09,217.99,53.80,124.18
513.08,217.37,53.81,124.61
512.48,217.98,53.86,124.46
513.52,222.84,53.98,122.39
520.09,222.19,55.58,120.28
519.20,222.22,55.35,119.63
520.14,227.02,55.32,117.27
526.62,227.13,57.07,114.26
525.26,228.48,58.25,112.08
524.97,233.70,59.38,109.27
531.56,234.89,61.87,106.22
533.51,238.05,67.38,101.03
534.10,240.95,73.06,96.23
535.26,243.57,78.35,92.36
535.97,245.92,83.47,89.21
538.06,249.06,88.73,86.74
538.66,253.28,93.21,84.54
546.92,255.50,96.46,83.35
541.73,261.12,98.17,81.66
537.43,265.61,99.03,79.92
532.36,269.80,99.23,78.11
528.48,273.21,100.53,76.40
524.20,274.47,102.04,75.34
521.43,274.18,103.08,74.08
518.83,274.18,104.12,73.22
515.81,271.30,105.37,73.01
515.89,265.30,105.93,73.53
513.34,259.43,107.03,75.20
510.28,256.58,108.54,75.97
506.60,254.45,108.70,77.11
501.11,252.53,109.08,78.55
496.73,248.74,108.84,80.99
493.76,247.44,108.49,82.97
498.02,244.34,106.91,85.63
492.89,242.29,105.82,88.27
488.29,240.38,102.91,90.39
487.93,239.48,98.88,92.04
491.86,240.96,97.73,91.05
485.12,238.51,96.07,91.62
479.25,238.36,95.68,91.30
471.63,237.13,97.34,90.71
463.43,236.02,98.73,90.47
455.93,233.87,99.41,89.74
450.18,233.83,98.01,89.25
448.65,233.46,96.93,89.36
443.08,233.40,96.02,89.19
438.33,232.32,94.50,89.27
435.80,229.62,93.05,89.76
432.89,227.99,92.14,90.14
431.00,225.57,91.29,91.35
431.83,225.87,91.34,91.56
429.94,226.67,91.20,91.68
431.12,221.69,91.04,92.26
430.47,218.57,90.13,93.69
430.83,216.75,88.94,94.84
427.96,215.21,89.36,96.26
424.21,213.31,90.14,97.99
421.42,213.69,90.23,99.36
421.26,213.21,89.91,100.72
421.76,220.41,90.34,100.46
421.33,217.23,90.40,100.91
422.89,217.12,90.05,101.12
423.08,216.65,89.95,100.51
423.22,214.77,89.91,100.65
423.96,213.03,90.48,101.43
424.63,211.83,91.69,102.49
424.19,210.68,92.76,103.46
424.62,210.10,93.76,104.61
425.78,209.38,94.98,105.74
425.88,207.24,96.53,106.96
426.92,205.46,98.33,108.34
429.61,203.48,99.54,109.82
431.23,201.92,100.40,110.95
431.26,202.09,100.93,111.48
430.17,204.04,101.81,110.94
428.54,206.76,102.20,109.40
427.68,208.63,103.17,107.51
428.07,208.31,103.75,105.65
428.28,208.77,103.66,104.30
428.61,208.99,104.01,102.37
427.49,208.34,104.57,100.56
427.00,209.11,104.42,99.35
425.29,209.26,105.29,97.49
423.88,210.73,105.84,95.59
423.02,210.02,107.10,94.05
421.12,211.31,108.36,92.73
420.07,210.18,109.05,91.91
419.03,209.59,108.90,91.46
418.00,208.13,108.15,91.43
415.07,207.71,106.89,91.91
413.51,213.35,106.62,90.19
413.09,210.18,105.05,90.10
410.42,207.43,103.31,91.31
408.31,203.42,101.21,93.04
406.21,210.17,99.58,92.52
403.51,208.58,98.32,92.56
400.60,207.54,97.59,92.78
398.72,207.79,96.20,93.11
396.81,208.09,95.32,92.03
393.73,208.32,93.13,91.09
386.37,208.50,89.40,90.99
381.40,207.34,86.43,91.17
378.37,208.05,84.60,90.79
376.15,208.08,83.82,90.57
371.65,207.82,85.00,90.01
368.19,208.60,86.24,89.28
365.91,210.32,87.36,88.16
364.53,211.85,89.01,87.67
362.29,215.60,90.64,85.69
357.80,218.27,92.81,83.36
356.55,220.33,92.81,81.45
355.18,222.93,91.32,80.09
354.72,232.63,90.58,77.59
355.45,237.91,88.84,75.99
361.49,239.65,87.81,75.32
358.33,238.06,86.24,75.32
357.40,235.47,84.31,76.08
357.40,232.40,83.00,77.16
358.96,228.05,82.41,78.74
359.35,221.43,83.14,81.33
357.67,218.75,83.79,83.52
355.34,215.46,85.20,84.77
354.34,211.13,86.01,86.20
351.90,207.79,85.98,88.39
348.92,207.32,86.38,91.13
342.23,201.13,87.37,94.12
337.83,197.26,86.22,97.14
336.28,195.07,84.13,99.28
336.67,191.28,81.59,101.97
338.79,194.84,79.84,103.95
340.08,195.59,78.50,104.70
337.73,195.77,78.23,106.35
336.49,195.99,78.28,107.26
334.03,197.18,78.70,107.23
331.81,199.22,79.52,109.10
330.43,197.37,79.97,110.23
331.17,196.72,79.61,111.93
329.94,196.87,78.91,111.14
329.40,196.64,78.80,111.14
324.28,197.98,80.75,111.23
321.49,193.37,79.49,115.16
316.93,196.69,80.76,116.87
312.39,195.48,82.86,117.77
316.68,194.95,83.51,117.72
309.37,196.31,84.43,118.62
301.95,198.04,83.94,119.27
293.16,199.54,81.88,119.12
280.82,200.52,80.64,115.07
279.11,203.55,79.98,110.44
274.12,206.92,76.99,109.40
270.91,209.48,75.03,108.30
269.37,210.60,72.82,106.87
267.46,210.81,70.35,105.08
263.14,213.17,67.97,103.42
257.95,215.25,65.98,102.04
243.35,212.52,64.70,99.75
239.71,214.82,63.19,97.50
237.92,214.42,62.45,95.53
236.32,215.65,61.99,93.99
235.67,215.80,62.02,92.60
234.62,216.16,62.58,91.56
233.14,216.82,63.14,91.21
232.35,217.10,62.49,91.54
231.94,217.50,61.59,91.94
232.65,217.19,59.87,93.27
234.17,214.84,58.63,94.81
235.37,212.28,58.00,96.87
236.00,214.13,58.11,96.74
236.67,208.73,58.46,97.81
237.22,205.20,58.46,98.88
237.62,201.56,58.25,99.92
236.99,199.03,58.14,100.76
235.40,195.95,57.85,101.38
235.08,193.96,56.95,102.50
234.42,190.42,56.25,103.31
234.06,188.58,55.67,104.59
233.53,186.31,55.06,105.37
232.37,192.71,54.87,105.59
231.97,190.46,54.65,105.41
230.96,189.17,54.76,105.68
229.28,187.95,54.60,106.88
227.66,184.93,54.20,109.69
226.02,181.75,54.49,112.28
225.08,177.42,55.22,114.52
224.31,171.59,56.32,116.78
222.39,167.25,58.08,118.42
227.72,166.60,59.60,121.29
222.79,162.39,59.79,125.38
225.78,158.16,59.53,128.11
222.33,155.86,58.94,132.94
217.64,154.83,58.36,137.22
213.44,155.15,58.54,139.92
209.87,143.98,59.74,141.80
215.32,144.49,59.77,143.09
222.61,142.55,56.85,148.44
227.42,141.92,54.82,152.23
231.51,153.55,53.31,152.38
224.95,141.86,52.34,154.05
188.50,103.14,60.29,146.29
179.94,94.81,62.59,143.58
174.70,97.73,63.38,141.46
169.25,95.86,64.05,140.34
187.95,98.96,64.77,139.38
2
0
0
0
0
1
220.21,86.69,54.23,178.45
217.95,88.95,53.75,175.96
222.14,86.48,53.79,174.90
219.28,89.83,54.14,172.26
218.72,93.46,55.15,169.09
224.47,99.32,55.07,168.13
221.55,99.44,55.60,166.27
219.76,105.76,55.74,164.41
219.26,109.81,55.90,163.40
227.82,106.82,56.62,161.89
223.25,107.55,58.20,161.12
219.24,115.43,58.60,161.76
225.38,116.91,61.46,163.04
219.69,120.88,61.51,164.93
226.32,122.44,62.71,162.44
190.54,86.30,64.52,161.08
180.85,86.40,64.53,157.90
173.34,87.38,64.92,156.23
178.38,87.22,64.55,155.59
171.25,89.08,63.92,155.05
176.26,88.62,63.34,153.96
169.54,91.52,62.91,151.99
175.19,91.06,62.55,149.38
168.08,92.38,62.46,146.75
174.74,93.59,61.99,144.31
195.32,98.07,63.00,142.81
207.10,104.42,61.44,141.10
205.06,105.48,60.42,139.33
204.72,101.56,58.77,137.99
202.73,100.14,59.20,135.68
200.93,99.06,59.20,135.74
200.33,97.57,59.29,136.63
199.27,96.81,59.70,138.27
198.65,95.43,59.43,141.02
197.93,94.46,59.14,143.10
196.30,94.48,59.12,144.59
207.83,96.21,59.33,146.67
206.00,96.95,60.50,148.87
204.39,95.43,62.20,149.91
202.31,96.76,63.51,150.63
211.95,94.45,64.73,152.14
210.64,92.57,64.53,154.72
208.84,89.93,64.44,155.43
221.13,86.38,64.42,157.32
232.54,85.66,63.85,157.56
244.15,84.27,62.89,158.72
241.05,87.10,62.43,157.28
249.56,88.63,63.70,156.40
257.08,87.91,63.58,156.65
252.29,90.57,63.63,153.90
249.75,93.27,63.61,152.72
258.19,95.34,62.83,153.80
255.40,96.88,63.87,154.45
252.66,98.21,65.18,153.60
251.40,98.65,63.94,154.47
262.74,101.29,63.64,155.58
260.38,102.84,63.22,157.10
257.19,101.75,63.41,157.71
254.80,101.56,62.14,158.85
253.17,102.14,60.80,159.99
263.08,101.94,60.15,162.81
260.51,103.52,59.96,164.26
258.69,103.12,59.44,164.03
256.87,103.59,58.79,163.11
255.40,103.77,58.10,162.47
254.33,103.73,57.71,162.03
253.28,103.33,57.47,161.15
251.79,101.90,57.43,161.09
249.68,103.53,57.15,160.80
247.04,104.46,56.91,160.83
244.53,103.90,56.41,160.15
252.45,105.17,57.14,161.83
247.57,103.10,56.74,164.63
244.55,103.30,56.28,162.69
242.68,106.26,55.89,160.87
241.04,108.99,55.56,159.38
239.42,110.41,54.81,158.78
237.19,111.53,54.10,157.73
235.63,111.09,53.54,156.51
234.45,112.54,52.85,154.57
233.52,114.03,51.73,153.53
242.84,113.39,51.09,153.77
240.16,116.14,50.18,152.60
236.98,115.75,49.71,152.71
233.81,113.75,49.45,153.44
230.38,114.52,49.57,154.03
228.15,114.82,49.58,153.41
226.96,114.38,49.40,152.28
225.50,115.47,49.07,151.77
233.08,112.64,49.26,153.59
229.53,111.96,49.78,154.03
227.62,113.49,50.13,152.75
223.60,116.19,50.93,151.10
230.34,116.69,51.87,150.81
226.57,117.48,52.75,148.77
224.89,118.19,53.01,147.01
232.58,119.95,52.77,146.88
228.42,117.61,52.65,148.85
225.38,112.66,52.24,150.16
232.68,111.53,52.66,151.73
238.99,113.84,53.59,154.08
232.45,116.39,53.95,155.51
227.62,115.33,54.16,157.14
233.31,116.98,54.26,158.23
225.84,113.72,54.67,158.93
220.56,110.76,54.68,158.90
217.25,108.44,54.67,159.60
213.52,106.81,55.24,161.16
220.25,109.02,56.52,162.36
212.89,116.43,57.48,162.44
206.45,109.04,58.51,164.01
199.48,112.01,59.29,165.99
204.21,107.45,60.47,168.34
197.12,112.25,61.56,169.22
202.56,108.92,62.04,170.70
197.28,105.52,62.30,172.50
192.73,103.31,62.50,172.92
199.52,102.04,63.04,172.63
195.36,101.59,62.85,173.29
