0.21278430
0.00910070
0.00897190
0.00858420
0.00874550
0.00908990
0.00930350
0.00898820
0.00879800
0.00863150
0.00859690
0.00829280
0.00832440
0.00827500
0.00859500
0.00873140
0.00884000
0.00870680
0.00843210
0.00845850
0.00840170
0.00854260
0.00848080
0.00871370
0.00872320
0.00850340
0.00691540
0.00726670
0.00725120
0.00747230
0.00747030
0.00764850
0.00730980
0.00722060
0.00739060
0.00706350
0.00690510
0.00703130
0.00744630
0.00820820
0.00717860
0.00698250
0.00691800
0.00690830
0.00674130
0.00679300
0.00690860
0.00710330
0.00706230
0.00710120
0.00750290
0.00685820
0.00677870
0.00671830
0.00678320
0.00678290
0.00681650
0.00703910
0.00700660
0.00698310
0.00625690
0.00620920
0.00639500
0.00663010
0.00720790
0.00715370
0.00696050
0.00698300
0.00668580
0.00642800
0.00669190
0.00650150
0.00645000
0.00632810
0.00634660
0.00644670
0.00659550
0.00669320
0.00672000
0.00645960
0.00650240
0.00695630
0.00680690
0.00624250
0.00646030
0.00662250
0.00645030
0.00624510
0.00619380
0.00628810
0.00641390
0.00645540
0.00639270
0.00643030
0.00667510
0.00619590
0.00652070
0.00606270
0.00602790
0.00639600
0.00627830
0.00599780
0.00650290
0.00625160
0.00635260
0.00615870
0.00622170
0.00607310
0.00598210
0.00662880
0.00652240
0.00629860
0.00640410
0.00625440
0.00645840
0.00618260
0.00628800
0.00612450
0.00603150
0.00624880
0.00590540
0.00587510
0.00605830
0.00608550
0.00608890
0.00634080
0.00640040
0.00613600
0.00617910
0.00607920
0.00594060
0.00598720
0.00609530
0.00608500
0.00606500
0.00591210
0.00595190
0.00633170
0.00615300
0.00600230
0.00598520
0.00574050
0.00612100
0.00637060
0.00620800
0.00588980
0.00619010
0.00613070
0.00602470
0.00608400
0.00589440
0.00591930
0.00642100
0.00627550
0.00640700
0.00619090
0.00648760
0.00670800
0.00592010
0.00613540
0.00629080
0.00651930
0.00628230
0.00631410
0.00643810
0.00619050
0.00597290
0.00597350
0.00595780
0.00585410
0.00589280
0.00614880
0.00650310
0.00626480
0.00640880
0.00616280
0.00590170
0.00612450
0.00584580
0.00601250
0.00617010
0.00599950
0.00580760
0.00608890
0.00629710
0.00592910
0.00587910
0.00590280
0.00619650
0.00602350
0.00598030
0.00570030
0.00577190
0.00596660
0.00609260
0.00651130
0.00590180
0.00598240
0.00614560
0.00614710
0.00610520
0.00593110
0.00623490
0.00609660
0.00620330
0.00631130
0.00627350
0.00613290
0.00633660
0.00605260
0.00617640
0.00613020
0.00616870
0.00626120
0.00635470
0.00618070
0.00604940
0.00605950
0.00737960
0.00617990
0.00606940
0.00612280
0.00598120
0.00602970
0.00622560
0.00621190
0.00608700
0.00628770
0.00617050
0.00609800
0.00624290
0.00624750
0.00639700
0.00627850
0.00628500
0.00612370
0.00610960
0.00619680
0.00577150
0.00607050
0.00612510
0.00634880
0.00642250
0.00626700
0.00621300
0.00629260
0.00616820
0.00623610
0.00626720
0.00617630
0.00621330
0.00616750
0.00637400
0.00667830
0.00605830
0.00618590
0.00599940
0.00606300
0.00580660
0.00618770
0.00603090
0.00630480
0.00639630
0.00701980
0.00606760
0.00591960
0.00581530
0.00607760
0.00612400
0.00606550
0.00617360
0.00592510
0.00638910
0.00650750
0.00638430
0.00626660
0.00589290
0.00606620
0.00629200
0.00633450
0.00643150
0.00612830
0.00633900
0.00614490
0.00632250
0.00621370
0.00598920
0.00580680
0.00584420
0.00639190
0.00630520
0.00639750
0.00647810
0.00622760
0.00651590
0.00622970
0.00617440
0.00604830
0.00613690
0.00634660
0.00629060
0.00609420
0.00616660
0.00610050
0.00609260
0.00615990
0.00631060
0.00587870
0.00653320
0.00611200
0.00623570
0.00607020
0.00589620
0.00580410
0.00596480
0.00637870
0.00618410
0.00616260
0.00636340
0.00630530
0.00613950
0.00574830
0.00576110
0.00626240
0.00615970
0.00600540
0.00581800
0.00588070
0.00591410
0.00642310
0.00621700
0.00583500
0.00573040
0.00583030
0.00614060
0.00594780
0.00671100
0.00671660
0.00724880
0.00718740
0.00687060
0.00000000
0.00000000
0.00000000
0.00000000
0.21756150
0.00752860
0.00718950
0.00710360
0.00723660
0.00671620
0.00721500
0.00719730
0.00708760
0.00699300
0.00656440
0.00702910
0.00722350
0.00703760
0.00708580
0.00704420
0.00696580
0.00729720
0.00726670
0.00716940
0.00692350
0.00732840
0.00694960
0.00720180
0.00714790
0.00778880
0.00684940
0.00667680
0.00675330
0.00659700
0.00677130
0.00679990
0.00668230
0.00691020
0.00708710
0.00684280
0.00806340
0.00725130
0.00702930
0.00719400
0.00724930
0.00746080
0.00698330
0.00709500
0.00736060
0.00712410
0.00676190
0.00712910
0.00709240
0.00690710
0.00687580
0.00729190
0.00713830
0.00720200
0.00726490
0.00734780
0.00731680
0.00735420
0.00721210
0.00714170
0.00760360
0.00750260
0.00734620
0.00769620
0.00751040
0.00727400
0.00675030
0.00679450
0.00686990
0.00719970
0.00725850
0.00691910
0.00761070
0.00675800
0.00674790
0.00689970
0.00715550
0.00774740
0.00716910
0.00674040
0.00684630
0.00717810
0.00682250
0.00675320
0.00687370
0.00710430
0.00710470
0.00699230
0.00707000
0.00701640
0.00732770
0.00718550
0.00701160
0.00681190
0.00666310
0.00681080
0.00735780
0.00737010
0.00733510
0.00712220
0.00694070
0.00720010
0.00722520
0.00705030
0.00693700
0.00728340
0.00695110
0.00697800
0.00703640
0.00740140
0.00744080
0.00731780
0.00742990
0.00733320
0.00728180
0.00712300
0.00713100
0.00681710
0.00743750
0.00758920
