0.22610100
0.00688510
0.00741150
0.00707260
0.00716900
0.00756620
0.00713390
0.00708510
0.00703180
0.00745290
0.00696990
0.23836980
0.00692920
0.00680220
0.00732750
0.00731680
0.00713040
0.00704460
0.00708100
0.00689610
0.00747060
0.00735130
0.00791910
0.00733870
0.00709180
0.00706010
0.00695460
0.00667190
0.00705260
0.00719940
0.00670290
0.00544620
0.00535420
0.00572250
0.00578900
0.00563040
0.21880730
0.22374040
0.23297010
0.00543570
0.00548760
0.00598720
0.22392050
0.00545510
0.00522580
0.00534160
0.00542600
0.00598030
0.00577210
0.00605450
0.00592020
0.00602180
0.00618200
0.00566150
0.00593320
0.00512150
0.00508500
0.00549610
0.00549250
0.00522920
0.00532530
0.00572910
0.00565930
0.00554330
0.00521380
0.00536670
0.00492050
0.00513630
0.00556240
0.00549350
0.00484950
0.00544260
0.00512300
0.00497020
0.00506380
0.00498710
0.00544210
0.00521740
0.00457050
0.22535000
0.21453440
0.21481530
0.30611800
0.23308690
0.22588790
0.21890570
0.21971410
0.22793680
0.00802140
0.00802800
0.00784160
0.00810260
0.00791560
0.00787850
0.00783560
0.00806380
0.00671010
0.00656370
0.00628830
0.00632560
