0.24960170
0.00733970
0.00691200
0.00695430
0.00836720
0.00712280
0.00702940
0.00702830
0.00698020
0.00743160
0.00756920
0.00678030
0.00640820
0.00641520
0.00629680
0.00636180
0.00629310
0.00609960
0.00622500
0.00613740
0.00575810
0.00597710
0.00625510
0.00606760
0.00587870
0.00543950
0.00646060
0.00697030
0.00498390
0.00465170
0.00539090
0.00525150
0.00506740
0.00519500
0.00516060
0.00502050
0.00501820
0.00523630
0.00531760
0.00533430
0.00510540
0.00626310
0.00468360
0.00489910
0.00507580
0.00490810
0.00470300
0.00496180
0.00450610
0.00688480
0.00478520
0.00501490
0.00505960
0.00539940
0.00495200
0.00485110
0.00490110
0.00486940
0.00463600
0.00475850
0.00473350
0.00438190
0.00441930
0.00498550
0.00479110
0.00439510
0.00442290
0.00472680
0.00467710
0.00467960
0.00471100
0.00492990
0.00532570
0.00447920
0.00471830
0.00469930
0.00447130
0.27043560
0.00488090
0.00432980
0.00449140
0.00458190
0.00445080
0.00490920
0.00449540
0.00580950
0.00495580
0.00461250
0.00473850
0.00619610
0.00704760
0.00612190
0.00514040
0.00480060
0.00503820
0.00451150
0.00501650
0.00460400
0.00481380
0.00449350
0.00470650
0.00448800
0.00502160
0.00617500
0.00475230
0.00604340
0.00474220
0.00465150
0.00474270
0.00466010
0.00456770
0.00480210
0.00453490
0.00467900
0.00476180
0.00525860
0.00458980
0.00512490
0.00472040
0.00539710
0.00536340
0.00502410
0.00467800
0.00457220
0.00492710
0.00442500
0.00461570
0.00587520
0.00504740
0.00463580
0.00489660
0.00454920
0.00600880
0.00456110
0.00458430
0.00477810
0.00462720
0.00496880
0.00465060
0.00488730
0.00705890
0.00457520
0.00607320
0.00479990
0.00650640
0.00498420
0.00510280
0.00431330
0.00463300
0.00489030
0.00450570
0.00477230
0.00554550
0.00568160
0.00798310
0.00606420
0.00582170
0.00570570
0.00498500
0.00661300
0.00528800
0.00526600
0.00492370
0.00500400
0.00472100
0.00499430
0.00548210
0.00478100
0.00453030
0.00468410
0.00467630
0.00525580
0.00498940
0.00534520
0.00444420
0.00471520
0.00451690
0.00525140
0.00504310
0.00458290
0.00473070
0.00456570
0.00540970
0.00473640
0.00534780
0.00502050
0.00543260
0.00606540
0.00442940
0.00441840
0.00478760
0.00475240
0.00460830
0.00485130
0.00535770
0.00487740
0.00496140
0.00477040
0.00559400
0.00453330
0.00458520
0.00463830
0.00503310
0.00455760
0.00454560
0.00474580
0.00447280
0.00663780
0.00468920
0.00482950
0.00508510
0.00472900
0.00479760
0.00464230
0.00476800
0.00473530
0.00472610
0.00443490
0.00437170
0.00656830
0.00616030
0.00476550
0.00577760
0.00553140
0.00550310
0.00490490
0.00545060
0.00526500
0.00464500
0.00442460
0.00471290
0.00433580
0.00443650
0.00463950
0.00800580
0.00495310
0.00515120
0.00463760
0.00456780
0.00557450
0.00580310
0.00565230
0.00489780
0.00468380
0.00457140
0.00472800
0.00444090
0.00461640
0.00464690
0.00473180
0.00491230
0.00409650
0.00462830
0.00486890
0.00425270
0.00487760
0.00467900
0.00519790
0.00483150
0.00619630
0.00458430
0.00554010
0.00611750
0.00492820
0.00501890
0.00498640
0.00485090
