0.32886070
0.00696930
0.00623170
0.00633700
0.00582780
0.00587400
0.00609620
0.00542350
0.00563360
0.00572870
0.00618370
0.00622550
0.00582430
0.00562310
0.00569610
0.00588950
0.00591850
0.00564020
0.26671660
0.32985930
0.30660730
0.34346590
0.30308360
0.42905000
0.37024260
0.39287640
0.01713180
0.01823830
0.01724870
0.01722440
0.01597410
0.01618100
0.01531040
0.01554070
0.01553710
0.01519330
0.00502700
0.00575690
0.00537410
0.00565310
0.00548620
0.00552560
0.00576000
0.00668040
0.00573950
0.00579410
0.00615890
0.00602410
0.00587020
0.00576140
0.00783160
0.00610150
0.00633210
0.00637220
0.00692370
0.00604890
0.00588030
0.00572980
0.00715450
0.00563830
0.00623530
0.00646860
0.00565100
0.00572740
0.00531180
0.00556760
0.00586360
0.00537800
0.00539890
0.00573130
0.00553950
0.00584630
0.00571110
0.00591910
0.00797600
0.00721470
0.00602190
0.00520960
0.00582400
0.00576470
0.00601450
0.00624890
0.00576810
0.00516370
0.00569190
0.00574390
0.00575540
0.00588050
0.00687190
0.00661270
0.00685330
0.00639160
0.00646830
0.00647650
0.00614250
0.00628570
0.00622250
0.00632530
0.00611330
0.00651690
0.00700160
0.00681300
0.00908770
0.00654330
0.00630440
0.00573690
0.00654110
0.00617090
0.00618720
0.00583630
0.00878930
0.00579170
0.00604370
0.00573790
0.00614880
0.00588230
0.00538500
0.00587080
0.00543140
0.00538010
