0.21898560
0.00652780
0.00610850
0.00576870
0.00568430
0.00594040
0.00585440
0.00573440
0.00575840
0.00600760
0.00594870
0.00603080
0.00588930
0.00581100
0.00572230
0.00582000
0.00585930
0.00597840
0.00569530
0.00623770
0.00623790
0.00603210
0.00621780
0.00630760
0.00549300
0.00584280
0.00594340
0.00576930
0.00569770
0.00579550
0.00586160
0.00564010
0.00587670
0.00594230
0.00603870
0.00590300
0.00583070
0.00570510
0.00589760
0.00579060
0.00588860
0.00574980
0.00624780
0.00568640
0.00557620
0.00599830
0.00562930
0.21415210
0.00550380
0.00553630
0.00531120
0.00589960
0.00525250
0.00558980
0.00541420
0.00517060
0.00527370
0.00555690
0.00549120
0.00525020
0.00498530
0.00475900
0.00517590
0.00561450
0.00537190
0.00535210
0.00535870
0.00545930
0.00550970
0.00593170
0.00577940
0.00506140
0.00531510
0.00544080
0.00529650
0.00506010
0.00494560
0.00500960
0.00494290
0.00519580
0.00528170
0.00493610
0.00515940
0.00519180
0.00510210
0.00527710
0.00553230
0.00529110
0.00537750
0.00515260
0.00538660
0.00520450
0.00494400
0.00511520
0.00521160
0.00503820
0.00539190
0.00516760
0.00492620
0.00482740
0.00524700
0.00512490
0.00483300
0.00532850
0.00478630
0.00517800
0.00491390
0.00472330
0.00536770
0.00493130
0.00457750
0.00477330
0.00483510
0.00505320
0.00466440
0.00520930
0.00493010
0.00504540
0.00513700
0.00482420
0.00460340
0.00508120
0.00473140
0.00502220
0.00528020
0.00502150
0.00512000
0.00466220
0.00493360
0.00538080
0.00468880
0.00479200
0.00485410
0.00446300
0.00574100
0.00498610
0.00538530
0.00485770
0.00532640
0.00460000
0.00507490
0.00436890
0.00473560
0.00485230
0.00512580
0.00478120
0.00509140
0.00491250
0.00495900
0.00503150
0.00490500
0.00465140
0.00454660
0.00492590
0.00500850
0.00509090
0.00485620
0.00477150
0.00479620
0.00504550
0.00486950
0.00455020
0.00479320
0.00504220
0.00489650
0.00483380
0.00500920
0.00510340
0.00488160
0.00499200
0.00458060
0.00507260
0.00465570
0.00496890
0.00525760
0.00452250
0.00471700
0.00511290
0.00489150
0.00435330
0.00436430
0.00439220
0.00479650
0.00485700
0.00485560
0.00457100
0.00459720
0.00483900
0.00470310
0.00510860
0.00494870
0.00510390
0.00490140
0.00470950
0.00469090
0.00482030
0.00520070
0.00488510
0.00469910
0.00466250
0.00494500
0.00483910
0.00441170
0.00437070
0.00458110
0.00480980
0.00448190
0.00431750
0.00447080
0.00473930
0.00453330
0.00458010
0.00444870
0.00437090
0.00461850
0.00455870
0.00496220
0.00472210
0.00472170
0.00463640
0.00435280
0.00447800
0.00496370
0.00454090
0.00472090
0.00454120
0.00477220
0.00477070
0.00454610
0.00461450
0.00461620
0.00465380
0.00453830
0.00458010
0.00510900
0.00443720
0.00452690
0.00462310
0.00464900
0.00468140
0.00450130
0.00461310
0.00454190
0.00464930
0.00429410
0.00478340
0.00463300
0.00449180
0.00446990
0.00467980
0.00449060
0.00449810
0.00434760
0.00458160
0.00471190
0.00458140
0.00490080
0.00473480
0.00483870
0.00472730
0.00452620
0.00469240
0.00451430
0.00469230
0.00435140
0.00416340
0.00469280
0.00440110
0.00434620
0.00461680
0.00432880
0.00459130
0.00434380
0.00464100
0.00441080
0.00462070
0.00449970
0.00411720
0.00477740
0.00422220
0.00487280
0.00415110
0.00415860
0.00420870
0.00428490
0.00457930
0.00439020
0.00461430
0.00468880
0.00450430
0.00436210
0.00426210
0.00465620
0.00415930
0.00460620
0.00466830
0.00437890
0.00449940
0.00455300
0.00454120
0.00476940
0.00495010
0.00452100
0.00444810
0.00438720
0.00468530
0.00460300
0.00440140
0.00478930
0.00447500
0.00417810
0.00411300
0.00413750
0.00476350
0.00456030
0.00462350
0.00427690
0.00455270
0.00451650
0.00443770
0.00442040
0.00441900
0.00441830
0.00427960
0.00492340
0.00436730
