0.21910460
0.00838780
0.00693700
0.00677890
0.00689290
0.00746010
0.00722260
0.00707070
0.00715780
0.00720710
0.00721670
0.00718240
0.00709520
0.00715770
0.00702310
0.00698510
0.00684400
0.00675380
0.00690460
0.00688210
0.00711410
0.00709430
0.00670070
0.00672310
0.00680560
0.00719820
0.00704930
0.00670530
0.00671730
0.00676530
0.00666640
0.00663430
0.00583000
0.00495540
0.00447560
0.00448600
0.00459460
0.00476130
0.00470800
0.00471230
0.00467230
0.00481940
0.00487240
0.00474710
0.00514930
0.00544120
0.00488420
0.00500950
0.00499780
0.00491120
0.00474220
0.00484770
0.00493330
0.00483060
0.00488770
0.00483770
0.00490400
0.00487920
0.00475060
0.00511710
0.00475760
0.00506260
0.00495830
0.00483840
0.00472870
0.00497680
0.00475990
0.00467780
0.00469040
0.00418110
0.00397790
0.00403050
0.00382010
0.00381080
0.00375650
0.00373220
0.00373060
0.00371910
0.00390410
0.00402560
0.00435670
0.00427710
0.00436870
0.00411420
0.00392470
0.00381470
0.00382640
0.00379410
0.00404210
0.00404570
0.00399070
0.00391610
0.00378360
0.00385380
0.00377280
0.00394440
0.00378520
0.00376560
0.00382070
0.00374120
0.00377550
0.00406390
0.00403210
0.00396480
0.00392150
0.00388680
0.00392870
0.00412060
0.00412990
0.00421340
0.00421190
0.00409070
0.00431180
0.00417760
0.00431440
0.00394780
0.00395590
0.00399670
0.00398200
0.00388970
0.00394850
0.00396480
0.00397310
0.00396980
0.00417640
0.00386210
0.00419490
0.00425310
0.00398450
0.00411260
0.00407300
0.00388720
0.00391350
0.00392670
0.00400970
0.00396400
0.00388220
0.00396100
0.00404800
0.00402110
0.00391710
0.00417120
0.00396280
0.00407090
0.00486880
0.00467700
0.00426440
0.00404140
0.00398690
0.00400290
0.00407060
0.00403850
0.00386770
0.00371590
0.00363450
0.00401080
0.00383250
0.00392530
0.00384690
0.00382330
0.00384830
0.00379650
0.00398590
0.00363170
0.00360800
0.00360160
0.00393770
0.00404130
0.00417600
0.00387830
0.00365080
0.00360570
0.00374860
0.00392440
0.00385060
0.00381230
0.00385890
0.00393830
0.00406120
0.00397740
0.00366160
0.00360140
0.00358490
0.00384640
0.00387720
0.00389790
0.00385360
0.00387840
0.00372410
0.00411870
0.00421620
0.00413470
0.00399850
0.00426870
0.00398430
0.00409020
0.00423980
0.00436170
0.00399990
0.00399480
0.00417770
0.00402270
0.00406320
0.00410650
0.00419760
0.00393390
0.00398460
0.00395910
0.00385540
0.00416400
0.00432380
0.00419480
0.00425490
0.00430400
0.00418470
0.00405220
0.00411030
0.00400080
0.00371970
0.00411190
0.00411480
0.00412000
0.00385230
0.00379390
0.00392130
