0.27551260
0.00725350
0.00648790
0.00657020
0.00662140
0.00649860
0.00655520
0.00700060
0.00725170
0.00713010
0.00724880
0.00764400
0.00727100
0.00700970
0.01107470
0.01263400
0.01312260
0.00961730
0.00867020
0.00862590
0.00838740
0.00854940
0.00753050
0.00964010
0.00724810
0.00572450
0.00634810
0.00607260
0.00602240
0.00605060
0.00554710
0.00583640
0.00615530
0.00561030
0.00552160
0.00536170
0.00526250
0.00494190
0.00548300
0.00534760
0.00524230
0.00541870
0.00551050
0.00557610
0.00431930
0.00445140
0.00439360
0.00416650
0.00463200
0.00491440
0.00529250
0.00456100
0.00446480
0.00433690
0.00457280
0.00466120
0.00425200
0.00454200
0.00453920
0.00890360
0.27046380
0.23460210
0.00478360
0.00431190
0.00477690
0.29644390
0.23155560
0.23300800
0.21693590
0.23800200
0.00552810
0.00465570
0.00485110
0.00562340
0.00483420
0.00438800
0.00422560
0.00603190
0.00559180
0.00547110
0.00513630
0.00532800
0.00567880
0.00503990
0.00536600
0.00500990
0.00535390
0.00544150
0.00520800
0.00522050
0.00552710
0.00537620
0.00474660
0.00505910
0.00459150
0.00472190
0.00465390
0.00463930
0.00469980
0.00428400
0.00455170
0.00442680
0.00410640
0.00396150
0.00460130
0.00450930
0.00560900
0.00524970
0.00541420
0.00493600
0.00496290
0.00477980
0.00480300
0.00463180
0.00535010
0.00471490
0.00470190
0.00545890
0.00437580
0.00430380
0.00462460
0.00441630
0.00436550
0.00438430
0.00416470
0.00425080
0.00497760
0.00451650
0.00429820
0.00475160
0.00470990
0.00447050
0.00479350
0.00417830
0.00451570
0.00535970
0.00918440
0.01217830
0.00814750
0.01023030
0.00648430
0.00758120
0.00727500
0.00670200
0.00690910
0.00739960
0.00648010
0.00485470
0.00434600
0.00493970
0.00483270
0.00458970
0.00504880
0.00466200
0.00455970
0.00517550
0.00472010
0.00463640
0.00502510
0.00480680
0.00482740
0.00524150
0.00470830
0.00475800
0.00449450
0.00456440
0.00452390
0.00458340
0.00529710
0.00490500
0.00437420
0.00429610
0.00472860
0.00429720
0.00446070
0.00421710
0.00417600
0.00451700
0.00408380
0.00459750
0.00453120
0.00433400
0.00451420
0.00507770
0.00444010
0.00457150
0.00462240
0.00413880
0.00430110
0.00486230
0.00519820
0.00449070
0.00444350
0.00474680
0.00451780
0.00461720
0.00456690
0.00424680
0.00410770
0.00451650
0.00444630
0.00467070
0.00433060
0.00463600
0.00450660
0.00458640
0.00478380
0.00459320
0.00449750
0.00403480
0.00469980
0.00470760
0.00435200
0.00468060
0.00442660
0.00444890
0.00439460
0.00447550
0.00483790
0.00490360
0.00518380
0.00560380
0.00498000
0.00494100
0.00496470
